MFEM mesh v1.0

#
# MFEM Geometry Types (see fem/geom.hpp):
#
# POINT       = 0
# SEGMENT     = 1
# TRIANGLE    = 2
# SQUARE      = 3
# TETRAHEDRON = 4
# CUBE        = 5
# PRISM       = 6
# PYRAMID     = 7
#

dimension
2

elements
256
1 3 23 0 24 64
1 3 64 24 8 25
1 3 25 8 26 65
1 3 65 26 3 27
1 3 27 3 28 66
1 3 66 28 9 29
1 3 29 9 30 67
1 3 67 30 1 31
1 3 0 32 68 24
1 3 32 10 33 68
1 3 68 33 19 34
1 3 24 68 34 8
1 3 10 35 69 33
1 3 35 4 36 69
1 3 69 36 11 37
1 3 33 69 37 19
1 3 19 37 70 40
1 3 37 11 38 70
1 3 70 38 7 39
1 3 40 70 39 12
1 3 8 34 71 26
1 3 34 19 40 71
1 3 71 40 12 41
1 3 26 71 41 3
1 3 4 42 72 36
1 3 42 13 43 72
1 3 72 43 20 44
1 3 36 72 44 11
1 3 46 73 45 14
1 3 11 44 74 38
1 3 44 20 46 74
1 3 74 46 14 47
1 3 38 74 47 7
1 3 7 47 75 50
1 3 47 14 48 75
1 3 75 48 21 49
1 3 50 75 49 17
1 3 14 45 76 48
1 3 45 5 51 76
1 3 76 51 15 52
1 3 48 76 52 21
1 3 21 52 77 55
1 3 52 15 53 77
1 3 77 53 2 54
1 3 55 77 54 16
1 3 17 49 78 57
1 3 49 21 55 78
1 3 78 55 16 56
1 3 57 78 56 6
1 3 3 41 79 28
1 3 41 12 58 79
1 3 79 58 22 59
1 3 28 79 59 9
1 3 12 39 80 58
1 3 39 7 50 80
1 3 80 50 17 60
1 3 58 80 60 22
1 3 22 60 81 62
1 3 60 17 57 81
1 3 81 57 6 61
1 3 62 81 61 18
1 3 9 59 82 30
1 3 59 22 62 82
1 3 82 62 18 63
1 3 30 82 63 1
1 3 13 100 136 43
1 3 100 83 101 136
1 3 136 101 87 102
1 3 43 136 102 20
1 3 20 102 73 46
1 3 102 87 103 73
1 3 73 103 5 45
1 3 83 104 137 101
1 3 104 88 105 137
1 3 137 105 96 106
1 3 101 137 106 87
1 3 88 107 138 105
1 3 107 84 108 138
1 3 138 108 89 109
1 3 105 138 109 96
1 3 96 109 139 112
1 3 109 89 110 139
1 3 139 110 86 111
1 3 112 139 111 90
1 3 87 106 140 103
1 3 106 96 112 140
1 3 140 112 90 113
1 3 103 140 113 5
1 3 84 114 141 108
1 3 114 91 115 141
1 3 141 115 97 116
1 3 108 141 116 89
1 3 91 117 142 115
1 3 115 142 118 97
1 3 97 118 143 120
1 3 120 143 119 92
1 3 89 116 144 110
1 3 116 97 120 144
1 3 144 120 92 121
1 3 110 144 121 86
1 3 86 121 145 124
1 3 121 92 122 145
1 3 145 122 98 123
1 3 124 145 123 94
1 3 92 119 146 122
1 3 122 146 125 98
1 3 98 125 147 127
1 3 127 147 126 93
1 3 94 123 148 129
1 3 123 98 127 148
1 3 148 127 93 128
1 3 129 148 128 85
1 3 5 113 149 51
1 3 113 90 130 149
1 3 149 130 99 131
1 3 51 149 131 15
1 3 90 111 150 130
1 3 111 86 124 150
1 3 150 124 94 132
1 3 130 150 132 99
1 3 99 132 151 134
1 3 132 94 129 151
1 3 151 129 85 133
1 3 134 151 133 95
1 3 15 131 152 53
1 3 131 99 134 152
1 3 152 134 95 135
1 3 53 152 135 2
1 3 174 158 175 212
1 3 212 175 169 176
1 3 158 177 213 175
1 3 177 154 178 213
1 3 213 178 159 179
1 3 175 213 179 169
1 3 169 179 214 182
1 3 179 159 180 214
1 3 214 180 157 181
1 3 182 214 181 160
1 3 176 169 182 215
1 3 215 182 160 183
1 3 184 215 183 156
1 3 154 185 216 178
1 3 185 161 186 216
1 3 216 186 170 187
1 3 178 216 187 159
1 3 161 23 64 186
1 3 186 64 25 170
1 3 170 25 65 188
1 3 188 65 27 162
1 3 159 187 217 180
1 3 187 170 188 217
1 3 217 188 162 189
1 3 180 217 189 157
1 3 157 189 218 192
1 3 189 162 190 218
1 3 218 190 171 191
1 3 192 218 191 164
1 3 162 27 66 190
1 3 190 66 29 171
1 3 171 29 67 193
1 3 193 67 31 163
1 3 164 191 219 195
1 3 191 171 193 219
1 3 219 193 163 194
1 3 195 219 194 155
1 3 156 183 220 198
1 3 183 160 196 220
1 3 220 196 172 197
1 3 198 220 197 166
1 3 160 181 221 196
1 3 181 157 192 221
1 3 221 192 164 199
1 3 196 221 199 172
1 3 172 199 222 201
1 3 199 164 195 222
1 3 222 195 155 200
1 3 201 222 200 165
1 3 166 197 223 203
1 3 197 172 201 223
1 3 223 201 165 202
1 3 203 223 202 153
1 3 205 167 206 224
1 3 224 206 173 207
1 3 167 204 225 206
1 3 204 156 198 225
1 3 225 198 166 208
1 3 206 225 208 173
1 3 173 208 226 210
1 3 208 166 203 226
1 3 226 203 153 209
1 3 210 226 209 168
1 3 207 173 210 227
1 3 227 210 168 211
1 3 228 174 212 247
1 3 247 212 176 235
1 3 235 176 215 184
1 3 117 229 248 142
1 3 142 248 236 118
1 3 118 236 249 143
1 3 143 249 231 119
1 3 119 231 250 146
1 3 146 250 237 125
1 3 125 237 251 147
1 3 147 251 230 126
1 3 229 252 276 248
1 3 252 238 253 276
1 3 276 253 244 254
1 3 248 276 254 236
1 3 238 255 277 253
1 3 255 232 256 277
1 3 277 256 239 257
1 3 253 277 257 244
1 3 244 257 278 260
1 3 257 239 258 278
1 3 278 258 234 259
1 3 260 278 259 240
1 3 236 254 279 249
1 3 254 244 260 279
1 3 279 260 240 261
1 3 249 279 261 231
1 3 232 262 280 256
1 3 262 241 263 280
1 3 280 263 245 264
1 3 256 280 264 239
1 3 241 265 281 263
1 3 265 228 247 281
1 3 281 247 235 266
1 3 263 281 266 245
1 3 245 266 282 267
1 3 266 235 184 282
1 3 282 184 156 204
1 3 267 282 204 167
1 3 239 264 283 258
1 3 264 245 267 283
1 3 283 267 167 205
1 3 258 283 205 234
1 3 234 205 224 268
1 3 268 224 207 242
1 3 242 207 227 269
1 3 269 227 211 233
1 3 231 261 284 250
1 3 261 240 270 284
1 3 284 270 246 271
1 3 250 284 271 237
1 3 240 259 285 270
1 3 259 234 268 285
1 3 285 268 242 272
1 3 270 285 272 246
1 3 246 272 286 274
1 3 272 242 269 286
1 3 286 269 233 273
1 3 274 286 273 243
1 3 237 271 287 251
1 3 271 246 274 287
1 3 287 274 243 275
1 3 251 287 275 230

boundary
64
2 1 23 0
1 1 0 32
1 1 32 10
1 1 10 35
1 1 35 4
1 1 4 42
1 1 42 13
4 1 1 31
4 1 2 54
4 1 54 16
4 1 16 56
4 1 56 6
4 1 6 61
4 1 61 18
4 1 18 63
4 1 63 1
1 1 13 100
1 1 100 83
2 1 83 104
2 1 104 88
2 1 88 107
2 1 107 84
2 1 84 114
2 1 114 91
2 1 91 117
4 1 126 93
4 1 93 128
4 1 128 85
4 1 85 133
4 1 133 95
4 1 95 135
4 1 135 2
2 1 174 158
2 1 158 177
2 1 177 154
2 1 154 185
2 1 185 161
2 1 161 23
4 1 31 163
4 1 163 194
4 1 194 155
4 1 155 200
4 1 200 165
4 1 165 202
4 1 202 153
4 1 153 209
4 1 209 168
4 1 168 211
2 1 228 174
2 1 117 229
1 1 229 252
1 1 252 238
1 1 238 255
1 1 255 232
1 1 232 262
1 1 262 241
1 1 241 265
1 1 265 228
4 1 230 126
4 1 211 233
4 1 233 273
4 1 273 243
4 1 243 275
4 1 275 230

vertices
288

nodes
FiniteElementSpace
FiniteElementCollection: H1_2D_P2
VDim: 2
Ordering: 0

1
0.64142381
0.6414195
0.83641247
1
0.83536234
0.7
0.86546699
0.92131759
0.7553849
1
0.93660521
0.85796197
1
0.85793944
0.74205382
0.68535489
0.78660711
0.68519258
0.93278189
0.93278375
0.77546751
0.77555776
0.87675619
0.96177761
0.81632057
0.87961291
0.76545461
0.79086695
0.73998342
0.72092961
0.62967305
1
0.96735054
0.92801105
1
0.96926754
0.93564547
0.90200248
0.86359075
0.89632809
0.84867485
1
0.9673456
0.93564759
0.84852919
0.89631754
0.86358627
0.81765783
0.78381989
0.82700143
0.78962185
0.76154386
0.69264085
0.66705177
0.73136291
0.69633704
0.74427465
0.8176485
0.76280972
0.78383014
0.69636128
0.73157123
0.66779352
0.84789096
0.78702127
0.75087475
0.7112119
0.96497945
0.96878785
0.90058276
0.88926197
0.96878361
0.88921205
0.90058115
0.82466676
0.80597468
0.71523965
0.74104676
0.80600708
0.82466275
0.74107192
0.71940119
1
0.50000473
0.49996956
0.50000117
0.92134019
0.74999891
0.50000148
0.66768151
0.24999423
0.33232499
0.42889626
0.50000154
0.57070577
0.71067176
0.28932755
0.3790012
0.62102524
1
0.96158378
0.92801805
0.8792682
0.87500196
0.73079161
0.81600651
0.62500404
0.50000171
0.60533784
0.50000093
0.58384432
0.68963751
0.75152082
0.37500267
0.26920752
0.39466572
0.12499306
0.18399191
0.24849652
0.31036906
0.4161595
0.35518472
0.43949716
0.50000064
0.31896933
0.39513166
0.40374783
0.4647531
0.49999811
0.6448108
0.6815403
0.56051328
0.53536802
0.59632731
0.60607011
0.96494721
0.84618957
0.61539957
0.59481984
0.78445071
0.38460622
0.15381109
0.21556043
0.40518328
0.4275939
0.28278395
0.359286
0.45187081
0.71721687
0.57240922
0.54816435
0.64449562
0.35857816
0.7075935
0.54185052
0.28768745
0.70514129
0.62301818
0.70401545
0.65249353
0.76585314
0.7432136
0.60674831
0.70777725
0.45833011
0.3116404
0.20605621
0.30262145
0.62065603
0.75373344
0.72906048
0.63030601
0.27517489
0.54949523
0.62993169
0.52897271
0.6734957
0.70716376
0.66975914
0.70281044
0.68153665
0.63137817
0.57286684
0.27312453
0.73773935
0.75970015
0.73257796
0.74850342
0.72585094
0.73713717
0.71797578
0.70640746
0.70120999
0.5741705
0.66181011
0.66825916
0.51272333
0.30008885
0.68620601
0.49631405
0.54560266
0.41750295
0.32488191
0.20964324
0.18106638
0.25487934
0.28805329
0.23295415
0.31834268
0.26418012
0.29710068
0.52871943
0.67264483
0.67139268
0.56447483
0.73613176
0.72848837
0.72309292
0.68697025
0.55340557
0.68967294
0.61466365
0.45776149
0.22613857
0.22442485
0.25652983
0.29195636
6.7692834e-08
6.4723757e-12
0.35858105
0.16478872
2.4090704e-09
0.30000114
0.16430746
0.25469577
0.078666568
0.26054084
2.4145076e-10
0.088693113
0.15001541
7.9433224e-09
0.26251957
0.32957209
0.070771093
0.12197463
0.24353677
0.22701039
0.038433276
0.12080691
0.21057316
0.32054859
4.8597225e-11
0.034703794
0.072208684
8.9857325e-10
0.045085092
0.076863921
0.12734845
0.15360235
0.10901262
0.15297357
6.7689299e-09
0.064052479
0.10398718
8.173326e-08
0.1341789
0.16411877
0.20591861
0.31780973
0.19486941
0.24890124
0.24693885
0.31169955
0.31911855
0.34761814
0.035338321
0.03844481
0.11480592
0.11126567
0.055579127
0.09067365
0.17655284
0.14541468
0.19836217
0.19726359
0.3220539
0.31917408
0.93724519
0.98134915
0.90373195
0.8628284
0.94179262
0.86875063
0.83222664
0.90056665
0.83170702
0.80091107
0.85834768
0.79414974
0.77523711
0.81319447
0.76445276
0.75727187
0.7715835
0.74559342
0.74527086
0.74013429
0.71541163
0.73016361
0.68857498
0.6355546
0.67390742
1
0.98276226
0.9633561
1
0.9839175
0.96625926
0.95030706
0.93063562
0.94672868
0.92492262
1
0.98463139
0.96818547
1
0.98487534
0.96914157
0.95316724
0.93635563
0.95245465
0.93445267
0.91834717
0.89879371
0.91478334
0.91953477
0.90163922
0.88397113
0.86499032
0.88231851
0.86122175
0.87738134
0.90884825
0.88455753
0.89310727
0.85368497
0.86922802
0.84233463
1
0.98463419
0.96914556
1
0.98390794
0.96818568
0.95030368
0.9344521
0.9524516
0.93635393
0.89311332
0.86910156
0.85370154
0.87736018
0.91834705
0.90163697
0.91478333
0.89879789
0.86122588
0.8823175
0.86499019
0.84436034
0.82641012
0.84647176
0.83803028
0.82173581
0.79679049
0.78032993
0.80447082
0.78589627
0.8070372
0.82748364
0.81239293
0.84241067
0.81271297
0.79837718
0.76606412
0.75248873
0.78398962
0.7691919
0.73861921
0.72410236
0.75364848
0.71757723
0.70474218
0.66726155
0.65514711
0.69137702
0.67711944
0.70859746
0.76266553
0.74345114
0.76567792
0.73700551
0.69176068
0.71892811
0.69908574
0.72238409
0.82754928
0.79859232
0.83804298
0.81240463
0.79684355
0.76921591
0.78431595
0.75839075
0.84435819
0.82174006
0.82640996
0.7858963
0.80448604
0.78032038
0.76270403
0.73697903
0.75387351
0.7434578
0.69908885
0.71896925
0.69171815
0.70883835
0.74203939
0.71854188
0.72452338
0.6773257
0.69404808
0.65558818
1
0.98270511
0.96626388
1
0.98102222
0.96338316
0.94168953
0.92491395
0.94671239
0.93063448
0.90884348
0.90052772
0.88458925
0.85753359
0.93749575
0.86076577
0.90388247
0.81250243
0.74051091
0.78849358
0.72084904
0.76333712
0.8312691
0.86866876
0.68749861
0.62025505
0.67309181
0.56249732
0.50000007
0.5576972
0.49999983
0.55266703
0.61042309
0.65799931
0.60013109
0.64221988
0.70026087
0.49999942
0.54740708
0.50000133
0.54191576
0.58938249
0.62575644
0.67876595
0.80039514
0.83185336
0.73703622
0.70959505
0.76815182
0.79343365
0.43749795
0.37974253
0.4423011
0.3124993
0.25949057
0.32690422
0.27915724
0.34199868
0.38957815
0.44733151
0.18750652
0.13924311
0.21151111
0.16873606
0.23666556
0.19961059
0.26295958
0.29973797
0.23186414
0.29040162
0.32123392
0.39986766
0.45259196
0.35777798
0.37424091
0.41061756
0.45808308
0.42182371
0.46380142
0.49999993
0.3436439
0.39139149
0.36699405
0.40922105
0.43348917
0.46974559
0.50000099
0.26547741
0.3189988
0.30058897
0.34874545
0.33878773
0.38020392
0.39129898
0.37824948
0.41201334
0.41662203
0.44561859
0.47592117
0.50000266
0.42772765
0.44682469
0.45820014
0.48236142
0.50001301
0.73453354
0.75341364
0.65635719
0.68100945
0.63302981
0.65127782
0.69954454
0.71179315
0.57817695
0.60860629
0.53619788
0.53025287
0.5665139
0.59077118
0.55439412
0.57224414
0.6087881
0.52408069
0.51766877
0.5418165
0.55303643
0.58363075
0.66318539
0.66856467
0.6204045
0.58839016
0.62545069
0.62373906
0.59580157
0.62769332
0.59423071
0.55638158
0.62309216
0.58283731
0.51773046
0.65302157
0.67356509
0.65249337
0.69134846
0.70764608
0.69098417
0.70566548
0.68771538
0.67076031
0.64855646
0.6693146
0.65331037
0.62372598
0.70298706
0.68773971
0.70360318
0.69360707
0.67623267
0.66783666
0.64223094
0.60804748
0.54801239
0.63031487
0.57258494
0.44959075
0.4581273
0.28108548
0.72375425
0.73687947
0.7224464
0.75072316
0.76292301
0.74814945
0.75658486
0.74378402
0.73456903
0.71915958
0.81135692
0.79060459
0.77333917
0.76081757
0.75105362
0.75187879
0.74590887
0.73048838
0.71627551
0.73915766
0.73478725
0.72695065
0.71564942
0.72452107
0.71511626
0.70658361
0.74022798
0.73012441
0.73366445
0.72317647
0.72065194
0.71309605
0.7068546
0.74366983
0.73454785
0.7064034
0.7227258
0.61821024
0.65840729
0.71244821
0.67606701
0.69321915
0.69484467
0.59046671
0.64021852
0.5579954
0.61507045
0.56681342
0.44701265
0.29483581
0.66258231
0.62990699
0.65371847
0.57632535
0.53564506
0.4203832
0.30683393
0.68512908
0.68235513
0.69716125
0.69955433
0.69311671
0.66312428
0.65434653
0.58333436
0.58911306
0.64131494
0.51910994
0.5702523
0.47729134
0.50488718
0.48582017
0.39354905
0.31825991
0.50194524
0.4379256
0.42877354
0.38813462
0.33591375
0.19340547
0.23019987
0.24349372
0.20112738
0.27167223
0.28861216
0.2581023
0.22042501
0.21915437
0.2506744
0.20158271
0.22359559
0.25063316
0.22828488
0.25297928
0.24216195
0.25687791
0.26796779
0.2829153
0.33626973
0.28090811
0.3092725
0.27216462
0.27647363
0.29959337
0.29881899
0.28413639
0.29588684
0.35538563
0.14549924
0.42094453
0.2433617
0.26448472
0.062502839
0.019024108
0.096113002
0.058325261
0.13133141
0.099503856
0.16814351
0.14260302
0.20657225
0.18741426
0.24667015
0.23485927
0.29016531
0.28998858
0.34071101
0.35439076
0.37685992
-2.41284e-12
0.017601537
0.036618075
-4.5968028e-11
0.017316759
0.033566263
0.052501297
0.06978899
0.053537712
0.075106786
1.5367828e-10
0.01929446
0.034451488
9.6014412e-10
0.022430005
0.040727849
0.067400569
0.081572388
0.057645407
0.071750845
0.095897712
0.11014224
0.089638233
0.10852938
0.11952671
0.1456748
0.15734476
0.13377946
0.15025546
0.12903573
0.091467229
0.11537478
0.10850764
0.15024921
0.13175933
0.15757946
2.713927e-09
0.029038539
0.051242175
3.9532252e-09
0.028414628
0.060936516
0.096917212
0.11504465
0.080419279
0.096954672
2.2423244e-08
0.049659876
0.078106834
8.8885538e-08
0.16006817
0.16590399
0.1133757
0.13073536
0.15530628
0.17680887
0.14327729
0.18197848
0.19575516
0.18403393
0.12607023
0.13616746
0.15630428
0.16310131
0.17188977
0.21375739
0.18442896
0.27678236
0.23106811
0.3068315
0.29964302
0.29710617
0.30506764
0.17519635
0.20289396
0.17204327
0.19550013
0.21873717
0.24473114
0.22262417
0.25411821
0.17479261
0.19489641
0.20025851
0.2523079
0.22053478
0.24391903
0.28263198
0.32043789
0.27625741
0.32189082
0.30509033
0.32326646
0.31986682
0.33655818
0.28012206
0.32046638
0.31842008
0.33832318
0.34520189
0.35341076
0.92067257
0.88644905
0.85049644
0.81249147
0.77795499
0.75416735
0.7342886
0.68153266
0.98187982
0.98336031
0.94868478
0.94437174
0.98433348
0.984815
0.95299501
0.9515562
0.91686741
0.91924251
0.88355865
0.88025433
0.9049828
0.91211396
0.87362614
0.86364196
0.98481184
0.98433345
0.95155779
0.9529969
0.87364575
0.91924352
0.91686624
0.88025585
0.88355812
0.84594235
0.84172673
0.80127974
0.8064007
0.83328567
0.82062597
0.77566613
0.79103223
0.74688758
0.72885049
0.6801791
0.70084625
0.76492342
0.75890834
0.71462574
0.72151322
0.82058887
0.83327353
0.79099927
0.7775662
0.84172612
0.8459446
0.80639692
0.80126889
0.75888031
0.76491449
0.72150231
0.71459984
0.73921242
0.74712527
0.70099287
0.68877276
0.98337003
0.98192564
0.94438381
0.94868651
0.91211492
0.90498524
0.863734
0.92089453
0.80063728
0.77605332
0.88648147
0.6803836
0.56012724
0.55521122
0.66563358
0.65020084
0.55006514
0.54469207
0.6340787
0.85046357
0.75033244
0.72346183
0.81284626
0.43987269
0.31961894
0.33436485
0.44478894
0.19935875
0.22394213
0.24966789
0.27653721
0.44993542
0.34979992
0.36592245
0.45530665
0.46090823
0.38273162
0.40022465
0.46673926
0.30455154
0.33369262
0.36425926
0.39582306
0.47279933
0.4183993
0.43727402
0.47908233
0.7736277
0.69544816
0.66629078
0.73280521
0.61726774
0.53909181
0.53325984
0.59977303
0.58159216
0.52719786
0.5209051
0.56272598
0.6903791
0.63598821
0.6045407
0.64635453
0.59963556
0.58284512
0.65330856
0.69156376
0.68923612
0.6494914
0.64891457
0.68687064
0.6901885
0.66093428
0.59448654
0.62128072
0.45739511
0.72322156
0.74970058
0.74610268
0.7210549
0.80077264
0.78145008
0.76647658
0.75610444
0.71756252
0.74158415
0.73692554
0.71568053
0.7157276
0.73256797
0.72738231
0.71349174
0.74778823
0.73949562
0.72666689
0.66575675
0.70454933
0.71824551
0.64925132
0.62850888
0.45491376
0.63425293
0.60767495
0.43496677
0.67498583
0.69604003
0.7006576
0.67846141
0.62534779
0.67637486
0.5947905
0.53983261
0.40504751
0.53937337
0.46978763
0.38289301
0.21599056
0.27250169
0.23797406
0.21209218
0.23619396
0.25454232
0.25179889
0.26652817
0.30673981
0.27177101
0.28552435
0.2763008
0.37234218
0.39440214
0.43794478
0.079101035
0.11351877
0.14953093
0.1871447
0.22636748
0.26757637
0.31417225
0.3648013
0.018046401
0.016362346
0.051376051
0.055628607
0.016894177
0.020103306
0.061441025
0.05289758
0.090789105
0.10077227
0.1381888
0.12971833
0.095017409
0.088808758
0.12892904
0.13618582
0.026133582
0.029869123
0.090246253
0.074818236
0.042791413
0.088397352
0.16156389
0.10769526
0.15303839
0.17305927
0.1910201
0.19931884
0.11750837
0.13696513
0.17436471
0.15390865
0.19140012
0.24240292
0.30429026
0.29476577
0.17974429
0.1724578
0.21951832
0.22722927
0.17200852
0.17800904
0.22384909
0.21862247
0.27757327
0.29052186
0.31471846
0.33048787
0.2839217
0.27704717
0.3416608
0.34891959
6.6050016e-12
0.35858117
0.64142322
0.16479362
0.50000336
0.83535422
0.49997157
0.50000085
0.078670488
0.2605436
0.24999631
0.50000057
0.33232905
0.74999585
0.66767611
0.74204792
0.57071166
0.50000114
0.42889637
0.28933078
0.71066736
0.62102135
0.37900397
4.8546756e-11
0.03843553
0.07221099
0.12081174
0.15297694
0.21057733
0.24890323
0.32054888
0.34761794
0.12499527
0.2692101
0.18399614
0.37500306
0.50000075
0.3946671
0.50000023
0.41616155
0.31037283
0.24850173
0.62500146
0.73078795
0.60533494
0.75151398
0.68963251
0.58384114
0.64480555
0.56051084
0.50000024
0.78961427
0.68153483
0.69263808
0.60606265
0.59632594
0.53536407
0.49999838
0.35518851
0.31897191
0.43949874
0.46475302
0.40374927
0.39513152
0.035339523
0.11126825
0.19836622
0.31917359
0.15381417
0.3846071
0.40518507
0.21556559
0.61539706
0.78444408
0.59481668
0.57240616
0.71721029
0.64449128
0.54816239
0.28278825
0.42759591
0.45187182
0.35928689
1
1
0.7
0.8654569
0.92133388
1
0.93659834
0.85792954
1
0.85795313
0.68519254
0.786599
0.68535742
0.93277665
0.93277535
0.77555161
0.77546019
0.87499971
0.96158005
0.81600091
0.87926041
1
0.96734182
0.92801108
1
0.96926404
0.93564062
0.90199333
0.86357609
0.89630833
0.8485202
1
0.96734688
0.93563857
1
0.9280056
0.84866809
0.89631992
0.86358104
0.81764019
0.78382262
0.82699139
0.76280632
0.6677936
0.73156804
0.6963613
0.74427024
0.81764864
0.76153692
0.78381189
0.6963362
0.73135888
0.66704681
0.84618555
0.96494334
0.96877992
0.90057196
0.88920349
0.96878416
0.96497634
0.88925534
0.90057381
0.82465323
0.80600139
0.71939974
0.74106785
0.80596627
0.82465689
0.74104214
0.71523499
0.35857419
2.4089941e-09
0.30000114
0.28770688
0.16430018
7.9433255e-09
0.088695617
0.20598483
2.4140799e-10
0.15001944
0.32957211
0.26251754
0.30261728
0.31160012
0.65246173
0.45832029
0.12196147
0.07077144
0.24353952
0.27518118
0.63031167
8.1726509e-08
0.06404374
0.13415899
6.7688918e-09
0.045084223
0.10398599
0.12735904
0.18106462
0.16411751
0.20959623
0.27336987
8.9852959e-10
0.034703489
0.076865507
0.10900731
0.15360548
0.19487306
0.24693659
0.20591844
0.31911744
0.31169971
0.31780853
0.25489662
0.23295742
0.30012724
0.28804608
0.29710126
0.26415469
0.31830919
0.32487362
0.57299652
0.68153532
0.66832185
0.68621048
0.51270613
0.41744852
0.54559392
0.49631678
0.090672056
0.055580049
0.14541547
0.17665859
0.038444488
0.11480669
0.19726003
0.32205183
0.22440961
0.22614372
0.29196001
0.25649827
0.68969333
0.55349642
0.45779744
0.61466145
6.7695277e-08
1
0.64142369
0.8364086
0.70759335
0.5418478
0.70514438
0.25466649
0.92131378
0.75538356
0.7658529
0.70401077
0.74320798
0.62300989
0.70777527
0.60674824
0.75373374
0.62064362
0.72905794
0.22699791
0.96177526
0.87960868
0.79086417
0.72092976
0.87675549
0.75969999
0.81631925
0.73773879
0.70716403
0.73258387
0.7028207
0.72584205
0.74850434
0.76545165
0.67349343
0.62992175
0.66975675
0.54949656
0.5290054
0.63138255
0.70641737
0.66180816
0.73713978
0.73998318
0.71797002
0.57416971
0.70121098
0.62967337
0.84788973
0.7361298
0.72848725
0.78702009
0.67264209
0.52870972
0.56423363
0.67139827
0.75087516
0.72309721
0.68697088
0.71121299
-2.4765982e-12
0.019023392
0.036617062
0.017601214
0.058323703
0.075105079
0.053536732
0.099501523
0.11537278
0.09146602
0.14260051
0.15757743
0.13175756
0.18741201
0.2028931
0.17519718
0.23485763
0.25411769
0.22262354
0.28998785
0.32046532
0.28012223
0.35438972
0.35341064
0.34520091
0.062501973
0.1392418
0.09611155
0.18750514
0.25948944
0.21150944
0.27915577
0.23666356
0.16873426
0.13132914
0.31249859
0.37974219
0.3269033
0.43749826
0.50000056
0.44230114
0.50000028
0.44733137
0.3895776
0.34199744
0.39986683
0.35777652
0.29973623
0.49999988
0.45259163
0.50000154
0.45808266
0.41061661
0.37423928
0.32123189
0.19960818
0.16814062
0.26295726
0.2903992
0.23186141
0.20656945
0.56249838
0.62025626
0.55769811
0.68750012
0.74051264
0.6730934
0.72085095
0.65800117
0.61042435
0.55266808
0.7370391
0.76815523
0.709598
0.67876849
0.60013274
0.54740811
0.70026336
0.642222
0.62575888
0.58938399
0.5419165
0.57817865
0.53619865
0.50000006
0.65636003
0.60860857
0.63303225
0.5907728
0.56651526
0.53025362
0.50000126
0.734537
0.68101244
0.79343755
0.81271699
0.75341722
0.76606767
0.71179621
0.69954765
0.65128017
0.66318773
0.62040514
0.60878958
0.71757959
0.66856791
0.66726195
0.62374871
0.62545269
0.588385
0.58363061
0.55439521
0.52408106
0.50000278
0.57224529
0.5530385
0.54181739
0.5176677
0.50001266
0.26547494
0.24666796
0.34364188
0.31899668
0.36699229
0.34874397
0.30058713
0.2901641
0.42182258
0.39138984
0.46380106
0.46974529
0.43348829
0.4092198
0.44561792
0.42772713
0.39129795
0.47592083
0.48236234
0.45819978
0.44682464
0.41662159
0.33878667
0.34071013
0.38020298
0.41201333
0.37824883
0.37685985
0.81250397
0.86076739
0.78849564
0.93749646
0.98102333
0.90388442
0.94169214
0.86867181
0.83127149
0.76333968
0.80039837
0.90053144
0.83185713
0.85753768
1
0.98270613
0.96338513
1
0.98390888
0.96626579
0.95030653
0.93063809
0.94671526
0.92491731
1
0.98463511
0.96818758
1
0.9848762
0.96914734
0.9531699
0.9363574
0.95245439
0.93445559
0.91835124
0.89880249
0.91478759
0.91953898
0.90164156
0.88397608
0.86499538
0.8823225
0.86123088
0.87736509
0.90884758
0.8845932
0.89311795
0.85370645
0.86910605
0.84241476
1
0.98463235
0.9691433
1
0.98391848
0.96818743
0.95030977
0.93445615
0.95245739
0.93635906
1
0.98276311
0.966261
0.94673095
0.93063869
0.90885146
0.89311111
0.91478718
0.86923145
0.85368905
0.8773857
0.91835132
0.90164382
0.89879807
0.86122654
0.88232327
0.86499523
0.84436317
0.82641494
0.84647687
0.83804748
0.82174463
0.79684735
0.78032392
0.80449058
0.78590029
0.80704213
0.8275526
0.81240837
0.78431836
0.7692185
0.74204102
0.72452473
0.75387592
0.69404868
0.67732571
0.70883919
0.76270698
0.74345999
0.7656811
0.7369809
0.69171817
0.71897042
0.69908876
0.72238533
0.82748809
0.79838124
0.8380353
0.8123973
0.79679465
0.76919535
0.78399362
0.7524922
0.84436552
0.82174063
0.82641518
0.78590039
0.80447548
0.78033382
0.7626689
0.73700791
0.75365163
0.74345332
0.69908563
0.71892941
0.69176131
0.70859838
0.73862213
0.70474507
0.72410405
0.6771168
0.69137872
0.65515406
2.2420757e-08
0.028410771
0.07808407
0.049649245
0.096902906
0.13069657
0.11338695
3.9530959e-09
0.029038315
0.060934079
2.7138584e-09
0.022429977
0.05124264
0.067401128
0.096956188
0.080419012
0.11504198
0.1260672
0.15630913
0.14326301
0.10853255
0.13616974
0.14567157
0.17189185
0.16310266
0.19339734
0.18401788
0.1768368
0.15529113
0.2204003
0.19576084
0.18193044
0.20161563
0.28119419
9.6019233e-10
0.019294129
0.040728271
1.5369846e-10
0.017316725
0.034451497
0.052500131
0.071751478
0.057646419
0.081572967
-4.5918137e-11
0.033565837
0.069787933
0.10850502
0.089637983
0.15024942
0.12902822
0.095893641
0.11953806
0.11014047
0.15025475
0.13378293
0.15734049
0.17479576
0.20025558
0.18442497
0.17204987
0.19489662
0.21873422
0.24391765
0.2205311
0.25230586
0.23106493
0.19550303
0.24473146
0.31841863
0.27625775
0.33832311
0.33655721
0.28263267
0.32188902
0.2996426
0.32043571
0.31986693
0.32326563
0.30509051
0.30506795
0.21913516
0.22358769
0.29482641
0.23025464
0.25065697
0.27165027
0.25297466
0.22828139
0.25062793
0.30679138
0.20113101
0.24350714
0.21376111
0.27677733
0.25810909
0.28860375
0.29958945
0.27647061
0.26797082
0.30683169
0.29710619
0.28414233
0.29881752
0.27212752
0.24215326
0.28290311
0.31827545
0.25682824
0.30925824
0.28086521
0.33623973
0.33593858
0.66782481
0.66258347
0.68238256
0.68514011
0.65370451
0.66312482
0.69313205
0.63025944
0.56680034
0.62994595
0.45815133
0.44700819
0.42041646
0.53562837
0.57636584
0.48586844
0.5019488
0.58911705
0.39356643
0.38809318
0.42874021
0.43789811
0.50491361
0.58333726
0.65434396
0.47728657
0.57026081
8.8889116e-08
0.16011741
0.14549569
0.16600515
0.24338023
0.26457913
1
0.98134979
0.96335753
0.9417943
0.92492508
0.9005688
0.88456041
0.85834963
0.84233738
0.81319637
0.79859437
0.77158439
0.75839208
0.74013518
0.71854295
0.6885758
0.65558823
0.93724568
0.8628289
0.903733
0.81135715
0.76292318
0.79060462
0.75658416
0.773339
0.83222735
0.86875203
0.75072304
0.73688004
0.74815018
0.72375428
0.70764586
0.72244557
0.70566623
0.71916209
0.73456883
0.74378725
0.73048827
0.73916088
0.75105334
0.70298087
0.71628062
0.70360741
0.71564682
0.72695508
0.73478209
0.74590099
0.80091164
0.83170842
0.76081677
0.75187204
0.77523612
0.79415018
0.69134789
0.67356238
0.69098386
0.65301683
0.62768596
0.65248701
0.62308025
0.64855303
0.6707564
0.687711
0.59579606
0.55638247
0.59422011
0.29589271
0.35537467
0.42098012
0.51772536
0.5827718
0.54780562
0.60798883
0.62371519
0.44948884
0.5727341
0.64224117
0.66931475
0.68774985
0.65331565
0.67623308
0.69360765
0.69717684
0.70658872
0.69955558
0.70685973
0.64130949
0.69322525
0.51911008
0.61506482
0.75727002
0.76445296
0.74022512
0.74366968
0.7336668
0.73454625
0.74527099
0.7455931
0.72452436
0.73012816
0.71512274
0.71309198
0.72065463
0.72317172
0.71244862
0.69484505
0.72272532
0.67606732
0.55799368
0.64021846
0.59046635
0.65840825
0.73016364
0.7154125
0.70640418
0.61821039
0.67390786
0.63555476
0.018046708
0.055629326
0.095018374
0.13618684
0.1797457
0.22723036
0.28392239
0.34891872
0.079101633
0.19935948
0.22394308
0.11351963
0.31961934
0.43987263
0.44478896
0.33436538
0.34980062
0.44993556
0.45530684
0.36592321
0.14953233
0.24966894
0.27653848
0.18714619
0.56012681
0.68038282
0.66563278
0.55521076
0.72346039
0.55006455
0.65019979
0.6340776
0.54469167
0.53909142
0.61726642
0.59977204
0.53325948
0.69544664
0.77362576
0.73280357
0.66628932
0.6359873
0.69037771
0.64635263
0.604541
0.52719746
0.58159153
0.56272546
0.52090512
0.2263688
0.30455268
0.33369357
0.26757732
0.3827325
0.46090848
0.46673934
0.40022545
0.41839971
0.47279957
0.47908243
0.43727417
0.3141724
0.36425979
0.39582321
0.36480079
0.80063632
0.92089387
0.88648019
0.77605221
0.75033099
0.85046178
0.81284429
0.98192509
0.98336957
0.94868505
0.9443824
0.98433296
0.98481142
0.95299552
0.95155638
0.91686413
0.91924145
0.88355558
0.8802534
0.9049833
0.91211276
0.87364328
0.86373198
0.98481455
0.98433298
0.95155475
0.95299373
0.98335983
0.94868352
0.91211214
0.87362409
0.91924037
0.91686538
0.880252
0.88355623
0.84594207
0.84172364
0.80126679
0.80639446
0.83327151
0.79099757
0.74712437
0.70099262
0.76491294
0.7588789
0.71459932
0.72150167
0.82062393
0.83328324
0.79103025
0.77566411
0.84172413
0.84593975
0.80639821
0.80127756
0.7589066
0.76492178
0.72151265
0.71462505
0.72884901
0.74688615
0.70084596
0.68017776
0.042779688
0.1076619
0.029867517
0.026133387
0.074820366
0.090243651
0.13696613
0.11750577
0.15391155
0.17435837
0.15302165
0.19935995
0.19101017
0.02010356
0.01689399
0.052898187
0.061438975
0.016362409
0.051376334
0.088809077
0.1289262
0.10077962
0.090786267
0.12970876
0.13819524
0.17800433
0.17201529
0.21861985
0.22384557
0.17246298
0.21951794
0.27704823
0.34165978
0.29052195
0.27757433
0.33048697
0.31471821
0.21211634
0.23793471
0.25453878
0.23620721
0.21600953
0.19140244
0.24240142
0.27250049
0.28552738
0.3042864
0.29476802
0.27627956
0.26648544
0.25178217
0.27172382
0.30674017
0.67499659
0.67847329
0.6343134
0.45493261
0.43502063
0.60772471
0.53937874
0.4050644
0.38289815
0.46977448
0.6253455
0.53981206
0.088425801
0.16162054
0.17310099
0.98187942
0.9443707
0.90498136
0.86364054
0.82058754
0.77756546
0.73921256
0.68877299
0.9206722
0.80077251
0.7814499
0.8864484
0.7497006
0.72322151
0.72105579
0.74610138
0.7415844
0.71756069
0.71568514
0.73691947
0.85049569
0.76647614
0.75609864
0.81249085
0.6915631
0.65330304
0.64948608
0.6892337
0.59962947
0.3723397
0.39439129
0.58281596
0.59443125
0.4379135
0.45737942
0.62130662
0.68686743
0.6489135
0.66093065
0.69019296
0.69604765
0.7006669
0.67637807
0.59478746
0.7779536
0.74778706
0.73949714
0.75416731
0.73256684
0.71573279
0.71349445
0.72738439
0.71824549
0.7045512
0.62850459
0.64925155
0.73428906
0.72666686
0.66575688
0.68153312
