MFEM mesh v1.0

#
# MFEM Geometry Types (see fem/geom.hpp):
#
# POINT       = 0
# SEGMENT     = 1
# TRIANGLE    = 2
# SQUARE      = 3
# TETRAHEDRON = 4
# CUBE        = 5
# PRISM       = 6
# PYRAMID     = 7
#

dimension
2

elements
128
1 3 0 13 35 16
1 3 13 5 14 35
1 3 35 14 11 15
1 3 16 35 15 7
1 3 5 17 36 14
1 3 17 1 18 36
1 3 36 18 6 19
1 3 14 36 19 11
1 3 11 19 37 21
1 3 19 6 20 37
1 3 7 15 38 22
1 3 15 11 21 38
1 3 1 23 39 18
1 3 23 8 24 39
1 3 39 24 12 25
1 3 18 39 25 6
1 3 8 26 40 24
1 3 26 2 27 40
1 3 40 27 9 28
1 3 24 40 28 12
1 3 12 28 41 31
1 3 28 9 29 41
1 3 41 29 4 30
1 3 31 41 30 10
1 3 6 25 42 20
1 3 25 12 31 42
1 3 42 31 10 32
1 3 20 42 32 3
1 3 2 33 43 27
1 3 27 43 34 9
1 3 9 34 44 29
1 3 57 49 58 77
1 3 49 59 78 58
1 3 59 48 60 78
1 3 4 61 79 64
1 3 61 50 62 79
1 3 79 62 55 63
1 3 64 79 63 52
1 3 50 65 80 62
1 3 65 46 66 80
1 3 80 66 51 67
1 3 62 80 67 55
1 3 55 67 81 69
1 3 67 51 68 81
1 3 81 68 48 59
1 3 69 81 59 49
1 3 52 63 82 70
1 3 63 55 69 82
1 3 82 69 49 57
1 3 70 82 57 47
1 3 33 53 71 43
1 3 43 71 56 34
1 3 53 72 83 71
1 3 72 45 73 83
1 3 83 73 54 74
1 3 71 83 74 56
1 3 56 74 84 76
1 3 74 54 75 84
1 3 84 75 46 65
1 3 76 84 65 50
1 3 34 56 76 44
1 3 44 76 50 61
1 3 29 44 61 4
1 3 37 20 3 97
1 3 21 37 97 89
1 3 38 21 89 98
1 3 22 38 98 85
1 3 85 98 117 101
1 3 98 89 99 117
1 3 117 99 95 100
1 3 101 117 100 92
1 3 89 97 118 99
1 3 97 3 102 118
1 3 118 102 90 103
1 3 99 118 103 95
1 3 95 103 119 106
1 3 103 90 104 119
1 3 119 104 87 105
1 3 106 119 105 91
1 3 92 100 120 108
1 3 100 95 106 120
1 3 120 106 91 107
1 3 108 120 107 86
1 3 86 107 121 111
1 3 107 91 109 121
1 3 121 109 96 110
1 3 111 121 110 94
1 3 91 105 122 109
1 3 109 122 112 96
1 3 96 112 123 114
1 3 114 123 113 93
1 3 94 110 124 116
1 3 110 96 114 124
1 3 124 114 93 115
1 3 116 124 115 88
1 3 105 87 136 122
1 3 122 136 128 112
1 3 112 128 137 123
1 3 123 137 125 113
1 3 87 138 154 136
1 3 138 129 139 154
1 3 154 139 134 140
1 3 136 154 140 128
1 3 129 141 155 139
1 3 141 47 142 155
1 3 155 142 130 143
1 3 139 155 143 134
1 3 134 143 156 146
1 3 143 130 144 156
1 3 156 144 126 145
1 3 146 156 145 131
1 3 128 140 157 137
1 3 140 134 146 157
1 3 157 146 131 147
1 3 137 157 147 125
1 3 47 57 77 142
1 3 77 58 135 148
1 3 142 77 148 130
1 3 78 60 132 149
1 3 58 78 149 135
1 3 135 149 158 152
1 3 149 132 150 158
1 3 158 150 127 151
1 3 152 158 151 133
1 3 130 148 159 144
1 3 148 135 152 159
1 3 159 152 133 153
1 3 144 159 153 126

boundary
64
2 1 0 13
2 1 13 5
2 1 5 17
2 1 17 1
2 1 1 23
2 1 23 8
2 1 8 26
2 1 26 2
2 1 2 33
1 1 22 7
1 1 7 16
1 1 16 0
3 1 4 30
3 1 30 10
3 1 10 32
3 1 32 3
2 1 33 53
2 1 53 72
2 1 72 45
1 1 45 73
1 1 73 54
1 1 54 75
1 1 75 46
1 1 46 66
1 1 66 51
1 1 51 68
1 1 68 48
1 1 48 60
4 1 47 70
4 1 70 52
4 1 52 64
4 1 64 4
2 1 113 93
2 1 93 115
2 1 115 88
1 1 85 22
1 1 86 108
1 1 108 92
1 1 92 101
1 1 101 85
1 1 88 116
1 1 116 94
1 1 94 111
1 1 111 86
6 1 3 102
6 1 102 90
6 1 90 104
6 1 104 87
2 1 125 113
2 1 126 145
2 1 145 131
2 1 131 147
2 1 147 125
2 1 127 151
2 1 151 133
2 1 133 153
2 1 153 126
1 1 60 132
1 1 132 150
1 1 150 127
5 1 87 138
5 1 138 129
5 1 129 141
5 1 141 47

vertices
160

nodes
FiniteElementSpace
FiniteElementCollection: H1_2D_P2
VDim: 2
Ordering: 0

7.6741738e-07
0.58911706
0.67973258
0.38046808
0.75634255
0.51930023
0.56315397
5.1699589e-08
0.63341795
0.71203016
0.57787217
0.29690096
0.618932
0.45703074
0.45129289
0.19597021
2.3148534e-07
0.5571558
0.5837455
0.46813428
0.50432364
0.26002254
1.692645e-08
0.6136691
0.63087291
0.59539334
0.65026512
0.69328883
0.64491508
0.73434673
0.66335105
0.59143514
0.52012707
0.75059282
0.78366767
0.25339788
0.5431632
0.34188491
0.18403727
0.61011322
0.64948339
0.64565735
0.54528874
0.76725501
0.80050659
1
1
0.6195345
1
0.80976725
0.87817106
1
0.68793852
0.83341964
1
0.84396926
0.85575796
0.71465087
0.81565876
0.90488362
1
0.81725584
0.86107024
0.76595386
0.72214054
0.9390856
1
0.92198463
1
0.82686825
0.65373651
0.84461447
0.91668086
1
0.92787708
1
0.86697271
0.72348809
0.90782938
0.79160523
0.93053513
0.91343413
0.74030238
0.92228343
0.93348275
7.4918317e-09
6.4643739e-11
0.24365746
8.7530087e-14
0.25125419
0.28073409
0.12516742
1.4523797e-09
0.16666803
1.4454657e-12
0.19876457
0.14427241
0.30596732
0.16756289
0.22994427
0.099129177
3.7485021e-09
0.32102722
0.25180224
0.25566371
0.18738859
0.15750419
0.062450418
4.9246761e-10
0.133196
0.072133951
8.4732941e-12
0.21644184
0.25000391
0.15546137
0.083333888
2.587958e-13
0.13020902
0.27406445
0.22522119
0.078404592
0.066587182
0.19997496
0.23319778
0.077730292
0.33332905
0.66666666
1
0.28842133
0.43159448
0.64310051
0.49999987
1
0.83333333
0.46579573
0.82155029
0.26565069
0.31090142
0.33761979
0.44868398
0.37713408
0.52556496
0.63131715
0.55444888
0.65488361
0.58333331
0.4828986
0.41666594
0.73232542
0.91077514
1
0.91666667
0.82744181
0.75
0.35731406
0.54000491
0.56889124
0.39690447
0.91372091
0.74116272
0.2714319
0.36780491
0.12928192
4.0256914e-07
0.49742142
0.49914904
0.36114937
0.36700733
0.23671522
0.20290781
0.11910109
7.0109779e-08
0.54015515
0.55626419
0.50963254
0.57450561
0.58940273
0.56693528
0.57943928
0.52929894
0.51932175
0.38145539
0.396088
0.29188113
0.26518779
0.53052159
0.41688902
0.1913488
0.10016398
2.6456938e-08
0.22820543
0.60200244
0.61399127
0.59749402
0.62380756
0.63394645
0.62080631
0.62683333
0.60741086
0.60584556
0.5803336
0.64185383
0.65095147
0.63980829
0.66085331
0.68625815
0.66514766
0.70184931
0.67159887
0.64737469
0.62973654
0.64373454
0.61338184
0.6075765
0.72346127
0.68808596
0.7452045
0.70930835
0.65289102
0.61610519
0.58004986
0.57875436
0.51740804
0.56967595
0.5491387
0.52377409
0.47471736
0.42084968
0.70991255
0.7589907
0.72785756
0.77542224
0.74758551
0.7921387
0.76713833
0.76220906
0.81271303
0.76957347
0.71906962
0.85732544
0.90635651
0.86174408
0.95244181
1
0.95391469
0.78680182
0.80443131
0.75687331
0.73924155
0.84771431
0.8696208
0.82633787
0.85251977
0.80496158
0.77877967
0.72694626
0.70503953
0.90862849
0.93481039
0.89580271
0.96954282
1
0.96526757
1
0.96099232
0.92625988
0.88297695
0.91770938
0.87015119
0.83541876
1
0.95671706
1
0.90915888
0.81831775
0.75312814
0.69701946
0.67083752
0.78358532
0.72747663
0.66709269
0.6366355
0.79160829
0.83902958
0.80562211
0.85018102
0.8196867
0.874988
0.91948428
0.88339676
0.95833155
1
0.96113418
1
0.96393796
0.92507942
0.89181345
0.93068145
0.90021974
0.86137435
1
0.96674021
1
0.93628359
0.87256846
0.83369318
0.80886104
0.33859794
0.31484538
0.27806758
0.25551881
0.21924079
0.17610439
0.083152423
1.1131706e-08
0.14892166
0.062091569
4.675951e-09
0.24110878
0.18971665
0.21626454
0.15163763
0.11286558
0.049294572
1.8922142e-09
0.28895598
0.25358664
0.35087026
0.29579334
0.29825069
0.2665794
0.26244403
0.2309221
0.24054947
0.1955423
0.17864487
0.26699026
0.24423978
0.2489927
0.21685879
0.20685819
0.15612202
0.13941607
0.087842274
0.038757073
6.8993384e-10
0.11761821
0.093906034
0.069640361
0.0311138
1.4404735e-10
0.063939488
0.033291095
-4.5421009e-12
0.12793333
0.099872479
0.13862355
0.10819894
0.069314104
0.036066157
-1.1866828e-12
0.19148123
0.16642427
0.20790401
0.18032651
0.2247686
0.19432427
0.14984896
0.24159093
0.20833424
0.16106124
0.074924818
0.038864999
-2.1430404e-13
0.11659508
0.12500071
0.080530685
0.041666895
-4.3753428e-14
0.25558097
0.23266118
0.27734995
0.25240304
0.2997157
0.27204481
0.32212599
0.29166495
0.29065201
0.34762952
0.31179134
0.38461272
0.44016849
0.40305277
0.45724944
0.42147423
0.36727762
0.33283141
0.47858084
0.53279023
0.49435411
0.5725499
0.62542669
0.58566276
0.63720912
0.59877499
0.54722862
0.51012398
0.56167036
0.52589521
0.47434882
0.64899211
0.61188748
0.66077515
0.625
0.57611233
0.54166669
0.49144956
0.38702852
0.35391233
0.43990317
0.45833344
0.40678704
0.3750006
0.6774029
0.81860453
0.77693786
0.7279068
0.68771302
1
0.95538757
0.90930227
0.86616272
0.91224803
0.87058136
0.82449605
1
0.95686045
1
0.95833333
0.91519379
0.875
0.83038757
0.73674408
0.69802317
0.78430227
0.79166667
0.74558136
0.70833333
0.19879705
0.44459459
0.27807958
0.12440036
0.53215086
0.57365757
0.55615784
0.45144181
0.32191225
0.4732074
0.11011257
0.23012222
0.6022261
0.62426817
0.61662275
0.59330612
0.64238812
0.66337397
0.66765821
0.6360191
0.62157055
0.67839514
0.69877495
0.61116796
0.55781095
0.59404675
0.55256612
0.47787204
0.71862262
0.73765241
0.75731037
0.76589124
0.85953475
0.95317825
0.77183606
0.83702594
0.8156497
0.74190954
0.90221558
0.96740519
0.96312994
0.88938982
0.87656407
0.95885469
0.95457944
0.86373831
0.71198282
0.79427345
0.77289719
0.68205606
0.79860363
0.81265741
0.8791905
0.95973259
0.96253617
0.8876058
0.89601526
0.96533889
0.96814159
0.90442462
0.82668216
0.84070657
0.77698288
0.3646567
0.28298255
0.2237173
0.090877931
0.07132633
0.20579738
0.17105185
0.055136495
0.26474455
0.31788973
0.27992907
0.24311126
0.21516643
0.25552382
0.23086375
0.1748074
0.043743675
0.13345397
0.10461626
0.034524307
0.031942941
0.095959634
0.10397321
0.03465818
0.15981498
0.17329274
0.18731329
0.20132695
0.037462539
0.11238754
0.12079609
0.040265367
0.22397832
0.24265527
0.26224625
0.28185922
0.30108722
0.3938081
0.41225545
0.32226736
0.48646299
0.57910552
0.59221861
0.50223758
0.51800934
0.60533119
0.61844373
0.5337809
0.34336427
0.43068731
0.44911803
0.36445496
0.67224767
0.77325566
0.68255792
0.95465113
0.8639534
0.86837204
0.95612401
0.95759689
0.87279068
0.69286809
0.78062006
0.78798447
0.70317825
7.5406629e-07
6.3382538e-09
6.7510275e-11
0.24365935
0.38046551
3.1183228e-08
0.20900475
0.51486838
1.5608509e-09
0.19036806
0.31550763
0.26816673
0.18052013
1.5715812e-07
0.13207912
0.44794775
0.4606872
1.4633178e-08
0.10157802
0.18647595
0.25038169
0.40312522
0.55046898
3.2287464e-09
0.094510638
0.18813366
6.2318523e-10
0.095662373
0.179394
0.28557468
0.34661937
0.2593129
0.29449028
5.1097768e-12
0.18436185
0.26475511
0.13614007
0.24668229
0.52176969
0.097091809
0.093025713
0.26137641
0.26824851
0.092225595
0.27654799
5.1226196e-14
0.33333333
0.75634255
0.66666667
0.71150461
0.35689933
0.5
0.56840403
8.9121437e-13
0.16666688
0.53420201
0.17845319
0.73392358
0.78362845
0.68908564
0.75
0.36868202
0.4455507
0.55130301
0.47443477
0.34511636
0.41666667
0.51710101
0.58333333
0.62285331
0.66237329
0.089233787
1.5446418e-13
0.083333866
0.17255881
0.25000038
0.26768079
0.80044265
0.76681423
0.45999267
0.43110869
0.60309332
0.6426133
0.086280676
0.2588384
0.58418449
0.6795918
0.61953452
1
0.47945359
0.51766763
0.66094037
0.63386823
1
0.83341809
0.5988321
0.82162777
0.35448672
0.56335592
0.55442557
0.62166614
0.61336112
0.40696435
0.5560533
0.58654768
0.64808069
0.62875038
0.67172817
0.65009969
0.73290675
0.82752198
0.75059026
0.81572021
1
0.91078718
1
0.91667997
0.59666365
0.47952855
0.60431344
0.64314954
0.74174953
0.72397762
0.90783882
0.91373341
1
1
1
0.80973217
0.68793798
0.87817124
1
0.83333333
1
0.84396804
0.8557523
0.7144318
0.90487793
0.653734
0.76594636
0.82686156
0.72214044
0.81725668
0.86107005
0.93908563
1
0.92198443
1
0.86696178
0.84454282
0.91666667
1
0.92787615
1
0.74026109
0.79160404
0.9305351
0.91343304
0.92227141
0.93348089
3.4877713e-07
0.10781752
0.40285031
0.30485172
9.0369113e-08
0.082373838
0.16320717
0.18495403
0.3654899
0.37904689
0.50014839
0.493347
2.2696947e-08
0.06937337
0.13501016
9.8467963e-09
0.050860914
0.11942252
0.15361463
0.20515187
0.17537501
0.19586871
0.20141645
0.32830897
0.34936287
0.24030394
0.21194311
0.49067025
0.54805399
0.53302429
0.47024726
4.3956864e-09
0.049577201
0.099114845
2.2407369e-09
0.048316872
0.095845913
0.1386448
0.18378938
0.14297813
0.19894241
9.5642891e-10
0.04739653
0.09368465
2.300253e-10
0.048096546
0.093444468
0.14294569
0.18299746
0.13679484
0.17912571
0.22057727
0.25651276
0.22241102
0.23804804
0.27240784
0.33295406
0.36334645
0.30321307
0.32942327
0.28709252
0.23496936
0.26435263
0.26591498
0.30504945
0.28264175
0.2779622
0.23625567
8.6462233e-13
0.046115433
0.093626057
0.13829296
0.1872721
0.23046718
0.28090175
0.7227141
0.74756654
0.79203558
0.76718318
0.70029512
0.72794993
0.77522134
0.67787615
0.70833333
0.75840711
0.3745746
0.41433766
0.46721385
0.42745014
0.36279103
0.40122508
0.45277174
0.48987637
0.54275252
0.50564789
0.55985354
0.5214194
0.35100791
0.38811254
0.43832971
0.33922486
0.375
0.42388768
0.45833333
0.5085505
0.47410485
0.52565151
0.56009716
0.61297332
0.57852766
0.54166667
0.59321333
0.625
0.64608948
0.66717896
0.59695816
0.6524933
0.61538866
0.63273331
0.68826844
0.74513307
0.70935792
-8.0276998e-13
0.044617665
0.090690497
0.13384355
0.1813926
-1.2922548e-13
0.043140478
0.087750671
-2.5607179e-14
0.041666979
0.084805948
0.12500038
0.16961232
0.12941976
0.17550344
0.21569899
0.263255
0.22306913
0.20833376
0.25441845
0.29166675
0.30197707
0.31228836
0.27208797
0.322605
0.29297367
0.30866751
0.42001906
0.44501162
0.53040091
0.54486213
0.57996762
0.56737498
0.5815797
0.60712139
0.59940779
0.52204561
0.5812287
0.57891514
0.6131902
0.60973528
0.62975631
0.62455186
0.42378121
0.51994361
0.32496823
0.44129244
0.4695407
0.53509653
0.52184549
0.57929781
0.58269555
0.61847473
0.61486256
0.55542817
0.59391357
0.60487602
0.64101866
0.62615958
0.65481089
0.64216322
0.63263873
0.64806878
0.64190394
0.63676465
0.66673332
0.65431208
0.67595736
0.66074939
0.70067023
0.74616847
0.70985663
0.6905383
0.73735263
0.77688902
0.82457934
0.78424949
0.83046915
0.79160574
0.67991883
0.72860999
0.76953866
0.81870471
0.86173622
0.90931803
0.86615257
0.95391357
1
0.95538613
0.87057076
0.91520654
0.8749886
0.91226103
1
0.95685896
1
0.95833174
0.66737065
0.71999987
0.76223733
0.81285125
0.85733037
0.90637843
0.95244251
1
0.63663911
0.69706955
0.72751249
0.67083802
0.72695527
0.75313454
0.80496256
0.8354198
0.78359068
0.81832363
0.70503962
0.75687461
0.77878081
0.73924156
0.78680001
0.80443137
0.84771413
0.86962081
0.82633801
0.85251995
0.89580273
0.92625991
0.88297712
0.90862846
0.93481039
0.96954282
1
0.96526757
1
0.96099234
0.87015214
0.90915984
0.91770955
1
0.9567172
1
0.80884983
0.81969038
0.86135705
0.83370224
0.87256654
0.79166667
0.83893808
0.80567852
0.85014756
0.88340711
0.92507378
0.89181423
0.875
0.91946904
0.95833333
1
0.96113571
1
0.96393808
0.90022134
0.93628327
0.93067852
1
0.96674045
1
0.22113316
0.082392692
0.26845287
0.46188255
0.079109095
0.059391515
0.17375167
0.16000771
0.25614254
0.20642963
0.52735637
0.42683174
0.050389802
0.049013706
0.14072693
0.14670315
0.047929963
0.047354211
0.13847419
0.13730658
0.21936903
0.22738236
0.31791138
0.29158683
0.24067904
0.22878729
0.28763132
0.26920059
0.046854113
0.14043973
0.23407727
0.75737483
0.73775823
0.71814163
0.42089378
0.40778132
0.49776212
0.51353363
0.3946688
0.38155627
0.46621909
0.48199061
0.56931241
0.55088192
0.63554474
0.65663422
0.60617341
0.58774291
0.6777237
0.69881318
0.045344172
0.13604138
0.043875213
0.042402951
0.12720913
0.13162704
0.2193789
0.21201532
0.29682171
0.30713171
0.22673848
0.31744092
0.32774584
0.23725077
0.37949376
0.50413648
0.56503765
0.59409924
0.55910447
0.59856279
0.61873902
0.47634683
0.36926717
0.49344005
0.5527916
0.60005581
0.56814844
0.61368196
0.63479891
0.63915433
0.62543579
0.64875053
0.65830723
0.70534747
0.69571857
0.7805653
0.78792914
0.68503577
0.77318536
0.86393993
0.95464924
0.87277982
0.86836102
0.95612246
0.95759537
0.67360185
0.76578753
0.85951587
0.95317561
0.68201372
0.71197517
0.79427261
0.77289249
0.7419082
0.7718361
0.83702594
0.81564956
0.8893898
0.90221557
0.96740519
0.96312994
0.86373748
0.87656392
0.95885467
0.95457932
0.77699139
0.82669631
0.84070816
0.7986726
0.81268445
0.88761067
0.87920356
0.95973452
0.96253689
0.9044249
0.89601779
0.96533926
0.96814163
