0 0 0 0.193367 0.2593 1
1 0.0694495 0 0.0787962 0.140527 1
2 0 0.0694495 0.429555 0.505205 1
3 0.0694495 0.0694495 0.297531 0.368674 1
4 0.0694495 0 0.0787962 0.140527 -1
5 0.155768 0 -0.00456758 0.0531253 -1
6 0.0694495 0.0694495 0.297531 0.368674 -1
7 0.155768 0.0694495 0.190987 0.257595 -1
8 0.0694495 0 0.109007 0.127818 2
9 0.0754442 0 0.101115 0.10194 2
10 0.0694495 0.00482323 0.126825 0.127818 2
11 0.0754442 0.00482323 0.118784 0.119761 2
12 0.0754442 0 0.101115 0.119761 2
13 0.082895 0 0.0917529 0.0925619 2
14 0.0754442 0.00482323 0.118784 0.119761 2
15 0.082895 0.00482323 0.109237 0.110195 2
16 0.082895 0 0.0917529 0.110195 2
17 0.0925055 0 0.0802338 0.0811056 2
18 0.082895 0.00482323 0.109237 0.110195 2
19 0.0925055 0.00482323 0.0974617 0.0985135 2
20 0.0925055 0 0.0802338 0.0985135 2
21 0.106559 0 0.0649452 0.0657573 2
22 0.0925055 0.00482323 0.0974617 0.0985135 2
23 0.106559 0.00482323 0.0818293 0.082804 2
24 0.106559 0 0.0649452 0.082804 2
25 0.118658 0 0.0530712 0.0538688 2
26 0.106559 0.00482323 0.0818293 0.082804 2
27 0.118658 0.00482323 0.0696514 0.0706117 2
28 0.118658 0 0.0530712 0.0706117 2
29 0.132711 0 0.0407696 0.0415934 2
30 0.118658 0.00482323 0.0696514 0.0706117 2
31 0.132711 0.00482323 0.0569878 0.057992 2
32 0.132711 0 0.0407696 0.057992 2
33 0.142322 0 0.0334072 0.0341453 2
34 0.132711 0.00482323 0.0569878 0.057992 2
35 0.142322 0.00482323 0.0493989 0.0502868 2
36 0.142322 0 0.0334072 0.0502868 2
37 0.149773 0 0.0281203 0.0288569 2
38 0.142322 0.00482323 0.0493989 0.0502868 2
39 0.149773 0.00482323 0.0439232 0.0448126 2
40 0.149773 0 0.0281203 0.0448126 2
41 0.155768 0 0.0242169 0.0249537 2
42 0.149773 0.00482323 0.0439232 0.0448126 2
43 0.155768 0.00482323 0.0398677 0.0407601 2
44 0.0694495 0.00482323 0.126825 0.149432 2
45 0.0754442 0.00482323 0.118784 0.119761 2
46 0.0694495 0.010818 0.148564 0.149432 2
47 0.0754442 0.010818 0.140346 0.141199 2
48 0.0754442 0.00482323 0.118784 0.141199 2
49 0.082895 0.00482323 0.109237 0.110195 2
50 0.0754442 0.010818 0.140346 0.141199 2
51 0.082895 0.010818 0.130577 0.131414 2
52 0.082895 0.00482323 0.109237 0.131414 2
53 0.0925055 0.00482323 0.0974617 0.0985135 2
54 0.082895 0.010818 0.130577 0.131414 2
55 0.0925055 0.010818 0.118529 0.119437 2
56 0.0925055 0.00482323 0.0974617 0.119437 2
57 0.106559 0.00482323 0.0818293 0.082804 2
58 0.0925055 0.010818 0.118529 0.119437 2
59 0.106559 0.010818 0.102474 0.103318 2
60 0.106559 0.00482323 0.0818293 0.103318 2
61 0.118658 0.00482323 0.0696514 0.0706117 2
62 0.106559 0.010818 0.102474 0.103318 2
63 0.118658 0.010818 0.0899358 0.0907659 2
64 0.118658 0.00482323 0.0696514 0.0907659 2
65 0.132711 0.00482323 0.0569878 0.057992 2
66 0.118658 0.010818 0.0899358 0.0907659 2
67 0.132711 0.010818 0.0768596 0.0777211 2
68 0.132711 0.00482323 0.0569878 0.0777211 2
69 0.142322 0.00482323 0.0493989 0.0502868 2
70 0.132711 0.010818 0.0768596 0.0777211 2
71 0.142322 0.010818 0.0689726 0.0697406 2
72 0.142322 0.00482323 0.0493989 0.0697406 2
73 0.149773 0.00482323 0.0439232 0.0448126 2
74 0.142322 0.010818 0.0689726 0.0697406 2
75 0.149773 0.010818 0.0632753 0.0640429 2
76 0.149773 0.00482323 0.0439232 0.0640429 2
77 0.155768 0.00482323 0.0398677 0.0407601 2
78 0.149773 0.010818 0.0632753 0.0640429 2
79 0.155768 0.010818 0.0590415 0.0598102 2
80 0.0694495 0.010818 0.148564 0.176783 2
81 0.0754442 0.010818 0.140346 0.141199 2
82 0.0694495 0.0185503 0.175662 0.176783 2
83 0.0754442 0.0185503 0.167231 0.168333 2
84 0.0754442 0.010818 0.140346 0.168333 2
85 0.082895 0.010818 0.130577 0.131414 2
86 0.0754442 0.0185503 0.167231 0.168333 2
87 0.082895 0.0185503 0.157197 0.158278 2
88 0.082895 0.010818 0.130577 0.158278 2
89 0.0925055 0.010818 0.118529 0.119437 2
90 0.082895 0.0185503 0.157197 0.158278 2
91 0.0925055 0.0185503 0.144791 0.145973 2
92 0.0925055 0.010818 0.118529 0.145973 2
93 0.106559 0.010818 0.102474 0.103318 2
94 0.0925055 0.0185503 0.144791 0.145973 2
95 0.106559 0.0185503 0.128235 0.129332 2
96 0.106559 0.010818 0.102474 0.129332 2
97 0.118658 0.010818 0.0899358 0.0907659 2
98 0.106559 0.0185503 0.128235 0.129332 2
99 0.118658 0.0185503 0.115258 0.116338 2
100 0.118658 0.010818 0.0899358 0.116338 2
101 0.132711 0.010818 0.0768596 0.0777211 2
102 0.118658 0.0185503 0.115258 0.116338 2
103 0.132711 0.0185503 0.101664 0.10279 2
104 0.132711 0.010818 0.0768596 0.10279 2
105 0.142322 0.010818 0.0689726 0.0697406 2
106 0.132711 0.0185503 0.101664 0.10279 2
107 0.142322 0.0185503 0.0934382 0.094437 2
108 0.142322 0.010818 0.0689726 0.094437 2
109 0.149773 0.010818 0.0632753 0.0640429 2
110 0.142322 0.0185503 0.0934382 0.094437 2
111 0.149773 0.0185503 0.0874674 0.0884671 2
112 0.149773 0.010818 0.0632753 0.0884671 2
113 0.155768 0.010818 0.0590415 0.0598102 2
114 0.149773 0.0185503 0.0874674 0.0884671 2
115 0.155768 0.0185503 0.083013 0.0840154 2
116 0.0694495 0.0185503 0.175662 0.214697 2
117 0.0754442 0.0185503 0.167231 0.168333 2
118 0.0694495 0.0298571 0.213685 0.214697 2
119 0.0754442 0.0298571 0.20497 0.205964 2
120 0.0754442 0.0185503 0.167231 0.205964 2
121 0.082895 0.0185503 0.157197 0.158278 2
122 0.0754442 0.0298571 0.20497 0.205964 2
123 0.082895 0.0298571 0.194581 0.195556 2
124 0.082895 0.0185503 0.157197 0.195556 2
125 0.0925055 0.0185503 0.144791 0.145973 2
126 0.082895 0.0298571 0.194581 0.195556 2
127 0.0925055 0.0298571 0.181722 0.182789 2
128 0.0925055 0.0185503 0.144791 0.182789 2
129 0.106559 0.0185503 0.128235 0.129332 2
130 0.0925055 0.0298571 0.181722 0.182789 2
131 0.106559 0.0298571 0.164487 0.165476 2
132 0.106559 0.0185503 0.128235 0.165476 2
133 0.118658 0.0185503 0.115258 0.116338 2
134 0.106559 0.0298571 0.164487 0.165476 2
135 0.118658 0.0298571 0.150924 0.151897 2
136 0.118658 0.0185503 0.115258 0.151897 2
137 0.132711 0.0185503 0.101664 0.10279 2
138 0.118658 0.0298571 0.150924 0.151897 2
139 0.132711 0.0298571 0.136647 0.137663 2
140 0.132711 0.0185503 0.101664 0.137663 2
141 0.142322 0.0185503 0.0934382 0.094437 2
142 0.132711 0.0298571 0.136647 0.137663 2
143 0.142322 0.0298571 0.127944 0.128844 2
144 0.142322 0.0185503 0.0934382 0.128844 2
145 0.149773 0.0185503 0.0874674 0.0884671 2
146 0.142322 0.0298571 0.127944 0.128844 2
147 0.149773 0.0298571 0.121607 0.122508 2
148 0.149773 0.0185503 0.0874674 0.122508 2
149 0.155768 0.0185503 0.083013 0.0840154 2
150 0.149773 0.0298571 0.121607 0.122508 2
151 0.155768 0.0298571 0.116857 0.117761 2
152 0.0694495 0.0298571 0.213685 0.245797 2
153 0.0754442 0.0298571 0.20497 0.205964 2
154 0.0694495 0.0395924 0.244787 0.245797 2
155 0.0754442 0.0395924 0.235855 0.236848 2
156 0.0754442 0.0298571 0.20497 0.236848 2
157 0.082895 0.0298571 0.194581 0.195556 2
158 0.0754442 0.0395924 0.235855 0.236848 2
159 0.082895 0.0395924 0.225195 0.226168 2
160 0.082895 0.0298571 0.194581 0.226168 2
161 0.0925055 0.0298571 0.181722 0.182789 2
162 0.082895 0.0395924 0.225195 0.226168 2
163 0.0925055 0.0395924 0.211984 0.213048 2
164 0.0925055 0.0298571 0.181722 0.213048 2
165 0.106559 0.0298571 0.164487 0.165476 2
166 0.0925055 0.0395924 0.211984 0.213048 2
167 0.106559 0.0395924 0.194227 0.195214 2
168 0.106559 0.0298571 0.164487 0.195214 2
169 0.118658 0.0298571 0.150924 0.151897 2
170 0.106559 0.0395924 0.194227 0.195214 2
171 0.118658 0.0395924 0.18021 0.181182 2
172 0.118658 0.0298571 0.150924 0.181182 2
173 0.132711 0.0298571 0.136647 0.137663 2
174 0.118658 0.0395924 0.18021 0.181182 2
175 0.132711 0.0395924 0.165402 0.166416 2
176 0.132711 0.0298571 0.136647 0.166416 2
177 0.142322 0.0298571 0.127944 0.128844 2
178 0.132711 0.0395924 0.165402 0.166416 2
179 0.142322 0.0395924 0.156331 0.15723 2
180 0.142322 0.0298571 0.127944 0.15723 2
181 0.149773 0.0298571 0.121607 0.122508 2
182 0.142322 0.0395924 0.156331 0.15723 2
183 0.149773 0.0395924 0.149708 0.150608 2
184 0.149773 0.0298571 0.121607 0.150608 2
185 0.155768 0.0298571 0.116857 0.117761 2
186 0.149773 0.0395924 0.149708 0.150608 2
187 0.155768 0.0395924 0.144726 0.145629 2
188 0.0694495 0.0395924 0.244787 0.280174 2
189 0.0754442 0.0395924 0.235855 0.236848 2
190 0.0694495 0.0508992 0.279062 0.280174 2
191 0.0754442 0.0508992 0.269909 0.271003 2
192 0.0754442 0.0395924 0.235855 0.271003 2
193 0.082895 0.0395924 0.225195 0.226168 2
194 0.0754442 0.0508992 0.269909 0.271003 2
195 0.082895 0.0508992 0.258972 0.260045 2
196 0.082895 0.0395924 0.225195 0.260045 2
197 0.0925055 0.0395924 0.211984 0.213048 2
198 0.082895 0.0508992 0.258972 0.260045 2
199 0.0925055 0.0508992 0.245394 0.246567 2
200 0.0925055 0.0395924 0.211984 0.246567 2
201 0.106559 0.0395924 0.194227 0.195214 2
202 0.0925055 0.0508992 0.245394 0.246567 2
203 0.106559 0.0508992 0.227105 0.228193 2
204 0.106559 0.0395924 0.194227 0.228193 2
205 0.118658 0.0395924 0.18021 0.181182 2
206 0.106559 0.0508992 0.227105 0.228193 2
207 0.118658 0.0508992 0.21262 0.213691 2
208 0.118658 0.0395924 0.18021 0.213691 2
209 0.132711 0.0395924 0.165402 0.166416 2
210 0.118658 0.0508992 0.21262 0.213691 2
211 0.132711 0.0508992 0.197255 0.198373 2
212 0.132711 0.0395924 0.165402 0.198373 2
213 0.142322 0.0395924 0.156331 0.15723 2
214 0.132711 0.0508992 0.197255 0.198373 2
215 0.142322 0.0508992 0.187808 0.188799 2
216 0.142322 0.0395924 0.156331 0.188799 2
217 0.149773 0.0395924 0.149708 0.150608 2
218 0.142322 0.0508992 0.187808 0.188799 2
219 0.149773 0.0508992 0.180885 0.181877 2
220 0.149773 0.0395924 0.149708 0.181877 2
221 0.155768 0.0395924 0.144726 0.145629 2
222 0.149773 0.0508992 0.180885 0.181877 2
223 0.155768 0.0508992 0.175661 0.176656 2
224 0.0694495 0.0508992 0.279062 0.302343 2
225 0.0754442 0.0508992 0.269909 0.271003 2
226 0.0694495 0.0586315 0.301486 0.302343 2
227 0.0754442 0.0586315 0.2922 0.293042 2
228 0.0754442 0.0508992 0.269909 0.293042 2
229 0.082895 0.0508992 0.258972 0.260045 2
230 0.0754442 0.0586315 0.2922 0.293042 2
231 0.082895 0.0586315 0.281095 0.281922 2
232 0.082895 0.0508992 0.258972 0.281922 2
233 0.0925055 0.0508992 0.245394 0.246567 2
234 0.082895 0.0586315 0.281095 0.281922 2
235 0.0925055 0.0586315 0.267313 0.268209 2
236 0.0925055 0.0508992 0.245394 0.268209 2
237 0.106559 0.0508992 0.227105 0.228193 2
238 0.0925055 0.0586315 0.267313 0.268209 2
239 0.106559 0.0586315 0.248691 0.249525 2
240 0.106559 0.0508992 0.227105 0.249525 2
241 0.118658 0.0508992 0.21262 0.213691 2
242 0.106559 0.0586315 0.248691 0.249525 2
243 0.118658 0.0586315 0.233921 0.234741 2
244 0.118658 0.0508992 0.21262 0.234741 2
245 0.132711 0.0508992 0.197255 0.198373 2
246 0.118658 0.0586315 0.233921 0.234741 2
247 0.132711 0.0586315 0.218227 0.219077 2
248 0.132711 0.0508992 0.197255 0.219077 2
249 0.142322 0.0508992 0.187808 0.188799 2
250 0.132711 0.0586315 0.218227 0.219077 2
251 0.142322 0.0586315 0.208532 0.20929 2
252 0.142322 0.0508992 0.187808 0.20929 2
253 0.149773 0.0508992 0.180885 0.181877 2
254 0.142322 0.0586315 0.208532 0.20929 2
255 0.149773 0.0586315 0.201426 0.202184 2
256 0.149773 0.0508992 0.180885 0.202184 2
257 0.155768 0.0508992 0.175661 0.176656 2
258 0.149773 0.0586315 0.201426 0.202184 2
259 0.155768 0.0586315 0.196054 0.196813 2
260 0.0694495 0.0586315 0.301486 0.319187 2
261 0.0754442 0.0586315 0.2922 0.293042 2
262 0.0694495 0.0646263 0.318204 0.319187 2
263 0.0754442 0.0646263 0.308826 0.309793 2
264 0.0754442 0.0586315 0.2922 0.309793 2
265 0.082895 0.0586315 0.281095 0.281922 2
266 0.0754442 0.0646263 0.308826 0.309793 2
267 0.082895 0.0646263 0.297605 0.298554 2
268 0.082895 0.0586315 0.281095 0.298554 2
269 0.0925055 0.0586315 0.267313 0.268209 2
270 0.082895 0.0646263 0.297605 0.298554 2
271 0.0925055 0.0646263 0.283658 0.284699 2
272 0.0925055 0.0586315 0.267313 0.284699 2
273 0.106559 0.0586315 0.248691 0.249525 2
274 0.0925055 0.0646263 0.283658 0.284699 2
275 0.106559 0.0646263 0.264813 0.265778 2
276 0.106559 0.0586315 0.248691 0.265778 2
277 0.118658 0.0586315 0.233921 0.234741 2
278 0.106559 0.0646263 0.264813 0.265778 2
279 0.118658 0.0646263 0.24984 0.25079 2
280 0.118658 0.0586315 0.233921 0.25079 2
281 0.132711 0.0586315 0.218227 0.219077 2
282 0.118658 0.0646263 0.24984 0.25079 2
283 0.132711 0.0646263 0.233898 0.234891 2
284 0.132711 0.0586315 0.218227 0.234891 2
285 0.142322 0.0586315 0.208532 0.20929 2
286 0.132711 0.0646263 0.233898 0.234891 2
287 0.142322 0.0646263 0.224045 0.224924 2
288 0.142322 0.0586315 0.208532 0.224924 2
289 0.149773 0.0586315 0.201426 0.202184 2
290 0.142322 0.0646263 0.224045 0.224924 2
291 0.149773 0.0646263 0.216806 0.217686 2
292 0.149773 0.0586315 0.201426 0.217686 2
293 0.155768 0.0586315 0.196054 0.196813 2
294 0.149773 0.0646263 0.216806 0.217686 2
295 0.155768 0.0646263 0.211325 0.212208 2
296 0.0694495 0.0646263 0.318204 0.33221 2
297 0.0754442 0.0646263 0.308826 0.309793 2
298 0.0694495 0.0694495 0.331383 0.33221 2
299 0.0754442 0.0694495 0.321936 0.322749 2
300 0.0754442 0.0646263 0.308826 0.322749 2
301 0.082895 0.0646263 0.297605 0.298554 2
302 0.0754442 0.0694495 0.321936 0.322749 2
303 0.082895 0.0694495 0.310628 0.311425 2
304 0.082895 0.0646263 0.297605 0.311425 2
305 0.0925055 0.0646263 0.283658 0.284699 2
306 0.082895 0.0694495 0.310628 0.311425 2
307 0.0925055 0.0694495 0.296583 0.297442 2
308 0.0925055 0.0646263 0.283658 0.297442 2
309 0.106559 0.0646263 0.264813 0.265778 2
310 0.0925055 0.0694495 0.296583 0.297442 2
311 0.106559 0.0694495 0.277559 0.278359 2
312 0.106559 0.0646263 0.264813 0.278359 2
313 0.118658 0.0646263 0.24984 0.25079 2
314 0.106559 0.0694495 0.277559 0.278359 2
315 0.118658 0.0694495 0.262436 0.263221 2
316 0.118658 0.0646263 0.24984 0.263221 2
317 0.132711 0.0646263 0.233898 0.234891 2
318 0.118658 0.0694495 0.262436 0.263221 2
319 0.132711 0.0694495 0.246322 0.247133 2
320 0.132711 0.0646263 0.233898 0.247133 2
321 0.142322 0.0646263 0.224045 0.224924 2
322 0.132711 0.0694495 0.246322 0.247133 2
323 0.142322 0.0694495 0.236328 0.237055 2
324 0.142322 0.0646263 0.224045 0.237055 2
325 0.149773 0.0646263 0.216806 0.217686 2
326 0.142322 0.0694495 0.236328 0.237055 2
327 0.149773 0.0694495 0.228992 0.229717 2
328 0.149773 0.0646263 0.216806 0.229717 2
329 0.155768 0.0646263 0.211325 0.212208 2
330 0.149773 0.0694495 0.228992 0.229717 2
331 0.155768 0.0694495 0.223432 0.224157 2
332 0.155768 0 -0.00456758 0.0531253 -1
333 0.267105 0 -0.0374959 0.0250489 -1
334 0.155768 0.0694495 0.190987 0.257595 -1
335 0.267105 0.0694495 0.125192 0.198184 -1
336 0.155768 0 0.0240836 0.025058 2
337 0.1635 0 0.0194271 0.0203824 2
338 0.155768 0.00482323 0.0396849 0.0409149 2
339 0.1635 0.00482323 0.0348362 0.0360428 2
340 0.1635 0 0.0194271 0.0203824 2
341 0.17311 0 0.0143582 0.0152931 2
342 0.1635 0.00482323 0.0348362 0.0360428 2
343 0.17311 0.00482323 0.029528 0.0307099 2
344 0.17311 0 0.0143582 0.0152931 2
345 0.185506 0 0.00871782 0.00975976 2
346 0.17311 0.00482323 0.029528 0.0307099 2
347 0.185506 0.00482323 0.0235516 0.0248907 2
348 0.185506 0 0.00871782 0.00975976 2
349 0.203633 0 0.00297068 0.00392596 2
350 0.185506 0.00482323 0.0235516 0.0248907 2
351 0.203633 0.00482323 0.0173642 0.0185885 2
352 0.203633 0 0.00297068 0.00392596 2
353 0.21924 0 9.28913e-05 0.00103287 2
354 0.203633 0.00482323 0.0173642 0.0185885 2
355 0.21924 0.00482323 0.0140964 0.0153055 2
356 0.21924 0 9.28913e-05 0.00103287 -2
357 0.237367 0 -0.00086286 0.000128608 -2
358 0.21924 0.00482323 0.0140964 0.0153055 -2
359 0.237367 0.00482323 0.0126752 0.0139643 -2
360 0.21924 0 0.000737601 0.00174802 3
361 0.220499 0 0.000587993 0.000606128 3
362 0.21924 0.000334971 0.00172272 0.00174802 3
363 0.220499 0.000334971 0.00157096 0.00159585 3
364 0.220499 0 0.000587993 0.00159585 3
365 0.222064 0 0.000420722 0.000438561 3
366 0.220499 0.000334971 0.00157096 0.00159585 3
367 0.222064 0.000334971 0.00140101 0.00142548 3
368 0.222064 0 0.000420722 0.00142548 3
369 0.224082 0 0.000228279 0.000249395 3
370 0.222064 0.000334971 0.00140101 0.00142548 3
371 0.224082 0.000334971 0.00120437 0.00123344 3
372 0.224082 0 0.000228279 0.00123344 3
373 0.227033 0 1.22795e-05 3.15114e-05 3
374 0.224082 0.000334971 0.00120437 0.00123344 3
375 0.227033 0.000334971 0.000983576 0.00101001 3
376 0.227033 0 1.22795e-05 0.00101001 3
377 0.229574 0 -0.000119328 -0.000100109 3
378 0.227033 0.000334971 0.000983576 0.00101001 3
379 0.229574 0.000334971 0.00084752 0.000873938 3
380 0.229574 0 -0.000119328 0.000873938 3
381 0.232525 0 -0.000209115 -0.000188037 3
382 0.229574 0.000334971 0.00084752 0.000873938 3
383 0.232525 0.000334971 0.0007522 0.000781223 3
384 0.232525 0 -0.000209115 0.000781223 3
385 0.234543 0 -0.000225915 -0.000208131 3
386 0.232525 0.000334971 0.0007522 0.000781223 3
387 0.234543 0.000334971 0.000732525 0.00075694 3
388 0.234543 0 -0.000225915 0.00075694 3
389 0.236108 0 -0.000220967 -0.000202897 3
390 0.234543 0.000334971 0.000732525 0.00075694 3
391 0.236108 0.000334971 0.000734681 0.000759499 3
392 0.236108 0 -0.000220967 0.000759499 3
393 0.237367 0 -0.000202041 -0.000183681 3
394 0.236108 0.000334971 0.000734681 0.000759499 3
395 0.237367 0.000334971 0.00075135 0.000776575 3
396 0.21924 0.000334971 0.00172272 0.00297232 3
397 0.220499 0.000334971 0.00157096 0.00159585 3
398 0.21924 0.000751303 0.00295212 0.00297232 3
399 0.220499 0.000751303 0.00279758 0.00281745 3
400 0.220499 0.000334971 0.00157096 0.00281745 3
401 0.222064 0.000334971 0.00140101 0.00142548 3
402 0.220499 0.000751303 0.00279758 0.00281745 3
403 0.222064 0.000751303 0.00262418 0.00264373 3
404 0.222064 0.000334971 0.00140101 0.00264373 3
405 0.224082 0.000334971 0.00120437 0.00123344 3
406 0.222064 0.000751303 0.00262418 0.00264373 3
407 0.224082 0.000751303 0.00242364 0.0024468 3
408 0.224082 0.000334971 0.00120437 0.0024468 3
409 0.227033 0.000334971 0.000983576 0.00101001 3
410 0.224082 0.000751303 0.00242364 0.0024468 3
411 0.227033 0.000751303 0.00219616 0.00221725 3
412 0.227033 0.000334971 0.000983576 0.00221725 3
413 0.229574 0.000334971 0.00084752 0.000873938 3
414 0.227033 0.000751303 0.00219616 0.00221725 3
415 0.229574 0.000751303 0.00205459 0.00207566 3
416 0.229574 0.000334971 0.00084752 0.00207566 3
417 0.232525 0.000334971 0.0007522 0.000781223 3
418 0.229574 0.000751303 0.00205459 0.00207566 3
419 0.232525 0.000751303 0.00195314 0.00197627 3
420 0.232525 0.000334971 0.0007522 0.00197627 3
421 0.234543 0.000334971 0.000732525 0.00075694 3
422 0.232525 0.000751303 0.00195314 0.00197627 3
423 0.234543 0.000751303 0.00192861 0.0019481 3
424 0.234543 0.000334971 0.000732525 0.0019481 3
425 0.236108 0.000334971 0.000734681 0.000759499 3
426 0.234543 0.000751303 0.00192861 0.0019481 3
427 0.236108 0.000751303 0.00192742 0.00194723 3
428 0.236108 0.000334971 0.000734681 0.00194723 3
429 0.237367 0.000334971 0.00075135 0.000776575 3
430 0.236108 0.000751303 0.00192742 0.00194723 3
431 0.237367 0.000751303 0.00194141 0.00196154 3
432 0.21924 0.000751303 0.00295212 0.00455692 3
433 0.220499 0.000751303 0.00279758 0.00281745 3
434 0.21924 0.00128831 0.00452913 0.00455692 3
435 0.220499 0.00128831 0.00437112 0.00439845 3
436 0.220499 0.000751303 0.00279758 0.00439845 3
437 0.222064 0.000751303 0.00262418 0.00264373 3
438 0.220499 0.00128831 0.00437112 0.00439845 3
439 0.222064 0.00128831 0.0041934 0.00422028 3
440 0.222064 0.000751303 0.00262418 0.00422028 3
441 0.224082 0.000751303 0.00242364 0.0024468 3
442 0.222064 0.00128831 0.0041934 0.00422028 3
443 0.224082 0.00128831 0.00398661 0.00401852 3
444 0.224082 0.000751303 0.00242364 0.00401852 3
445 0.227033 0.000751303 0.00219616 0.00221725 3
446 0.224082 0.00128831 0.00398661 0.00401852 3
447 0.227033 0.00128831 0.00375123 0.00378025 3
448 0.227033 0.000751303 0.00219616 0.00378025 3
449 0.229574 0.000751303 0.00205459 0.00207566 3
450 0.227033 0.00128831 0.00375123 0.00378025 3
451 0.229574 0.00128831 0.00360257 0.00363157 3
452 0.229574 0.000751303 0.00205459 0.00363157 3
453 0.232525 0.000751303 0.00195314 0.00197627 3
454 0.229574 0.00128831 0.00360257 0.00363157 3
455 0.232525 0.00128831 0.00349254 0.0035244 3
456 0.232525 0.000751303 0.00195314 0.0035244 3
457 0.234543 0.000751303 0.00192861 0.0019481 3
458 0.232525 0.00128831 0.00349254 0.0035244 3
459 0.234543 0.00128831 0.00346299 0.00348981 3
460 0.234543 0.000751303 0.00192861 0.00348981 3
461 0.236108 0.000751303 0.00192742 0.00194723 3
462 0.234543 0.00128831 0.00346299 0.00348981 3
463 0.236108 0.00128831 0.00345739 0.00348464 3
464 0.236108 0.000751303 0.00192742 0.00348464 3
465 0.237367 0.000751303 0.00194141 0.00196154 3
466 0.236108 0.00128831 0.00345739 0.00348464 3
467 0.237367 0.00128831 0.00346781 0.00349551 3
468 0.21924 0.00128831 0.00452913 0.00686048 3
469 0.220499 0.00128831 0.00437112 0.00439845 3
470 0.21924 0.00207356 0.00683542 0.00686048 3
471 0.220499 0.00207356 0.00667227 0.00669691 3
472 0.220499 0.00128831 0.00437112 0.00669691 3
473 0.222064 0.00128831 0.0041934 0.00422028 3
474 0.220499 0.00207356 0.00667227 0.00669691 3
475 0.222064 0.00207356 0.00648815 0.00651239 3
476 0.222064 0.00128831 0.0041934 0.00651239 3
477 0.224082 0.00128831 0.00398661 0.00401852 3
478 0.222064 0.00207356 0.00648815 0.00651239 3
479 0.224082 0.00207356 0.0062734 0.00630216 3
480 0.224082 0.00128831 0.00398661 0.00630216 3
481 0.227033 0.00128831 0.00375123 0.00378025 3
482 0.224082 0.00207356 0.0062734 0.00630216 3
483 0.227033 0.00207356 0.00602588 0.00605204 3
484 0.227033 0.00128831 0.00375123 0.00605204 3
485 0.229574 0.00128831 0.00360257 0.00363157 3
486 0.227033 0.00207356 0.00602588 0.00605204 3
487 0.229574 0.00207356 0.00586689 0.00589303 3
488 0.229574 0.00128831 0.00360257 0.00589303 3
489 0.232525 0.00128831 0.00349254 0.0035244 3
490 0.229574 0.00207356 0.00586689 0.00589303 3
491 0.232525 0.00207356 0.00574502 0.00577373 3
492 0.232525 0.00128831 0.00349254 0.00577373 3
493 0.234543 0.00128831 0.00346299 0.00348981 3
494 0.232525 0.00207356 0.00574502 0.00577373 3
495 0.234543 0.00207356 0.00570702 0.0057312 3
496 0.234543 0.00128831 0.00346299 0.0057312 3
497 0.236108 0.00128831 0.00345739 0.00348464 3
498 0.234543 0.00207356 0.00570702 0.0057312 3
499 0.236108 0.00207356 0.00569509 0.00571966 3
500 0.236108 0.00128831 0.00345739 0.00571966 3
501 0.237367 0.00128831 0.00346781 0.00349551 3
502 0.236108 0.00207356 0.00569509 0.00571966 3
503 0.237367 0.00207356 0.00570043 0.0057254 3
504 0.21924 0.00207356 0.00683542 0.00883985 3
505 0.220499 0.00207356 0.00667227 0.00669691 3
506 0.21924 0.00274967 0.0088148 0.00883985 3
507 0.220499 0.00274967 0.00864725 0.00867189 3
508 0.220499 0.00207356 0.00667227 0.00867189 3
509 0.222064 0.00207356 0.00648815 0.00651239 3
510 0.220499 0.00274967 0.00864725 0.00867189 3
511 0.222064 0.00274967 0.00845768 0.00848191 3
512 0.222064 0.00207356 0.00648815 0.00848191 3
513 0.224082 0.00207356 0.0062734 0.00630216 3
514 0.222064 0.00274967 0.00845768 0.00848191 3
515 0.224082 0.00274967 0.00823589 0.00826465 3
516 0.224082 0.00207356 0.0062734 0.00826465 3
517 0.227033 0.00207356 0.00602588 0.00605204 3
518 0.224082 0.00274967 0.00823589 0.00826465 3
519 0.227033 0.00274967 0.00797808 0.00800424 3
520 0.227033 0.00207356 0.00602588 0.00800424 3
521 0.229574 0.00207356 0.00586689 0.00589303 3
522 0.227033 0.00274967 0.00797808 0.00800424 3
523 0.229574 0.00274967 0.00781024 0.00783639 3
524 0.229574 0.00207356 0.00586689 0.00783639 3
525 0.232525 0.00207356 0.00574502 0.00577373 3
526 0.229574 0.00274967 0.00781024 0.00783639 3
527 0.232525 0.00274967 0.0076781 0.00770681 3
528 0.232525 0.00207356 0.00574502 0.00770681 3
529 0.234543 0.00207356 0.00570702 0.0057312 3
530 0.232525 0.00274967 0.0076781 0.00770681 3
531 0.234543 0.00274967 0.00763308 0.00765726 3
532 0.234543 0.00207356 0.00570702 0.00765726 3
533 0.236108 0.00207356 0.00569509 0.00571966 3
534 0.234543 0.00274967 0.00763308 0.00765726 3
535 0.236108 0.00274967 0.00761571 0.00764028 3
536 0.236108 0.00207356 0.00569509 0.00764028 3
537 0.237367 0.00207356 0.00570043 0.0057254 3
538 0.236108 0.00274967 0.00761571 0.00764028 3
539 0.237367 0.00274967 0.00761668 0.00764165 3
540 0.21924 0.00274967 0.0088148 0.0111341 3
541 0.220499 0.00274967 0.00864725 0.00867189 3
542 0.21924 0.00353492 0.0111063 0.0111341 3
543 0.220499 0.00353492 0.0109337 0.0109611 3
544 0.220499 0.00274967 0.00864725 0.0109611 3
545 0.222064 0.00274967 0.00845768 0.00848191 3
546 0.220499 0.00353492 0.0109337 0.0109611 3
547 0.222064 0.00353492 0.0107379 0.0107648 3
548 0.222064 0.00274967 0.00845768 0.0107648 3
549 0.224082 0.00274967 0.00823589 0.00826465 3
550 0.222064 0.00353492 0.0107379 0.0107648 3
551 0.224082 0.00353492 0.0105077 0.0105396 3
552 0.224082 0.00274967 0.00823589 0.0105396 3
553 0.227033 0.00274967 0.00797808 0.00800424 3
554 0.224082 0.00353492 0.0105077 0.0105396 3
555 0.227033 0.00353492 0.0102382 0.0102672 3
556 0.227033 0.00274967 0.00797808 0.0102672 3
557 0.229574 0.00274967 0.00781024 0.00783639 3
558 0.227033 0.00353492 0.0102382 0.0102672 3
559 0.229574 0.00353492 0.0100601 0.0100891 3
560 0.229574 0.00274967 0.00781024 0.0100891 3
561 0.232525 0.00274967 0.0076781 0.00770681 3
562 0.229574 0.00353492 0.0100601 0.0100891 3
563 0.232525 0.00353492 0.00991592 0.00994778 3
564 0.232525 0.00274967 0.0076781 0.00994778 3
565 0.234543 0.00274967 0.00763308 0.00765726 3
566 0.232525 0.00353492 0.00991592 0.00994778 3
567 0.234543 0.00353492 0.00986304 0.00988986 3
568 0.234543 0.00274967 0.00763308 0.00988986 3
569 0.236108 0.00274967 0.00761571 0.00764028 3
570 0.234543 0.00353492 0.00986304 0.00988986 3
571 0.236108 0.00353492 0.00983936 0.00986662 3
572 0.236108 0.00274967 0.00761571 0.00986662 3
573 0.237367 0.00274967 0.00761668 0.00764165 3
574 0.236108 0.00353492 0.00983936 0.00986662 3
575 0.237367 0.00353492 0.00983524 0.00986295 3
576 0.21924 0.00353492 0.0111063 0.0126939 3
577 0.220499 0.00353492 0.0109337 0.0109611 3
578 0.21924 0.00407193 0.0126737 0.0126939 3
579 0.220499 0.00407193 0.0124976 0.0125174 3
580 0.220499 0.00353492 0.0109337 0.0125174 3
581 0.222064 0.00353492 0.0107379 0.0107648 3
582 0.220499 0.00407193 0.0124976 0.0125174 3
583 0.222064 0.00407193 0.0122974 0.0123169 3
584 0.222064 0.00353492 0.0107379 0.0123169 3
585 0.224082 0.00353492 0.0105077 0.0105396 3
586 0.222064 0.00407193 0.0122974 0.0123169 3
587 0.224082 0.00407193 0.0120622 0.0120854 3
588 0.224082 0.00353492 0.0105077 0.0120854 3
589 0.227033 0.00353492 0.0102382 0.0102672 3
590 0.224082 0.00407193 0.0120622 0.0120854 3
591 0.227033 0.00407193 0.0117842 0.0118053 3
592 0.227033 0.00353492 0.0102382 0.0118053 3
593 0.229574 0.00353492 0.0100601 0.0100891 3
594 0.227033 0.00407193 0.0117842 0.0118053 3
595 0.229574 0.00407193 0.0115992 0.0116203 3
596 0.229574 0.00353492 0.0100601 0.0116203 3
597 0.232525 0.00353492 0.00991592 0.00994778 3
598 0.229574 0.00407193 0.0115992 0.0116203 3
599 0.232525 0.00407193 0.0114473 0.0114704 3
600 0.232525 0.00353492 0.00991592 0.0114704 3
601 0.234543 0.00353492 0.00986304 0.00988986 3
602 0.232525 0.00407193 0.0114473 0.0114704 3
603 0.234543 0.00407193 0.0113883 0.0114078 3
604 0.234543 0.00353492 0.00986304 0.0114078 3
605 0.236108 0.00353492 0.00983936 0.00986662 3
606 0.234543 0.00407193 0.0113883 0.0114078 3
607 0.236108 0.00407193 0.0113604 0.0113802 3
608 0.236108 0.00353492 0.00983936 0.0113802 3
609 0.237367 0.00353492 0.00983524 0.00986295 3
610 0.236108 0.00407193 0.0113604 0.0113802 3
611 0.237367 0.00407193 0.0113529 0.011373 3
612 0.21924 0.00407193 0.0126737 0.0139073 3
613 0.220499 0.00407193 0.0124976 0.0125174 3
614 0.21924 0.00448826 0.013882 0.0139073 3
615 0.220499 0.00448826 0.0137033 0.0137282 3
616 0.220499 0.00407193 0.0124976 0.0137282 3
617 0.222064 0.00407193 0.0122974 0.0123169 3
618 0.220499 0.00448826 0.0137033 0.0137282 3
619 0.222064 0.00448826 0.0134998 0.0135243 3
620 0.222064 0.00407193 0.0122974 0.0135243 3
621 0.224082 0.00407193 0.0120622 0.0120854 3
622 0.222064 0.00448826 0.0134998 0.0135243 3
623 0.224082 0.00448826 0.0132599 0.013289 3
624 0.224082 0.00407193 0.0120622 0.013289 3
625 0.227033 0.00407193 0.0117842 0.0118053 3
626 0.224082 0.00448826 0.0132599 0.013289 3
627 0.227033 0.00448826 0.012976 0.0130024 3
628 0.227033 0.00407193 0.0117842 0.0130024 3
629 0.229574 0.00407193 0.0115992 0.0116203 3
630 0.227033 0.00448826 0.012976 0.0130024 3
631 0.229574 0.00448826 0.0127855 0.012812 3
632 0.229574 0.00407193 0.0115992 0.012812 3
633 0.232525 0.00407193 0.0114473 0.0114704 3
634 0.229574 0.00448826 0.0127855 0.012812 3
635 0.232525 0.00448826 0.0126271 0.0126561 3
636 0.232525 0.00407193 0.0114473 0.0126561 3
637 0.234543 0.00407193 0.0113883 0.0114078 3
638 0.232525 0.00448826 0.0126271 0.0126561 3
639 0.234543 0.00448826 0.0125643 0.0125887 3
640 0.234543 0.00407193 0.0113883 0.0125887 3
641 0.236108 0.00407193 0.0113604 0.0113802 3
642 0.234543 0.00448826 0.0125643 0.0125887 3
643 0.236108 0.00448826 0.012533 0.0125579 3
644 0.236108 0.00407193 0.0113604 0.0125579 3
645 0.237367 0.00407193 0.0113529 0.011373 3
646 0.236108 0.00448826 0.012533 0.0125579 3
647 0.237367 0.00448826 0.0125228 0.0125481 3
648 0.21924 0.00448826 0.013882 0.0148767 3
649 0.220499 0.00448826 0.0137033 0.0137282 3
650 0.21924 0.00482323 0.0148583 0.0148767 3
651 0.220499 0.00482323 0.0146773 0.0146955 3
652 0.220499 0.00448826 0.0137033 0.0146955 3
653 0.222064 0.00448826 0.0134998 0.0135243 3
654 0.220499 0.00482323 0.0146773 0.0146955 3
655 0.222064 0.00482323 0.0144711 0.014489 3
656 0.222064 0.00448826 0.0134998 0.014489 3
657 0.224082 0.00448826 0.0132599 0.013289 3
658 0.222064 0.00482323 0.0144711 0.014489 3
659 0.224082 0.00482323 0.0142285 0.0142496 3
660 0.224082 0.00448826 0.0132599 0.0142496 3
661 0.227033 0.00448826 0.012976 0.0130024 3
662 0.224082 0.00482323 0.0142285 0.0142496 3
663 0.227033 0.00482323 0.0139391 0.0139583 3
664 0.227033 0.00448826 0.012976 0.0139583 3
665 0.229574 0.00448826 0.0127855 0.012812 3
666 0.227033 0.00482323 0.0139391 0.0139583 3
667 0.229574 0.00482323 0.0137444 0.0137636 3
668 0.229574 0.00448826 0.0127855 0.0137636 3
669 0.232525 0.00448826 0.0126271 0.0126561 3
670 0.229574 0.00482323 0.0137444 0.0137636 3
671 0.232525 0.00482323 0.0135813 0.0136024 3
672 0.232525 0.00448826 0.0126271 0.0136024 3
673 0.234543 0.00448826 0.0125643 0.0125887 3
674 0.232525 0.00482323 0.0135813 0.0136024 3
675 0.234543 0.00482323 0.0135144 0.0135322 3
676 0.234543 0.00448826 0.0125643 0.0135322 3
677 0.236108 0.00448826 0.012533 0.0125579 3
678 0.234543 0.00482323 0.0135144 0.0135322 3
679 0.236108 0.00482323 0.0134805 0.0134986 3
680 0.236108 0.00448826 0.012533 0.0134986 3
681 0.237367 0.00448826 0.0125228 0.0125481 3
682 0.236108 0.00482323 0.0134805 0.0134986 3
683 0.237367 0.00482323 0.0134682 0.0134866 3
684 0.237367 0 -0.00086286 0.000128608 -2
685 0.249763 0 0.000164597 0.00102523 -2
686 0.237367 0.00482323 0.0126752 0.0139643 -2
687 0.249763 0.00482323 0.0134199 0.0145284 -2
688 0.237367 0 -0.000197106 0.000770453 3
689 0.238227 0 -0.000177854 -0.000168839 3
690 0.237367 0.000334971 0.000758113 0.000770453 3
691 0.238227 0.000334971 0.000775889 0.000788034 3
692 0.238227 0 -0.000177854 0.000788034 3
693 0.239297 0 -0.00014525 -0.000136374 3
694 0.238227 0.000334971 0.000775889 0.000788034 3
695 0.239297 0.000334971 0.000806651 0.000818604 3
696 0.239297 0 -0.00014525 0.000818604 3
697 0.240678 0 -9.23652e-05 -8.19668e-05 3
698 0.239297 0.000334971 0.000806651 0.000818604 3
699 0.240678 0.000334971 0.000856825 0.000870911 3
700 0.240678 0 -9.23652e-05 0.000870911 3
701 0.242696 0 1.5365e-05 2.48853e-05 3
702 0.240678 0.000334971 0.000856825 0.000870911 3
703 0.242696 0.000334971 0.000961208 0.000974068 3
704 0.242696 0 1.5365e-05 0.000974068 3
705 0.244433 0 0.000133397 0.00014291 3
706 0.242696 0.000334971 0.000961208 0.000974068 3
707 0.244433 0.000334971 0.00107621 0.00108906 3
708 0.244433 0 0.000133397 0.00108906 3
709 0.246452 0 0.000299813 0.000310188 3
710 0.244433 0.000334971 0.00107621 0.00108906 3
711 0.246452 0.000334971 0.00123894 0.001253 3
712 0.246452 0 0.000299813 0.001253 3
713 0.247832 0 0.000434368 0.00044321 3
714 0.246452 0.000334971 0.00123894 0.001253 3
715 0.247832 0.000334971 0.00137139 0.00138331 3
716 0.247832 0 0.000434368 0.00138331 3
717 0.248902 0 0.00054705 0.000556024 3
718 0.247832 0.000334971 0.00137139 0.00138331 3
719 0.248902 0.000334971 0.00148219 0.00149429 3
720 0.248902 0 0.00054705 0.00149429 3
721 0.249763 0 0.000644667 0.000653774 3
722 0.248902 0.000334971 0.00148219 0.00149429 3
723 0.249763 0.000334971 0.00157828 0.00159057 3
724 0.237367 0.000334971 0.000758113 0.0019568 3
725 0.238227 0.000334971 0.000775889 0.000788034 3
726 0.237367 0.000751303 0.00194684 0.0019568 3
727 0.238227 0.000751303 0.00196273 0.00197254 3
728 0.238227 0.000334971 0.000775889 0.00197254 3
729 0.239297 0.000334971 0.000806651 0.000818604 3
730 0.238227 0.000751303 0.00196273 0.00197254 3
731 0.239297 0.000751303 0.00199116 0.00200081 3
732 0.239297 0.000334971 0.000806651 0.00200081 3
733 0.240678 0.000334971 0.000856825 0.000870911 3
734 0.239297 0.000751303 0.00199116 0.00200081 3
735 0.240678 0.000751303 0.00203856 0.0020499 3
736 0.240678 0.000334971 0.000856825 0.0020499 3
737 0.242696 0.000334971 0.000961208 0.000974068 3
738 0.240678 0.000751303 0.00203856 0.0020499 3
739 0.242696 0.000751303 0.00213846 0.00214883 3
740 0.242696 0.000334971 0.000961208 0.00214883 3
741 0.244433 0.000334971 0.00107621 0.00108906 3
742 0.242696 0.000751303 0.00213846 0.00214883 3
743 0.244433 0.000751303 0.00224971 0.00226007 3
744 0.244433 0.000334971 0.00107621 0.00226007 3
745 0.246452 0.000334971 0.00123894 0.001253 3
746 0.244433 0.000751303 0.00224971 0.00226007 3
747 0.246452 0.000751303 0.0024082 0.00241951 3
748 0.246452 0.000334971 0.00123894 0.00241951 3
749 0.247832 0.000334971 0.00137139 0.00138331 3
750 0.246452 0.000751303 0.0024082 0.00241951 3
751 0.247832 0.000751303 0.00253745 0.00254708 3
752 0.247832 0.000334971 0.00137139 0.00254708 3
753 0.248902 0.000334971 0.00148219 0.00149429 3
754 0.247832 0.000751303 0.00253745 0.00254708 3
755 0.248902 0.000751303 0.00264596 0.00265573 3
756 0.248902 0.000334971 0.00148219 0.00265573 3
757 0.249763 0.000334971 0.00157828 0.00159057 3
758 0.248902 0.000751303 0.00264596 0.00265573 3
759 0.249763 0.000751303 0.00274021 0.00275013 3
760 0.237367 0.000751303 0.00194684 0.00348853 3
761 0.238227 0.000751303 0.00196273 0.00197254 3
762 0.237367 0.00128831 0.00347493 0.00348853 3
763 0.238227 0.00128831 0.00348845 0.00350184 3
764 0.238227 0.000751303 0.00196273 0.00350184 3
765 0.239297 0.000751303 0.00199116 0.00200081 3
766 0.238227 0.00128831 0.00348845 0.00350184 3
767 0.239297 0.00128831 0.00351393 0.0035271 3
768 0.239297 0.000751303 0.00199116 0.0035271 3
769 0.240678 0.000751303 0.00203856 0.0020499 3
770 0.239297 0.00128831 0.00351393 0.0035271 3
771 0.240678 0.00128831 0.00355721 0.00357272 3
772 0.240678 0.000751303 0.00203856 0.00357272 3
773 0.242696 0.000751303 0.00213846 0.00214883 3
774 0.240678 0.00128831 0.00355721 0.00357272 3
775 0.242696 0.00128831 0.00365165 0.00366581 3
776 0.242696 0.000751303 0.00213846 0.00366581 3
777 0.244433 0.000751303 0.00224971 0.00226007 3
778 0.242696 0.00128831 0.00365165 0.00366581 3
779 0.244433 0.00128831 0.00375807 0.00377222 3
780 0.244433 0.000751303 0.00224971 0.00377222 3
781 0.246452 0.000751303 0.0024082 0.00241951 3
782 0.244433 0.00128831 0.00375807 0.00377222 3
783 0.246452 0.00128831 0.00391079 0.00392627 3
784 0.246452 0.000751303 0.0024082 0.00392627 3
785 0.247832 0.000751303 0.00253745 0.00254708 3
786 0.246452 0.00128831 0.00391079 0.00392627 3
787 0.247832 0.00128831 0.0040365 0.00404963 3
788 0.247832 0.000751303 0.00253745 0.00404963 3
789 0.248902 0.000751303 0.00264596 0.00265573 3
790 0.247832 0.00128831 0.0040365 0.00404963 3
791 0.248902 0.00128831 0.004142 0.00415534 3
792 0.248902 0.000751303 0.00264596 0.00415534 3
793 0.249763 0.000751303 0.00274021 0.00275013 3
794 0.248902 0.00128831 0.004142 0.00415534 3
795 0.249763 0.00128831 0.00423384 0.00424738 3
796 0.237367 0.00128831 0.00347493 0.00571911 3
797 0.238227 0.00128831 0.00348845 0.00350184 3
798 0.237367 0.00207356 0.00570684 0.00571911 3
799 0.238227 0.00207356 0.00571686 0.00572894 3
800 0.238227 0.00128831 0.00348845 0.00572894 3
801 0.239297 0.00128831 0.00351393 0.0035271 3
802 0.238227 0.00207356 0.00571686 0.00572894 3
803 0.239297 0.00207356 0.00573799 0.00574988 3
804 0.239297 0.00128831 0.00351393 0.00574988 3
805 0.240678 0.00128831 0.00355721 0.00357272 3
806 0.239297 0.00207356 0.00573799 0.00574988 3
807 0.240678 0.00207356 0.0057758 0.00578979 3
808 0.240678 0.00128831 0.00355721 0.00578979 3
809 0.242696 0.00128831 0.00365165 0.00366581 3
810 0.240678 0.00207356 0.0057758 0.00578979 3
811 0.242696 0.00207356 0.00586199 0.00587477 3
812 0.242696 0.00128831 0.00365165 0.00587477 3
813 0.244433 0.00128831 0.00375807 0.00377222 3
814 0.242696 0.00207356 0.00586199 0.00587477 3
815 0.244433 0.00207356 0.00596138 0.00597415 3
816 0.244433 0.00128831 0.00375807 0.00597415 3
817 0.246452 0.00128831 0.00391079 0.00392627 3
818 0.244433 0.00207356 0.00596138 0.00597415 3
819 0.246452 0.00207356 0.006106 0.00611997 3
820 0.246452 0.00128831 0.00391079 0.00611997 3
821 0.247832 0.00128831 0.0040365 0.00404963 3
822 0.246452 0.00207356 0.006106 0.00611997 3
823 0.247832 0.00207356 0.006226 0.00623786 3
824 0.247832 0.00128831 0.0040365 0.00623786 3
825 0.248902 0.00128831 0.004142 0.00415534 3
826 0.247832 0.00207356 0.006226 0.00623786 3
827 0.248902 0.00207356 0.0063272 0.00633923 3
828 0.248902 0.00128831 0.004142 0.00633923 3
829 0.249763 0.00128831 0.00423384 0.00424738 3
830 0.248902 0.00207356 0.0063272 0.00633923 3
831 0.249763 0.00207356 0.00641557 0.00642779 3
832 0.237367 0.00207356 0.00570684 0.00763536 3
833 0.238227 0.00207356 0.00571686 0.00572894 3
834 0.237367 0.00274967 0.00762309 0.00763536 3
835 0.238227 0.00274967 0.00763012 0.00764219 3
836 0.238227 0.00207356 0.00571686 0.00764219 3
837 0.239297 0.00207356 0.00573799 0.00574988 3
838 0.238227 0.00274967 0.00763012 0.00764219 3
839 0.239297 0.00274967 0.00764752 0.00765941 3
840 0.239297 0.00207356 0.00573799 0.00765941 3
841 0.240678 0.00207356 0.0057758 0.00578979 3
842 0.239297 0.00274967 0.00764752 0.00765941 3
843 0.240678 0.00274967 0.00768054 0.00769453 3
844 0.240678 0.00207356 0.0057758 0.00769453 3
845 0.242696 0.00207356 0.00586199 0.00587477 3
846 0.240678 0.00274967 0.00768054 0.00769453 3
847 0.242696 0.00274967 0.00775973 0.00777251 3
848 0.242696 0.00207356 0.00586199 0.00777251 3
849 0.244433 0.00207356 0.00596138 0.00597415 3
850 0.242696 0.00274967 0.00775973 0.00777251 3
851 0.244433 0.00274967 0.00785308 0.00786585 3
852 0.244433 0.00207356 0.00596138 0.00786585 3
853 0.246452 0.00207356 0.006106 0.00611997 3
854 0.244433 0.00274967 0.00785308 0.00786585 3
855 0.246452 0.00274967 0.00799071 0.00800467 3
856 0.246452 0.00207356 0.006106 0.00800467 3
857 0.247832 0.00207356 0.006226 0.00623786 3
858 0.246452 0.00274967 0.00799071 0.00800467 3
859 0.247832 0.00274967 0.00810593 0.00811778 3
860 0.247832 0.00207356 0.006226 0.00811778 3
861 0.248902 0.00207356 0.0063272 0.00633923 3
862 0.247832 0.00274967 0.00810593 0.00811778 3
863 0.248902 0.00274967 0.00820341 0.00821544 3
864 0.248902 0.00207356 0.0063272 0.00821544 3
865 0.249763 0.00207356 0.00641557 0.00642779 3
866 0.248902 0.00274967 0.00820341 0.00821544 3
867 0.249763 0.00274967 0.0082888 0.00830102 3
868 0.237367 0.00274967 0.00762309 0.00985596 3
869 0.238227 0.00274967 0.00763012 0.00764219 3
870 0.237367 0.00353492 0.00984236 0.00985596 3
871 0.238227 0.00353492 0.00984594 0.00985933 3
872 0.238227 0.00274967 0.00763012 0.00985933 3
873 0.239297 0.00274967 0.00764752 0.00765941 3
874 0.238227 0.00353492 0.00984594 0.00985933 3
875 0.239297 0.00353492 0.00985906 0.00987224 3
876 0.239297 0.00274967 0.00764752 0.00987224 3
877 0.240678 0.00274967 0.00768054 0.00769453 3
878 0.239297 0.00353492 0.00985906 0.00987224 3
879 0.240678 0.00353492 0.00988642 0.00990193 3
880 0.240678 0.00274967 0.00768054 0.00990193 3
881 0.242696 0.00274967 0.00775973 0.00777251 3
882 0.240678 0.00353492 0.00988642 0.00990193 3
883 0.242696 0.00353492 0.00995758 0.00997174 3
884 0.242696 0.00274967 0.00775973 0.00997174 3
885 0.244433 0.00274967 0.00785308 0.00786585 3
886 0.242696 0.00353492 0.00995758 0.00997174 3
887 0.244433 0.00353492 0.010044 0.0100581 3
888 0.244433 0.00274967 0.00785308 0.0100581 3
889 0.246452 0.00274967 0.00799071 0.00800467 3
890 0.244433 0.00353492 0.010044 0.0100581 3
891 0.246452 0.00353492 0.0101734 0.0101889 3
892 0.246452 0.00274967 0.00799071 0.0101889 3
893 0.247832 0.00274967 0.00810593 0.00811778 3
894 0.246452 0.00353492 0.0101734 0.0101889 3
895 0.247832 0.00353492 0.0102832 0.0102964 3
896 0.247832 0.00274967 0.00810593 0.0102964 3
897 0.248902 0.00274967 0.00820341 0.00821544 3
898 0.247832 0.00353492 0.0102832 0.0102964 3
899 0.248902 0.00353492 0.0103764 0.0103898 3
900 0.248902 0.00274967 0.00820341 0.0103898 3
901 0.249763 0.00274967 0.0082888 0.00830102 3
902 0.248902 0.00353492 0.0103764 0.0103898 3
903 0.249763 0.00353492 0.0104583 0.0104719 3
904 0.237367 0.00353492 0.00984236 0.0113683 3
905 0.238227 0.00353492 0.00984594 0.00985933 3
906 0.237367 0.00407193 0.0113583 0.0113683 3
907 0.238227 0.00407193 0.0113595 0.0113693 3
908 0.238227 0.00353492 0.00984594 0.0113693 3
909 0.239297 0.00353492 0.00985906 0.00987224 3
910 0.238227 0.00407193 0.0113595 0.0113693 3
911 0.239297 0.00407193 0.0113697 0.0113793 3
912 0.239297 0.00353492 0.00985906 0.0113793 3
913 0.240678 0.00353492 0.00988642 0.00990193 3
914 0.239297 0.00407193 0.0113697 0.0113793 3
915 0.240678 0.00407193 0.0113935 0.0114049 3
916 0.240678 0.00353492 0.00988642 0.0114049 3
917 0.242696 0.00353492 0.00995758 0.00997174 3
918 0.240678 0.00407193 0.0113935 0.0114049 3
919 0.242696 0.00407193 0.011459 0.0114694 3
920 0.242696 0.00353492 0.00995758 0.0114694 3
921 0.244433 0.00353492 0.010044 0.0100581 3
922 0.242696 0.00407193 0.011459 0.0114694 3
923 0.244433 0.00407193 0.0115407 0.011551 3
924 0.244433 0.00353492 0.010044 0.011551 3
925 0.246452 0.00353492 0.0101734 0.0101889 3
926 0.244433 0.00407193 0.0115407 0.011551 3
927 0.246452 0.00407193 0.0116648 0.0116761 3
928 0.246452 0.00353492 0.0101734 0.0116761 3
929 0.247832 0.00353492 0.0102832 0.0102964 3
930 0.246452 0.00407193 0.0116648 0.0116761 3
931 0.247832 0.00407193 0.0117705 0.0117802 3
932 0.247832 0.00353492 0.0102832 0.0117802 3
933 0.248902 0.00353492 0.0103764 0.0103898 3
934 0.247832 0.00407193 0.0117705 0.0117802 3
935 0.248902 0.00407193 0.0118608 0.0118706 3
936 0.248902 0.00353492 0.0103764 0.0118706 3
937 0.249763 0.00353492 0.0104583 0.0104719 3
938 0.248902 0.00407193 0.0118608 0.0118706 3
939 0.249763 0.00407193 0.0119404 0.0119503 3
940 0.237367 0.00407193 0.0113583 0.0125419 3
941 0.238227 0.00407193 0.0113595 0.0113693 3
942 0.237367 0.00448826 0.0125296 0.0125419 3
943 0.238227 0.00448826 0.012529 0.0125411 3
944 0.238227 0.00407193 0.0113595 0.0125411 3
945 0.239297 0.00407193 0.0113697 0.0113793 3
946 0.238227 0.00448826 0.012529 0.0125411 3
947 0.239297 0.00448826 0.0125369 0.0125489 3
948 0.239297 0.00407193 0.0113697 0.0125489 3
949 0.240678 0.00407193 0.0113935 0.0114049 3
950 0.239297 0.00448826 0.0125369 0.0125489 3
951 0.240678 0.00448826 0.0125576 0.0125717 3
952 0.240678 0.00407193 0.0113935 0.0125717 3
953 0.242696 0.00407193 0.011459 0.0114694 3
954 0.240678 0.00448826 0.0125576 0.0125717 3
955 0.242696 0.00448826 0.012619 0.0126318 3
956 0.242696 0.00407193 0.011459 0.0126318 3
957 0.244433 0.00407193 0.0115407 0.011551 3
958 0.242696 0.00448826 0.012619 0.0126318 3
959 0.244433 0.00448826 0.0126969 0.0127098 3
960 0.244433 0.00407193 0.0115407 0.0127098 3
961 0.246452 0.00407193 0.0116648 0.0116761 3
962 0.244433 0.00448826 0.0126969 0.0127098 3
963 0.246452 0.00448826 0.0128167 0.0128307 3
964 0.246452 0.00407193 0.0116648 0.0128307 3
965 0.247832 0.00407193 0.0117705 0.0117802 3
966 0.246452 0.00448826 0.0128167 0.0128307 3
967 0.247832 0.00448826 0.0129197 0.0129317 3
968 0.247832 0.00407193 0.0117705 0.0129317 3
969 0.248902 0.00407193 0.0118608 0.0118706 3
970 0.247832 0.00448826 0.0129197 0.0129317 3
971 0.248902 0.00448826 0.0130077 0.0130199 3
972 0.248902 0.00407193 0.0118608 0.0130199 3
973 0.249763 0.00407193 0.0119404 0.0119503 3
974 0.248902 0.00448826 0.0130077 0.0130199 3
975 0.249763 0.00448826 0.0130855 0.0130978 3
976 0.237367 0.00448826 0.0125296 0.0134823 3
977 0.238227 0.00448826 0.012529 0.0125411 3
978 0.237367 0.00482323 0.0134732 0.0134823 3
979 0.238227 0.00482323 0.0134711 0.0134801 3
980 0.238227 0.00448826 0.012529 0.0134801 3
981 0.239297 0.00448826 0.0125369 0.0125489 3
982 0.238227 0.00482323 0.0134711 0.0134801 3
983 0.239297 0.00482323 0.0134772 0.0134861 3
984 0.239297 0.00448826 0.0125369 0.0134861 3
985 0.240678 0.00448826 0.0125576 0.0125717 3
986 0.239297 0.00482323 0.0134772 0.0134861 3
987 0.240678 0.00482323 0.0134959 0.0135063 3
988 0.240678 0.00448826 0.0125576 0.0135063 3
989 0.242696 0.00448826 0.012619 0.0126318 3
990 0.240678 0.00482323 0.0134959 0.0135063 3
991 0.242696 0.00482323 0.0135536 0.0135631 3
992 0.242696 0.00448826 0.012619 0.0135631 3
993 0.244433 0.00448826 0.0126969 0.0127098 3
994 0.242696 0.00482323 0.0135536 0.0135631 3
995 0.244433 0.00482323 0.0136286 0.0136381 3
996 0.244433 0.00448826 0.0126969 0.0136381 3
997 0.246452 0.00448826 0.0128167 0.0128307 3
998 0.244433 0.00482323 0.0136286 0.0136381 3
999 0.246452 0.00482323 0.0137451 0.0137555 3
1000 0.246452 0.00448826 0.0128167 0.0137555 3
1001 0.247832 0.00448826 0.0129197 0.0129317 3
1002 0.246452 0.00482323 0.0137451 0.0137555 3
1003 0.247832 0.00482323 0.0138455 0.0138544 3
1004 0.247832 0.00448826 0.0129197 0.0138544 3
1005 0.248902 0.00448826 0.0130077 0.0130199 3
1006 0.247832 0.00482323 0.0138455 0.0138544 3
1007 0.248902 0.00482323 0.0139318 0.0139407 3
1008 0.248902 0.00448826 0.0130077 0.0139407 3
1009 0.249763 0.00448826 0.0130855 0.0130978 3
1010 0.248902 0.00482323 0.0139318 0.0139407 3
1011 0.249763 0.00482323 0.0140081 0.0140172 3
1012 0.249763 0 0.000164597 0.00102523 2
1013 0.259373 0 0.0016336 0.00249709 2
1014 0.249763 0.00482323 0.0134199 0.0145284 2
1015 0.259373 0.00482323 0.0146489 0.015765 2
1016 0.259373 0 0.0016336 0.00249709 2
1017 0.267105 0 0.00337514 0.004243 2
1018 0.259373 0.00482323 0.0146489 0.015765 2
1019 0.267105 0.00482323 0.0161976 0.0173226 2
1020 0.155768 0.00482323 0.0396849 0.0409149 2
1021 0.1635 0.00482323 0.0348362 0.0360428 2
1022 0.155768 0.010818 0.0588946 0.0599283 2
1023 0.1635 0.010818 0.053813 0.0548267 2
1024 0.1635 0.00482323 0.0348362 0.0360428 2
1025 0.17311 0.00482323 0.029528 0.0307099 2
1026 0.1635 0.010818 0.053813 0.0548267 2
1027 0.17311 0.010818 0.0482157 0.0492081 2
1028 0.17311 0.00482323 0.029528 0.0307099 2
1029 0.185506 0.00482323 0.0235516 0.0248907 2
1030 0.17311 0.010818 0.0482157 0.0492081 2
1031 0.185506 0.010818 0.0418863 0.0429997 2
1032 0.185506 0.00482323 0.0235516 0.0248907 2
1033 0.203633 0.00482323 0.0173642 0.0185885 2
1034 0.185506 0.010818 0.0418863 0.0429997 2
1035 0.203633 0.010818 0.0351465 0.0361661 2
1036 0.203633 0.00482323 0.0173642 0.0185885 2
1037 0.21924 0.00482323 0.0140964 0.0153055 2
1038 0.203633 0.010818 0.0351465 0.0361661 2
1039 0.21924 0.010818 0.0314122 0.032417 2
1040 0.21924 0.00482323 0.0140964 0.0153055 2
1041 0.237367 0.00482323 0.0126752 0.0139643 2
1042 0.21924 0.010818 0.0314122 0.032417 2
1043 0.237367 0.010818 0.0294606 0.030525 2
1044 0.237367 0.00482323 0.0126752 0.0139643 2
1045 0.249763 0.00482323 0.0134199 0.0145284 2
1046 0.237367 0.010818 0.0294606 0.030525 2
1047 0.249763 0.010818 0.0298185 0.030739 2
1048 0.249763 0.00482323 0.0134199 0.0145284 2
1049 0.259373 0.00482323 0.0146489 0.015765 2
1050 0.249763 0.010818 0.0298185 0.030739 2
1051 0.259373 0.010818 0.0307639 0.0316887 2
1052 0.259373 0.00482323 0.0146489 0.015765 2
1053 0.267105 0.00482323 0.0161976 0.0173226 2
1054 0.259373 0.010818 0.0307639 0.0316887 2
1055 0.267105 0.010818 0.032085 0.0330156 2
1056 0.155768 0.010818 0.0588946 0.0599283 2
1057 0.1635 0.010818 0.053813 0.0548267 2
1058 0.155768 0.0185503 0.0828263 0.0841975 2
1059 0.1635 0.0185503 0.077463 0.078808 2
1060 0.1635 0.010818 0.053813 0.0548267 2
1061 0.17311 0.010818 0.0482157 0.0492081 2
1062 0.1635 0.0185503 0.077463 0.078808 2
1063 0.17311 0.0185503 0.0715145 0.0728318 2
1064 0.17311 0.010818 0.0482157 0.0492081 2
1065 0.185506 0.010818 0.0418863 0.0429997 2
1066 0.17311 0.0185503 0.0715145 0.0728318 2
1067 0.185506 0.0185503 0.0647096 0.0661973 2
1068 0.185506 0.010818 0.0418863 0.0429997 2
1069 0.203633 0.010818 0.0351465 0.0361661 2
1070 0.185506 0.0185503 0.0647096 0.0661973 2
1071 0.203633 0.0185503 0.0573136 0.0586745 2
1072 0.203633 0.010818 0.0351465 0.0361661 2
1073 0.21924 0.010818 0.0314122 0.032417 2
1074 0.203633 0.0185503 0.0573136 0.0586745 2
1075 0.21924 0.0185503 0.0530042 0.0543472 2
1076 0.21924 0.010818 0.0314122 0.032417 2
1077 0.237367 0.010818 0.0294606 0.030525 2
1078 0.21924 0.0185503 0.0530042 0.0543472 2
1079 0.237367 0.0185503 0.0503733 0.0518023 2
1080 0.237367 0.010818 0.0294606 0.030525 2
1081 0.249763 0.010818 0.0298185 0.030739 2
1082 0.237367 0.0185503 0.0503733 0.0518023 2
1083 0.249763 0.0185503 0.0502946 0.0515256 2
1084 0.249763 0.010818 0.0298185 0.030739 2
1085 0.259373 0.010818 0.0307639 0.0316887 2
1086 0.249763 0.0185503 0.0502946 0.0515256 2
1087 0.259373 0.0185503 0.0508845 0.052123 2
1088 0.259373 0.010818 0.0307639 0.0316887 2
1089 0.267105 0.010818 0.032085 0.0330156 2
1090 0.259373 0.0185503 0.0508845 0.052123 2
1091 0.267105 0.0185503 0.0519196 0.0531673 2
1092 0.155768 0.0185503 0.0828263 0.0841975 2
1093 0.1635 0.0185503 0.077463 0.078808 2
1094 0.155768 0.0298571 0.11669 0.117927 2
1095 0.1635 0.0298571 0.110943 0.112156 2
1096 0.1635 0.0185503 0.077463 0.078808 2
1097 0.17311 0.0185503 0.0715145 0.0728318 2
1098 0.1635 0.0298571 0.110943 0.112156 2
1099 0.17311 0.0298571 0.104517 0.105705 2
1100 0.17311 0.0185503 0.0715145 0.0728318 2
1101 0.185506 0.0185503 0.0647096 0.0661973 2
1102 0.17311 0.0298571 0.104517 0.105705 2
1103 0.185506 0.0298571 0.0971044 0.0984464 2
1104 0.185506 0.0185503 0.0647096 0.0661973 2
1105 0.203633 0.0185503 0.0573136 0.0586745 2
1106 0.185506 0.0298571 0.0971044 0.0984464 2
1107 0.203633 0.0298571 0.0887957 0.0900233 2
1108 0.203633 0.0185503 0.0573136 0.0586745 2
1109 0.21924 0.0185503 0.0530042 0.0543472 2
1110 0.203633 0.0298571 0.0887957 0.0900233 2
1111 0.21924 0.0298571 0.0837021 0.0849136 2
1112 0.21924 0.0185503 0.0530042 0.0543472 2
1113 0.237367 0.0185503 0.0503733 0.0518023 2
1114 0.21924 0.0298571 0.0837021 0.0849136 2
1115 0.237367 0.0298571 0.0801632 0.0814522 2
1116 0.237367 0.0185503 0.0503733 0.0518023 2
1117 0.249763 0.0185503 0.0502946 0.0515256 2
1118 0.237367 0.0298571 0.0801632 0.0814522 2
1119 0.249763 0.0298571 0.0794481 0.0805586 2
1120 0.249763 0.0185503 0.0502946 0.0515256 2
1121 0.259373 0.0185503 0.0508845 0.052123 2
1122 0.249763 0.0298571 0.0794481 0.0805586 2
1123 0.259373 0.0298571 0.0795529 0.0806701 2
1124 0.259373 0.0185503 0.0508845 0.052123 2
1125 0.267105 0.0185503 0.0519196 0.0531673 2
1126 0.259373 0.0298571 0.0795529 0.0806701 2
1127 0.267105 0.0298571 0.0801975 0.081323 2
1128 0.155768 0.0298571 0.11669 0.117927 2
1129 0.1635 0.0298571 0.110943 0.112156 2
1130 0.155768 0.0395924 0.144559 0.145795 2
1131 0.1635 0.0395924 0.138513 0.139725 2
1132 0.1635 0.0298571 0.110943 0.112156 2
1133 0.17311 0.0298571 0.104517 0.105705 2
1134 0.1635 0.0395924 0.138513 0.139725 2
1135 0.17311 0.0395924 0.131712 0.132899 2
1136 0.17311 0.0298571 0.104517 0.105705 2
1137 0.185506 0.0298571 0.0971044 0.0984464 2
1138 0.17311 0.0395924 0.131712 0.132899 2
1139 0.185506 0.0395924 0.123814 0.125155 2
1140 0.185506 0.0298571 0.0971044 0.0984464 2
1141 0.203633 0.0298571 0.0887957 0.0900233 2
1142 0.185506 0.0395924 0.123814 0.125155 2
1143 0.203633 0.0395924 0.114789 0.116015 2
1144 0.203633 0.0298571 0.0887957 0.0900233 2
1145 0.21924 0.0298571 0.0837021 0.0849136 2
1146 0.203633 0.0395924 0.114789 0.116015 2
1147 0.21924 0.0395924 0.109073 0.110284 2
1148 0.21924 0.0298571 0.0837021 0.0849136 2
1149 0.237367 0.0298571 0.0801632 0.0814522 2
1150 0.21924 0.0395924 0.109073 0.110284 2
1151 0.237367 0.0395924 0.104807 0.106094 2
1152 0.237367 0.0298571 0.0801632 0.0814522 2
1153 0.249763 0.0298571 0.0794481 0.0805586 2
1154 0.237367 0.0395924 0.104807 0.106094 2
1155 0.249763 0.0395924 0.103591 0.1047 2
1156 0.249763 0.0298571 0.0794481 0.0805586 2
1157 0.259373 0.0298571 0.0795529 0.0806701 2
1158 0.249763 0.0395924 0.103591 0.1047 2
1159 0.259373 0.0395924 0.103306 0.104422 2
1160 0.259373 0.0298571 0.0795529 0.0806701 2
1161 0.267105 0.0298571 0.0801975 0.081323 2
1162 0.259373 0.0395924 0.103306 0.104422 2
1163 0.267105 0.0395924 0.103637 0.104761 2
1164 0.155768 0.0395924 0.144559 0.145795 2
1165 0.1635 0.0395924 0.138513 0.139725 2
1166 0.155768 0.0508992 0.175475 0.176838 2
1167 0.1635 0.0508992 0.169115 0.170452 2
1168 0.1635 0.0395924 0.138513 0.139725 2
1169 0.17311 0.0395924 0.131712 0.132899 2
1170 0.1635 0.0508992 0.169115 0.170452 2
1171 0.17311 0.0508992 0.161922 0.163231 2
1172 0.17311 0.0395924 0.131712 0.132899 2
1173 0.185506 0.0395924 0.123814 0.125155 2
1174 0.17311 0.0508992 0.161922 0.163231 2
1175 0.185506 0.0508992 0.153502 0.154981 2
1176 0.185506 0.0395924 0.123814 0.125155 2
1177 0.203633 0.0395924 0.114789 0.116015 2
1178 0.185506 0.0508992 0.153502 0.154981 2
1179 0.203633 0.0508992 0.143723 0.145076 2
1180 0.203633 0.0395924 0.114789 0.116015 2
1181 0.21924 0.0395924 0.109073 0.110284 2
1182 0.203633 0.0508992 0.143723 0.145076 2
1183 0.21924 0.0508992 0.137345 0.13868 2
1184 0.21924 0.0395924 0.109073 0.110284 2
1185 0.237367 0.0395924 0.104807 0.106094 2
1186 0.21924 0.0508992 0.137345 0.13868 2
1187 0.237367 0.0508992 0.132295 0.133716 2
1188 0.237367 0.0395924 0.104807 0.106094 2
1189 0.249763 0.0395924 0.103591 0.1047 2
1190 0.237367 0.0508992 0.132295 0.133716 2
1191 0.249763 0.0508992 0.130551 0.131775 2
1192 0.249763 0.0395924 0.103591 0.1047 2
1193 0.259373 0.0395924 0.103306 0.104422 2
1194 0.249763 0.0508992 0.130551 0.131775 2
1195 0.259373 0.0508992 0.129846 0.131077 2
1196 0.259373 0.0395924 0.103306 0.104422 2
1197 0.267105 0.0395924 0.103637 0.104761 2
1198 0.259373 0.0508992 0.129846 0.131077 2
1199 0.267105 0.0508992 0.129836 0.131077 2
1200 0.155768 0.0508992 0.175475 0.176838 2
1201 0.1635 0.0508992 0.169115 0.170452 2
1202 0.155768 0.0586315 0.195907 0.196931 2
1203 0.1635 0.0586315 0.189351 0.190355 2
1204 0.1635 0.0508992 0.169115 0.170452 2
1205 0.17311 0.0508992 0.161922 0.163231 2
1206 0.1635 0.0586315 0.189351 0.190355 2
1207 0.17311 0.0586315 0.181912 0.182895 2
1208 0.17311 0.0508992 0.161922 0.163231 2
1209 0.185506 0.0508992 0.153502 0.154981 2
1210 0.17311 0.0586315 0.181912 0.182895 2
1211 0.185506 0.0586315 0.173193 0.174296 2
1212 0.185506 0.0508992 0.153502 0.154981 2
1213 0.203633 0.0508992 0.143723 0.145076 2
1214 0.185506 0.0586315 0.173193 0.174296 2
1215 0.203633 0.0586315 0.162928 0.163938 2
1216 0.203633 0.0508992 0.143723 0.145076 2
1217 0.21924 0.0508992 0.137345 0.13868 2
1218 0.203633 0.0586315 0.162928 0.163938 2
1219 0.21924 0.0586315 0.156134 0.157129 2
1220 0.21924 0.0508992 0.137345 0.13868 2
1221 0.237367 0.0508992 0.132295 0.133716 2
1222 0.21924 0.0586315 0.156134 0.157129 2
1223 0.237367 0.0586315 0.150604 0.151658 2
1224 0.237367 0.0508992 0.132295 0.133716 2
1225 0.249763 0.0508992 0.130551 0.131775 2
1226 0.237367 0.0586315 0.150604 0.151658 2
1227 0.249763 0.0586315 0.148498 0.14941 2
1228 0.249763 0.0508992 0.130551 0.131775 2
1229 0.259373 0.0508992 0.129846 0.131077 2
1230 0.249763 0.0586315 0.148498 0.14941 2
1231 0.259373 0.0586315 0.147529 0.148445 2
1232 0.259373 0.0508992 0.129846 0.131077 2
1233 0.267105 0.0508992 0.129836 0.131077 2
1234 0.259373 0.0586315 0.147529 0.148445 2
1235 0.267105 0.0586315 0.147304 0.148226 2
1236 0.155768 0.0586315 0.195907 0.196931 2
1237 0.1635 0.0586315 0.189351 0.190355 2
1238 0.155768 0.0646263 0.211143 0.212363 2
1239 0.1635 0.0646263 0.204448 0.205645 2
1240 0.1635 0.0586315 0.189351 0.190355 2
1241 0.17311 0.0586315 0.181912 0.182895 2
1242 0.1635 0.0646263 0.204448 0.205645 2
1243 0.17311 0.0646263 0.196834 0.198006 2
1244 0.17311 0.0586315 0.181912 0.182895 2
1245 0.185506 0.0586315 0.173193 0.174296 2
1246 0.17311 0.0646263 0.196834 0.198006 2
1247 0.185506 0.0646263 0.187866 0.189195 2
1248 0.185506 0.0586315 0.173193 0.174296 2
1249 0.203633 0.0586315 0.162928 0.163938 2
1250 0.185506 0.0646263 0.187866 0.189195 2
1251 0.203633 0.0646263 0.177266 0.17848 2
1252 0.203633 0.0586315 0.162928 0.163938 2
1253 0.21924 0.0586315 0.156134 0.157129 2
1254 0.203633 0.0646263 0.177266 0.17848 2
1255 0.21924 0.0646263 0.170168 0.171367 2
1256 0.21924 0.0586315 0.156134 0.157129 2
1257 0.237367 0.0586315 0.150604 0.151658 2
1258 0.21924 0.0646263 0.170168 0.171367 2
1259 0.237367 0.0646263 0.164267 0.165546 2
1260 0.237367 0.0586315 0.150604 0.151658 2
1261 0.249763 0.0586315 0.148498 0.14941 2
1262 0.237367 0.0646263 0.164267 0.165546 2
1263 0.249763 0.0646263 0.161929 0.163028 2
1264 0.249763 0.0586315 0.148498 0.14941 2
1265 0.259373 0.0586315 0.147529 0.148445 2
1266 0.249763 0.0646263 0.161929 0.163028 2
1267 0.259373 0.0646263 0.160761 0.161868 2
1268 0.259373 0.0586315 0.147529 0.148445 2
1269 0.267105 0.0586315 0.147304 0.148226 2
1270 0.259373 0.0646263 0.160761 0.161868 2
1271 0.267105 0.0646263 0.160375 0.161491 2
1272 0.155768 0.0646263 0.211143 0.212363 2
1273 0.1635 0.0646263 0.204448 0.205645 2
1274 0.155768 0.0694495 0.223299 0.224261 2
1275 0.1635 0.0694495 0.216497 0.217441 2
1276 0.1635 0.0646263 0.204448 0.205645 2
1277 0.17311 0.0646263 0.196834 0.198006 2
1278 0.1635 0.0694495 0.216497 0.217441 2
1279 0.17311 0.0694495 0.208747 0.20967 2
1280 0.17311 0.0646263 0.196834 0.198006 2
1281 0.185506 0.0646263 0.187866 0.189195 2
1282 0.17311 0.0694495 0.208747 0.20967 2
1283 0.185506 0.0694495 0.19963 0.200659 2
1284 0.185506 0.0646263 0.187866 0.189195 2
1285 0.203633 0.0646263 0.177266 0.17848 2
1286 0.185506 0.0694495 0.19963 0.200659 2
1287 0.203633 0.0694495 0.188754 0.189697 2
1288 0.203633 0.0646263 0.177266 0.17848 2
1289 0.21924 0.0646263 0.170168 0.171367 2
1290 0.203633 0.0694495 0.188754 0.189697 2
1291 0.21924 0.0694495 0.181424 0.182353 2
1292 0.21924 0.0646263 0.170168 0.171367 2
1293 0.237367 0.0646263 0.164267 0.165546 2
1294 0.21924 0.0694495 0.181424 0.182353 2
1295 0.237367 0.0694495 0.175262 0.176241 2
1296 0.237367 0.0646263 0.164267 0.165546 2
1297 0.249763 0.0646263 0.161929 0.163028 2
1298 0.237367 0.0694495 0.175262 0.176241 2
1299 0.249763 0.0694495 0.172707 0.173557 2
1300 0.249763 0.0646263 0.161929 0.163028 2
1301 0.259373 0.0646263 0.160761 0.161868 2
1302 0.249763 0.0694495 0.172707 0.173557 2
1303 0.259373 0.0694495 0.17139 0.172243 2
1304 0.259373 0.0646263 0.160761 0.161868 2
1305 0.267105 0.0646263 0.160375 0.161491 2
1306 0.259373 0.0694495 0.17139 0.172243 2
1307 0.267105 0.0694495 0.170884 0.171741 2
1308 0.267105 0 -0.0374959 0.0250489 -1
1309 0.429912 0 0.105944 0.163802 -1
1310 0.267105 0.0694495 0.125192 0.198184 -1
1311 0.429912 0.0694495 0.220799 0.288053 -1
1312 0.267105 0 0.00301113 0.0177584 2
1313 0.278412 0 0.00629384 0.00779217 2
1314 0.267105 0.00482323 0.0156971 0.0177584 2
1315 0.278412 0.00482323 0.0187062 0.0207282 2
1316 0.278412 0 0.00629384 0.0207282 2
1317 0.292465 0 0.0118438 0.0133118 2
1318 0.278412 0.00482323 0.0187062 0.0207282 2
1319 0.292465 0.00482323 0.0239167 0.0258997 2
1320 0.292465 0 0.0118438 0.0258997 2
1321 0.310592 0 0.0208399 0.0225495 2
1322 0.292465 0.00482323 0.0239167 0.0258997 2
1323 0.310592 0.00482323 0.0324212 0.0347478 2
1324 0.310592 0 0.0208399 0.0347478 2
1325 0.337098 0 0.0390894 0.0406388 2
1326 0.310592 0.00482323 0.0324212 0.0347478 2
1327 0.337098 0.00482323 0.0500622 0.0521704 2
1328 0.337098 0 0.0390894 0.0521704 2
1329 0.359919 0 0.05901 0.0605464 2
1330 0.337098 0.00482323 0.0500622 0.0521704 2
1331 0.359919 0.00482323 0.0694415 0.0715362 2
1332 0.359919 0 0.05901 0.0715362 2
1333 0.386425 0 0.0869765 0.0886439 2
1334 0.359919 0.00482323 0.0694415 0.0715362 2
1335 0.386425 0.00482323 0.09676 0.0990437 2
1336 0.386425 0 0.0869765 0.0990437 2
1337 0.404552 0 0.109495 0.110902 2
1338 0.386425 0.00482323 0.09676 0.0990437 2
1339 0.404552 0.00482323 0.118913 0.120834 2
1340 0.404552 0 0.109495 0.120834 2
1341 0.418605 0 0.128304 0.12973 2
1342 0.404552 0.00482323 0.118913 0.120834 2
1343 0.418605 0.00482323 0.137398 0.139347 2
1344 0.418605 0 0.128304 0.139347 2
1345 0.429912 0 0.144563 0.146007 2
1346 0.418605 0.00482323 0.137398 0.139347 2
1347 0.429912 0.00482323 0.153398 0.155375 2
1348 0.267105 0.00482323 0.0156971 0.0333505 2
1349 0.278412 0.00482323 0.0187062 0.0207282 2
1350 0.267105 0.010818 0.0316826 0.0333505 2
1351 0.278412 0.010818 0.0343541 0.0359893 2
1352 0.278412 0.00482323 0.0187062 0.0359893 2
1353 0.292465 0.00482323 0.0239167 0.0258997 2
1354 0.278412 0.010818 0.0343541 0.0359893 2
1355 0.292465 0.010818 0.0391475 0.0407502 2
1356 0.292465 0.00482323 0.0239167 0.0407502 2
1357 0.310592 0.00482323 0.0324212 0.0347478 2
1358 0.292465 0.010818 0.0391475 0.0407502 2
1359 0.310592 0.010818 0.0471569 0.0490288 2
1360 0.310592 0.00482323 0.0324212 0.0490288 2
1361 0.337098 0.00482323 0.0500622 0.0521704 2
1362 0.310592 0.010818 0.0471569 0.0490288 2
1363 0.337098 0.010818 0.0640065 0.065703 2
1364 0.337098 0.00482323 0.0500622 0.065703 2
1365 0.359919 0.00482323 0.0694415 0.0715362 2
1366 0.337098 0.010818 0.0640065 0.065703 2
1367 0.359919 0.010818 0.0827294 0.0844129 2
1368 0.359919 0.00482323 0.0694415 0.0844129 2
1369 0.386425 0.00482323 0.09676 0.0990437 2
1370 0.359919 0.010818 0.0827294 0.0844129 2
1371 0.386425 0.010818 0.109316 0.111147 2
1372 0.386425 0.00482323 0.09676 0.111147 2
1373 0.404552 0.00482323 0.118913 0.120834 2
1374 0.386425 0.010818 0.109316 0.111147 2
1375 0.404552 0.010818 0.130926 0.132468 2
1376 0.404552 0.00482323 0.118913 0.132468 2
1377 0.418605 0.00482323 0.137398 0.139347 2
1378 0.404552 0.010818 0.130926 0.132468 2
1379 0.418605 0.010818 0.149025 0.150588 2
1380 0.418605 0.00482323 0.137398 0.150588 2
1381 0.429912 0.00482323 0.153398 0.155375 2
1382 0.418605 0.010818 0.149025 0.150588 2
1383 0.429912 0.010818 0.164717 0.166302 2
1384 0.267105 0.010818 0.0316826 0.0536739 2
1385 0.278412 0.010818 0.0343541 0.0359893 2
1386 0.267105 0.0185503 0.0514012 0.0536739 2
1387 0.278412 0.0185503 0.0536606 0.0558896 2
1388 0.278412 0.010818 0.0343541 0.0558896 2
1389 0.292465 0.010818 0.0391475 0.0407502 2
1390 0.278412 0.0185503 0.0536606 0.0558896 2
1391 0.292465 0.0185503 0.0579421 0.0601276 2
1392 0.292465 0.010818 0.0391475 0.0601276 2
1393 0.310592 0.010818 0.0471569 0.0490288 2
1394 0.292465 0.0185503 0.0579421 0.0601276 2
1395 0.310592 0.0185503 0.065241 0.0678024 2
1396 0.310592 0.010818 0.0471569 0.0678024 2
1397 0.337098 0.010818 0.0640065 0.065703 2
1398 0.310592 0.0185503 0.065241 0.0678024 2
1399 0.337098 0.0185503 0.081153 0.083474 2
1400 0.337098 0.010818 0.0640065 0.083474 2
1401 0.359919 0.010818 0.0827294 0.0844129 2
1402 0.337098 0.0185503 0.081153 0.083474 2
1403 0.359919 0.0185503 0.0990525 0.101358 2
1404 0.359919 0.010818 0.0827294 0.101358 2
1405 0.386425 0.010818 0.109316 0.111147 2
1406 0.359919 0.0185503 0.0990525 0.101358 2
1407 0.386425 0.0185503 0.124666 0.127178 2
1408 0.386425 0.010818 0.109316 0.127178 2
1409 0.404552 0.010818 0.130926 0.132468 2
1410 0.386425 0.0185503 0.124666 0.127178 2
1411 0.404552 0.0185503 0.145682 0.147796 2
1412 0.404552 0.010818 0.130926 0.147796 2
1413 0.418605 0.010818 0.149025 0.150588 2
1414 0.404552 0.0185503 0.145682 0.147796 2
1415 0.418605 0.0185503 0.163285 0.165429 2
1416 0.418605 0.010818 0.149025 0.165429 2
1417 0.429912 0.010818 0.164717 0.166302 2
1418 0.418605 0.0185503 0.163285 0.165429 2
1419 0.429912 0.0185503 0.17858 0.180754 2
1420 0.267105 0.0185503 0.0514012 0.0817834 2
1421 0.278412 0.0185503 0.0536606 0.0558896 2
1422 0.267105 0.0298571 0.0797312 0.0817834 2
1423 0.278412 0.0298571 0.0814162 0.0834288 2
1424 0.278412 0.0185503 0.0536606 0.0834288 2
1425 0.292465 0.0185503 0.0579421 0.0601276 2
1426 0.278412 0.0298571 0.0814162 0.0834288 2
1427 0.292465 0.0298571 0.0849842 0.0869574 2
1428 0.292465 0.0185503 0.0579421 0.0869574 2
1429 0.310592 0.0185503 0.065241 0.0678024 2
1430 0.292465 0.0298571 0.0849842 0.0869574 2
1431 0.310592 0.0298571 0.0913843 0.0936961 2
1432 0.310592 0.0185503 0.065241 0.0936961 2
1433 0.337098 0.0185503 0.081153 0.083474 2
1434 0.310592 0.0298571 0.0913843 0.0936961 2
1435 0.337098 0.0298571 0.105945 0.10804 2
1436 0.337098 0.0185503 0.081153 0.10804 2
1437 0.359919 0.0185503 0.0990525 0.101358 2
1438 0.337098 0.0298571 0.105945 0.10804 2
1439 0.359919 0.0298571 0.122694 0.124775 2
1440 0.359919 0.0185503 0.0990525 0.124775 2
1441 0.386425 0.0185503 0.124666 0.127178 2
1442 0.359919 0.0298571 0.122694 0.124775 2
1443 0.386425 0.0298571 0.14699 0.149257 2
1444 0.386425 0.0185503 0.124666 0.149257 2
1445 0.404552 0.0185503 0.145682 0.147796 2
1446 0.386425 0.0298571 0.14699 0.149257 2
1447 0.404552 0.0298571 0.167084 0.168992 2
1448 0.404552 0.0185503 0.145682 0.168992 2
1449 0.418605 0.0185503 0.163285 0.165429 2
1450 0.404552 0.0298571 0.167084 0.168992 2
1451 0.418605 0.0298571 0.183993 0.185927 2
1452 0.418605 0.0185503 0.163285 0.185927 2
1453 0.429912 0.0185503 0.17858 0.180754 2
1454 0.418605 0.0298571 0.183993 0.185927 2
1455 0.429912 0.0298571 0.198732 0.200694 2
1456 0.267105 0.0298571 0.0797312 0.105221 2
1457 0.278412 0.0298571 0.0814162 0.0834288 2
1458 0.267105 0.0395924 0.103168 0.105221 2
1459 0.278412 0.0395924 0.104393 0.106406 2
1460 0.278412 0.0298571 0.0814162 0.106406 2
1461 0.292465 0.0298571 0.0849842 0.0869574 2
1462 0.278412 0.0395924 0.104393 0.106406 2
1463 0.292465 0.0395924 0.107386 0.10936 2
1464 0.292465 0.0298571 0.0849842 0.10936 2
1465 0.310592 0.0298571 0.0913843 0.0936961 2
1466 0.292465 0.0395924 0.107386 0.10936 2
1467 0.310592 0.0395924 0.113043 0.115355 2
1468 0.310592 0.0298571 0.0913843 0.115355 2
1469 0.337098 0.0298571 0.105945 0.10804 2
1470 0.310592 0.0395924 0.113043 0.115355 2
1471 0.337098 0.0395924 0.126513 0.128609 2
1472 0.337098 0.0298571 0.105945 0.128609 2
1473 0.359919 0.0298571 0.122694 0.124775 2
1474 0.337098 0.0395924 0.126513 0.128609 2
1475 0.359919 0.0395924 0.142322 0.144403 2
1476 0.359919 0.0298571 0.122694 0.144403 2
1477 0.386425 0.0298571 0.14699 0.149257 2
1478 0.359919 0.0395924 0.142322 0.144403 2
1479 0.386425 0.0395924 0.165525 0.167791 2
1480 0.386425 0.0298571 0.14699 0.167791 2
1481 0.404552 0.0298571 0.167084 0.168992 2
1482 0.386425 0.0395924 0.165525 0.167791 2
1483 0.404552 0.0395924 0.184872 0.18678 2
1484 0.404552 0.0298571 0.167084 0.18678 2
1485 0.418605 0.0298571 0.183993 0.185927 2
1486 0.404552 0.0395924 0.184872 0.18678 2
1487 0.418605 0.0395924 0.201202 0.203137 2
1488 0.418605 0.0298571 0.183993 0.203137 2
1489 0.429912 0.0298571 0.198732 0.200694 2
1490 0.418605 0.0395924 0.201202 0.203137 2
1491 0.429912 0.0395924 0.215478 0.21744 2
1492 0.267105 0.0395924 0.103168 0.131584 2
1493 0.278412 0.0395924 0.104393 0.106406 2
1494 0.267105 0.0508992 0.129314 0.131584 2
1495 0.278412 0.0508992 0.130042 0.132268 2
1496 0.278412 0.0395924 0.104393 0.132268 2
1497 0.292465 0.0395924 0.107386 0.10936 2
1498 0.278412 0.0508992 0.130042 0.132268 2
1499 0.292465 0.0508992 0.132414 0.134597 2
1500 0.292465 0.0395924 0.107386 0.134597 2
1501 0.310592 0.0395924 0.113043 0.115355 2
1502 0.292465 0.0508992 0.132414 0.134597 2
1503 0.310592 0.0508992 0.137243 0.139801 2
1504 0.310592 0.0395924 0.113043 0.139801 2
1505 0.337098 0.0395924 0.126513 0.128609 2
1506 0.310592 0.0508992 0.137243 0.139801 2
1507 0.337098 0.0508992 0.149529 0.151847 2
1508 0.337098 0.0395924 0.126513 0.151847 2
1509 0.359919 0.0395924 0.142322 0.144403 2
1510 0.337098 0.0508992 0.149529 0.151847 2
1511 0.359919 0.0508992 0.1643 0.166603 2
1512 0.359919 0.0395924 0.142322 0.166603 2
1513 0.386425 0.0395924 0.165525 0.167791 2
1514 0.359919 0.0508992 0.1643 0.166603 2
1515 0.386425 0.0508992 0.18628 0.188789 2
1516 0.386425 0.0395924 0.165525 0.188789 2
1517 0.404552 0.0395924 0.184872 0.18678 2
1518 0.386425 0.0508992 0.18628 0.188789 2
1519 0.404552 0.0508992 0.204814 0.206926 2
1520 0.404552 0.0395924 0.184872 0.206926 2
1521 0.418605 0.0395924 0.201202 0.203137 2
1522 0.404552 0.0508992 0.204814 0.206926 2
1523 0.418605 0.0508992 0.220496 0.222637 2
1524 0.418605 0.0395924 0.201202 0.222637 2
1525 0.429912 0.0395924 0.215478 0.21744 2
1526 0.418605 0.0508992 0.220496 0.222637 2
1527 0.429912 0.0508992 0.234248 0.23642 2
1528 0.267105 0.0508992 0.129314 0.148562 2
1529 0.278412 0.0508992 0.130042 0.132268 2
1530 0.267105 0.0586315 0.1469 0.148562 2
1531 0.278412 0.0586315 0.147306 0.148936 2
1532 0.278412 0.0508992 0.130042 0.148936 2
1533 0.292465 0.0508992 0.132414 0.134597 2
1534 0.278412 0.0586315 0.147306 0.148936 2
1535 0.292465 0.0586315 0.149275 0.150872 2
1536 0.292465 0.0508992 0.132414 0.150872 2
1537 0.310592 0.0508992 0.137243 0.139801 2
1538 0.292465 0.0586315 0.149275 0.150872 2
1539 0.310592 0.0586315 0.153631 0.155497 2
1540 0.310592 0.0508992 0.137243 0.155497 2
1541 0.337098 0.0508992 0.149529 0.151847 2
1542 0.310592 0.0586315 0.153631 0.155497 2
1543 0.337098 0.0586315 0.165118 0.16681 2
1544 0.337098 0.0508992 0.149529 0.16681 2
1545 0.359919 0.0508992 0.1643 0.166603 2
1546 0.337098 0.0586315 0.165118 0.16681 2
1547 0.359919 0.0586315 0.179215 0.180894 2
1548 0.359919 0.0508992 0.1643 0.180894 2
1549 0.386425 0.0508992 0.18628 0.188789 2
1550 0.359919 0.0586315 0.179215 0.180894 2
1551 0.386425 0.0586315 0.200428 0.202255 2
1552 0.386425 0.0508992 0.18628 0.202255 2
1553 0.404552 0.0508992 0.204814 0.206926 2
1554 0.386425 0.0586315 0.200428 0.202255 2
1555 0.404552 0.0586315 0.218368 0.219907 2
1556 0.404552 0.0508992 0.204814 0.219907 2
1557 0.418605 0.0508992 0.220496 0.222637 2
1558 0.404552 0.0586315 0.218368 0.219907 2
1559 0.418605 0.0586315 0.233627 0.235187 2
1560 0.418605 0.0508992 0.220496 0.235187 2
1561 0.429912 0.0508992 0.234248 0.23642 2
1562 0.418605 0.0586315 0.233627 0.235187 2
1563 0.429912 0.0586315 0.247039 0.24862 2
1564 0.267105 0.0586315 0.1469 0.161929 2
1565 0.278412 0.0586315 0.147306 0.148936 2
1566 0.267105 0.0646263 0.159872 0.161929 2
1567 0.278412 0.0646263 0.160046 0.162063 2
1568 0.278412 0.0586315 0.147306 0.162063 2
1569 0.292465 0.0586315 0.149275 0.150872 2
1570 0.278412 0.0646263 0.160046 0.162063 2
1571 0.292465 0.0646263 0.161722 0.1637 2
1572 0.292465 0.0586315 0.149275 0.1637 2
1573 0.310592 0.0586315 0.153631 0.155497 2
1574 0.292465 0.0646263 0.161722 0.1637 2
1575 0.310592 0.0646263 0.165654 0.167975 2
1576 0.310592 0.0586315 0.153631 0.167975 2
1577 0.337098 0.0586315 0.165118 0.16681 2
1578 0.310592 0.0646263 0.165654 0.167975 2
1579 0.337098 0.0646263 0.176585 0.178689 2
1580 0.337098 0.0586315 0.165118 0.178689 2
1581 0.359919 0.0586315 0.179215 0.180894 2
1582 0.337098 0.0646263 0.176585 0.178689 2
1583 0.359919 0.0646263 0.190175 0.192266 2
1584 0.359919 0.0586315 0.179215 0.192266 2
1585 0.386425 0.0586315 0.200428 0.202255 2
1586 0.359919 0.0646263 0.190175 0.192266 2
1587 0.386425 0.0646263 0.21077 0.21305 2
1588 0.386425 0.0586315 0.200428 0.21305 2
1589 0.404552 0.0586315 0.218368 0.219907 2
1590 0.386425 0.0646263 0.21077 0.21305 2
1591 0.404552 0.0646263 0.228331 0.230249 2
1592 0.404552 0.0586315 0.218368 0.230249 2
1593 0.418605 0.0586315 0.233627 0.235187 2
1594 0.404552 0.0646263 0.228331 0.230249 2
1595 0.418605 0.0646263 0.243264 0.245209 2
1596 0.418605 0.0586315 0.233627 0.245209 2
1597 0.429912 0.0586315 0.247039 0.24862 2
1598 0.418605 0.0646263 0.243264 0.245209 2
1599 0.429912 0.0646263 0.25641 0.258384 2
1600 0.267105 0.0646263 0.159872 0.172041 2
1601 0.278412 0.0646263 0.160046 0.162063 2
1602 0.267105 0.0694495 0.170517 0.172041 2
1603 0.278412 0.0694495 0.170505 0.171999 2
1604 0.278412 0.0646263 0.160046 0.171999 2
1605 0.292465 0.0646263 0.161722 0.1637 2
1606 0.278412 0.0694495 0.170505 0.171999 2
1607 0.292465 0.0694495 0.171948 0.173411 2
1608 0.292465 0.0646263 0.161722 0.173411 2
1609 0.310592 0.0646263 0.165654 0.167975 2
1610 0.292465 0.0694495 0.171948 0.173411 2
1611 0.310592 0.0694495 0.175631 0.177335 2
1612 0.310592 0.0646263 0.165654 0.177335 2
1613 0.337098 0.0646263 0.176585 0.178689 2
1614 0.310592 0.0694495 0.175631 0.177335 2
1615 0.337098 0.0694495 0.186084 0.187629 2
1616 0.337098 0.0646263 0.176585 0.187629 2
1617 0.359919 0.0646263 0.190175 0.192266 2
1618 0.337098 0.0694495 0.186084 0.187629 2
1619 0.359919 0.0694495 0.199279 0.200811 2
1620 0.359919 0.0646263 0.190175 0.200811 2
1621 0.386425 0.0646263 0.21077 0.21305 2
1622 0.359919 0.0694495 0.199279 0.200811 2
1623 0.386425 0.0694495 0.219434 0.221098 2
1624 0.386425 0.0646263 0.21077 0.221098 2
1625 0.404552 0.0646263 0.228331 0.230249 2
1626 0.386425 0.0694495 0.219434 0.221098 2
1627 0.404552 0.0694495 0.236619 0.238023 2
1628 0.404552 0.0646263 0.228331 0.238023 2
1629 0.418605 0.0646263 0.243264 0.245209 2
1630 0.404552 0.0694495 0.236619 0.238023 2
1631 0.418605 0.0694495 0.251301 0.252723 2
1632 0.418605 0.0646263 0.243264 0.252723 2
1633 0.429912 0.0646263 0.25641 0.258384 2
1634 0.418605 0.0694495 0.251301 0.252723 2
1635 0.429912 0.0694495 0.264245 0.265686 2
1636 0.429912 0 0.105944 0.163802 1
1637 0.570088 0 0.382531 0.442485 1
1638 0.429912 0.0694495 0.220799 0.288053 1
1639 0.570088 0.0694495 0.456667 0.526247 1
1640 0.570088 0 0.382531 0.442485 1
1641 0.732895 0 0.87145 0.936427 1
1642 0.570088 0.0694495 0.456667 0.526247 1
1643 0.732895 0.0694495 0.902949 0.978666 1
1644 0.732895 0 0.87145 0.936427 1
1645 0.844232 0 1.31722 1.37252 1
1646 0.732895 0.0694495 0.902949 0.978666 1
1647 0.844232 0.0694495 1.32588 1.39016 1
1648 0.844232 0 1.31722 1.37252 1
1649 0.930551 0 1.70277 1.76136 1
1650 0.844232 0.0694495 1.32588 1.39016 1
1651 0.930551 0.0694495 1.69626 1.76412 1
1652 0.930551 0 1.70277 1.76136 1
1653 1 0 2.04708 2.10915 1
1654 0.930551 0.0694495 1.69626 1.76412 1
1655 1 0.0694495 2.03096 2.1028 1
1656 0 0.0694495 0.429555 0.505205 1
1657 0.0694495 0.0694495 0.297531 0.368674 1
1658 0 0.155768 0.622606 0.687256 1
1659 0.0694495 0.155768 0.488482 0.548861 1
1660 0.0694495 0.0694495 0.297531 0.368674 1
1661 0.155768 0.0694495 0.190987 0.257595 1
1662 0.0694495 0.155768 0.488482 0.548861 1
1663 0.155768 0.155768 0.374159 0.430169 1
1664 0.155768 0.0694495 0.190987 0.257595 1
1665 0.267105 0.0694495 0.125192 0.198184 1
1666 0.155768 0.155768 0.374159 0.430169 1
1667 0.267105 0.155768 0.292524 0.35298 1
1668 0.267105 0.0694495 0.125192 0.198184 1
1669 0.429912 0.0694495 0.220799 0.288053 1
1670 0.267105 0.155768 0.292524 0.35298 1
1671 0.429912 0.155768 0.348553 0.404362 1
1672 0.429912 0.0694495 0.220799 0.288053 1
1673 0.570088 0.0694495 0.456667 0.526247 1
1674 0.429912 0.155768 0.348553 0.404362 1
1675 0.570088 0.155768 0.539579 0.597736 1
1676 0.570088 0.0694495 0.456667 0.526247 1
1677 0.732895 0.0694495 0.902949 0.978666 1
1678 0.570088 0.155768 0.539579 0.597736 1
1679 0.732895 0.155768 0.924457 0.987378 1
1680 0.732895 0.0694495 0.902949 0.978666 1
1681 0.844232 0.0694495 1.32588 1.39016 1
1682 0.732895 0.155768 0.924457 0.987378 1
1683 0.844232 0.155768 1.29881 1.35178 1
1684 0.844232 0.0694495 1.32588 1.39016 1
1685 0.930551 0.0694495 1.69626 1.76412 1
1686 0.844232 0.155768 1.29881 1.35178 1
1687 0.930551 0.155768 1.63048 1.68702 1
1688 0.930551 0.0694495 1.69626 1.76412 1
1689 1 0.0694495 2.03096 2.1028 1
1690 0.930551 0.155768 1.63048 1.68702 1
1691 1 0.155768 1.9328 1.99345 1
1692 0 0.155768 0.622606 0.687256 1
1693 0.0694495 0.155768 0.488482 0.548861 1
1694 0 0.267105 0.71689 0.794782 1
1695 0.0694495 0.267105 0.606053 0.678754 1
1696 0.0694495 0.155768 0.488482 0.548861 1
1697 0.155768 0.155768 0.374159 0.430169 1
1698 0.0694495 0.267105 0.606053 0.678754 1
1699 0.155768 0.267105 0.509642 0.577032 1
1700 0.155768 0.155768 0.374159 0.430169 1
1701 0.267105 0.155768 0.292524 0.35298 1
1702 0.155768 0.267105 0.509642 0.577032 1
1703 0.267105 0.267105 0.435845 0.50843 1
1704 0.267105 0.155768 0.292524 0.35298 1
1705 0.429912 0.155768 0.348553 0.404362 1
1706 0.267105 0.267105 0.435845 0.50843 1
1707 0.429912 0.267105 0.466854 0.533928 1
1708 0.429912 0.155768 0.348553 0.404362 1
1709 0.570088 0.155768 0.539579 0.597736 1
1710 0.429912 0.267105 0.466854 0.533928 1
1711 0.570088 0.267105 0.607028 0.67685 1
1712 0.570088 0.155768 0.539579 0.597736 1
1713 0.732895 0.155768 0.924457 0.987378 1
1714 0.570088 0.267105 0.607028 0.67685 1
1715 0.732895 0.267105 0.898827 0.974873 1
1716 0.732895 0.155768 0.924457 0.987378 1
1717 0.844232 0.155768 1.29881 1.35178 1
1718 0.732895 0.267105 0.898827 0.974873 1
1719 0.844232 0.267105 1.18997 1.2551 1
1720 0.844232 0.155768 1.29881 1.35178 1
1721 0.930551 0.155768 1.63048 1.68702 1
1722 0.844232 0.267105 1.18997 1.2551 1
1723 0.930551 0.267105 1.44628 1.51543 1
1724 0.930551 0.155768 1.63048 1.68702 1
1725 1 0.155768 1.9328 1.99345 1
1726 0.930551 0.267105 1.44628 1.51543 1
1727 1 0.267105 1.68011 1.75375 1
1728 0 0.267105 0.71689 0.794782 1
1729 0.0694495 0.267105 0.606053 0.678754 1
1730 0 0.429912 0.684694 0.729438 1
1731 0.0694495 0.429912 0.643174 0.684622 1
1732 0.0694495 0.267105 0.606053 0.678754 1
1733 0.155768 0.267105 0.509642 0.577032 1
1734 0.0694495 0.429912 0.643174 0.684622 1
1735 0.155768 0.429912 0.612048 0.650403 1
1736 0.155768 0.267105 0.509642 0.577032 1
1737 0.267105 0.267105 0.435845 0.50843 1
1738 0.155768 0.429912 0.612048 0.650403 1
1739 0.267105 0.429912 0.597044 0.637381 1
1740 0.267105 0.267105 0.435845 0.50843 1
1741 0.429912 0.267105 0.466854 0.533928 1
1742 0.267105 0.429912 0.597044 0.637381 1
1743 0.429912 0.429912 0.63693 0.675395 1
1744 0.429912 0.267105 0.466854 0.533928 1
1745 0.570088 0.267105 0.607028 0.67685 1
1746 0.429912 0.429912 0.63693 0.675395 1
1747 0.570088 0.429912 0.718105 0.758959 1
1748 0.570088 0.267105 0.607028 0.67685 1
1749 0.732895 0.267105 0.898827 0.974873 1
1750 0.570088 0.429912 0.718105 0.758959 1
1751 0.732895 0.429912 0.859483 0.903826 1
1752 0.732895 0.267105 0.898827 0.974873 1
1753 0.844232 0.267105 1.18997 1.2551 1
1754 0.732895 0.429912 0.859483 0.903826 1
1755 0.844232 0.429912 0.987049 1.02598 1
1756 0.844232 0.267105 1.18997 1.2551 1
1757 0.930551 0.267105 1.44628 1.51543 1
1758 0.844232 0.429912 0.987049 1.02598 1
1759 0.930551 0.429912 1.09248 1.13322 1
1760 0.930551 0.267105 1.44628 1.51543 1
1761 1 0.267105 1.68011 1.75375 1
1762 0.930551 0.429912 1.09248 1.13322 1
1763 1 0.429912 1.18437 1.22687 1
1764 0 0.429912 0.684694 0.729438 1
1765 0.0694495 0.429912 0.643174 0.684622 1
1766 0 0.570088 0.57858 0.623718 1
1767 0.0694495 0.570088 0.61222 0.6541 1
1768 0.0694495 0.429912 0.643174 0.684622 1
1769 0.155768 0.429912 0.612048 0.650403 1
1770 0.0694495 0.570088 0.61222 0.6541 1
1771 0.155768 0.570088 0.655832 0.69464 1
1772 0.155768 0.429912 0.612048 0.650403 1
1773 0.267105 0.429912 0.597044 0.637381 1
1774 0.155768 0.570088 0.655832 0.69464 1
1775 0.267105 0.570088 0.710978 0.751967 1
1776 0.267105 0.429912 0.597044 0.637381 1
1777 0.429912 0.429912 0.63693 0.675395 1
1778 0.267105 0.570088 0.710978 0.751967 1
1779 0.429912 0.570088 0.784911 0.824148 1
1780 0.429912 0.429912 0.63693 0.675395 1
1781 0.570088 0.429912 0.718105 0.758959 1
1782 0.429912 0.570088 0.784911 0.824148 1
1783 0.570088 0.570088 0.825817 0.86764 1
1784 0.570088 0.429912 0.718105 0.758959 1
1785 0.732895 0.429912 0.859483 0.903826 1
1786 0.570088 0.570088 0.825817 0.86764 1
1787 0.732895 0.570088 0.831244 0.876726 1
1788 0.732895 0.429912 0.859483 0.903826 1
1789 0.844232 0.429912 0.987049 1.02598 1
1790 0.732895 0.570088 0.831244 0.876726 1
1791 0.844232 0.570088 0.80281 0.842944 1
1792 0.844232 0.429912 0.987049 1.02598 1
1793 0.930551 0.429912 1.09248 1.13322 1
1794 0.844232 0.570088 0.80281 0.842944 1
1795 0.930551 0.570088 0.756454 0.798128 1
1796 0.930551 0.429912 1.09248 1.13322 1
1797 1 0.429912 1.18437 1.22687 1
1798 0.930551 0.570088 0.756454 0.798128 1
1799 1 0.570088 0.702032 0.745256 1
1800 0 0.570088 0.57858 0.623718 1
1801 0.0694495 0.570088 0.61222 0.6541 1
1802 0 0.732895 0.548409 0.629351 1
1803 0.0694495 0.732895 0.657585 0.733656 1
1804 0.0694495 0.570088 0.61222 0.6541 1
1805 0.155768 0.570088 0.655832 0.69464 1
1806 0.0694495 0.732895 0.657585 0.733656 1
1807 0.155768 0.732895 0.778883 0.849429 1
1808 0.155768 0.570088 0.655832 0.69464 1
1809 0.267105 0.570088 0.710978 0.751967 1
1810 0.155768 0.732895 0.778883 0.849429 1
1811 0.267105 0.732895 0.907252 0.984754 1
1812 0.267105 0.570088 0.710978 0.751967 1
1813 0.429912 0.570088 0.784911 0.824148 1
1814 0.267105 0.732895 0.907252 0.984754 1
1815 0.429912 0.732895 1.02272 1.09555 1
1816 0.429912 0.570088 0.784911 0.824148 1
1817 0.570088 0.570088 0.825817 0.86764 1
1818 0.429912 0.732895 1.02272 1.09555 1
1819 0.570088 0.732895 1.02428 1.10082 1
1820 0.570088 0.570088 0.825817 0.86764 1
1821 0.732895 0.570088 0.831244 0.876726 1
1822 0.570088 0.732895 1.02428 1.10082 1
1823 0.732895 0.732895 0.880516 0.965504 1
1824 0.732895 0.570088 0.831244 0.876726 1
1825 0.844232 0.570088 0.80281 0.842944 1
1826 0.732895 0.732895 0.880516 0.965504 1
1827 0.844232 0.732895 0.679076 0.7542 1
1828 0.844232 0.570088 0.80281 0.842944 1
1829 0.930551 0.570088 0.756454 0.798128 1
1830 0.844232 0.732895 0.679076 0.7542 1
1831 0.930551 0.732895 0.457573 0.534918 1
1832 0.930551 0.570088 0.756454 0.798128 1
1833 1 0.570088 0.702032 0.745256 1
1834 0.930551 0.732895 0.457573 0.534918 1
1835 1 0.732895 0.231235 0.311599 1
1836 0 0.732895 0.548409 0.629351 1
1837 0.0694495 0.732895 0.657585 0.733656 1
1838 0 0.844232 0.704808 0.773345 1
1839 0.0694495 0.844232 0.842258 0.907029 1
1840 0.0694495 0.732895 0.657585 0.733656 1
1841 0.155768 0.732895 0.778883 0.849429 1
1842 0.0694495 0.844232 0.842258 0.907029 1
1843 0.155768 0.844232 0.993937 1.05433 1
1844 0.155768 0.732895 0.778883 0.849429 1
1845 0.267105 0.732895 0.907252 0.984754 1
1846 0.155768 0.844232 0.993937 1.05433 1
1847 0.267105 0.844232 1.15537 1.22265 1
1848 0.267105 0.732895 0.907252 0.984754 1
1849 0.429912 0.732895 1.02272 1.09555 1
1850 0.267105 0.844232 1.15537 1.22265 1
1851 0.429912 0.844232 1.28632 1.34999 1
1852 0.429912 0.732895 1.02272 1.09555 1
1853 0.570088 0.732895 1.02428 1.10082 1
1854 0.429912 0.844232 1.28632 1.34999 1
1855 0.570088 0.844232 1.26509 1.33195 1
1856 0.570088 0.732895 1.02428 1.10082 1
1857 0.732895 0.732895 0.880516 0.965504 1
1858 0.570088 0.844232 1.26509 1.33195 1
1859 0.732895 0.844232 1.03605 1.11083 1
1860 0.732895 0.732895 0.880516 0.965504 1
1861 0.844232 0.732895 0.679076 0.7542 1
1862 0.732895 0.844232 1.03605 1.11083 1
1863 0.844232 0.844232 0.728878 0.795719 1
1864 0.844232 0.732895 0.679076 0.7542 1
1865 0.930551 0.732895 0.457573 0.534918 1
1866 0.844232 0.844232 0.728878 0.795719 1
1867 0.930551 0.844232 0.401547 0.469443 1
1868 0.930551 0.732895 0.457573 0.534918 1
1869 1 0.732895 0.231235 0.311599 1
1870 0.930551 0.844232 0.401547 0.469443 1
1871 1 0.844232 0.0701445 0.139682 1
1872 0 0.844232 0.704808 0.773345 1
1873 0.0694495 0.844232 0.842258 0.907029 1
1874 0 0.930551 0.935151 1.01636 1
1875 0.0694495 0.930551 1.07683 1.15387 1
1876 0.0694495 0.844232 0.842258 0.907029 1
1877 0.155768 0.844232 0.993937 1.05433 1
1878 0.0694495 0.930551 1.07683 1.15387 1
1879 0.155768 0.930551 1.23473 1.30663 1
1880 0.155768 0.844232 0.993937 1.05433 1
1881 0.267105 0.844232 1.15537 1.22265 1
1882 0.155768 0.930551 1.23473 1.30663 1
1883 0.267105 0.930551 1.40315 1.48397 1
1884 0.267105 0.844232 1.15537 1.22265 1
1885 0.429912 0.844232 1.28632 1.34999 1
1886 0.267105 0.930551 1.40315 1.48397 1
1887 0.429912 0.930551 1.53539 1.61139 1
1888 0.429912 0.844232 1.28632 1.34999 1
1889 0.570088 0.844232 1.26509 1.33195 1
1890 0.429912 0.930551 1.53539 1.61139 1
1891 0.570088 0.930551 1.49645 1.57612 1
1892 0.570088 0.844232 1.26509 1.33195 1
1893 0.732895 0.844232 1.03605 1.11083 1
1894 0.570088 0.930551 1.49645 1.57612 1
1895 0.732895 0.930551 1.21148 1.30045 1
1896 0.732895 0.844232 1.03605 1.11083 1
1897 0.844232 0.844232 0.728878 0.795719 1
1898 0.732895 0.930551 1.21148 1.30045 1
1899 0.844232 0.930551 0.83837 0.91673 1
1900 0.844232 0.844232 0.728878 0.795719 1
1901 0.930551 0.844232 0.401547 0.469443 1
1902 0.844232 0.930551 0.83837 0.91673 1
1903 0.930551 0.930551 0.441235 0.52108 1
1904 0.930551 0.844232 0.401547 0.469443 1
1905 1 0.844232 0.0701445 0.139682 1
1906 0.930551 0.930551 0.441235 0.52108 1
1907 1 0.930551 0.0395713 0.121914 1
1908 0 0.930551 0.935151 1.01636 1
1909 0.0694495 0.930551 1.07683 1.15387 1
1910 0 1 1.22689 1.30293 1
1911 0.0694495 1 1.35672 1.42884 1
1912 0.0694495 0.930551 1.07683 1.15387 1
1913 0.155768 0.930551 1.23473 1.30663 1
1914 0.0694495 1 1.35672 1.42884 1
1915 0.155768 1 1.50442 1.57144 1
1916 0.155768 0.930551 1.23473 1.30663 1
1917 0.267105 0.930551 1.40315 1.48397 1
1918 0.155768 1 1.50442 1.57144 1
1919 0.267105 1 1.66525 1.74075 1
1920 0.267105 0.930551 1.40315 1.48397 1
1921 0.429912 0.930551 1.53539 1.61139 1
1922 0.267105 1 1.66525 1.74075 1
1923 0.429912 1 1.7877 1.85932 1
1924 0.429912 0.930551 1.53539 1.61139 1
1925 0.570088 0.930551 1.49645 1.57612 1
1926 0.429912 1 1.7877 1.85932 1
1927 0.570088 1 1.73472 1.81041 1
1928 0.570088 0.930551 1.49645 1.57612 1
1929 0.732895 0.930551 1.21148 1.30045 1
1930 0.570088 1 1.73472 1.81041 1
1931 0.732895 1 1.41449 1.49932 1
1932 0.732895 0.930551 1.21148 1.30045 1
1933 0.844232 0.930551 0.83837 0.91673 1
1934 0.732895 1 1.41449 1.49932 1
1935 0.844232 1 0.998085 1.07314 1
1936 0.844232 0.930551 0.83837 0.91673 1
1937 0.930551 0.930551 0.441235 0.52108 1
1938 0.844232 1 0.998085 1.07314 1
1939 0.930551 1 0.555925 0.631925 1
1940 0.930551 0.930551 0.441235 0.52108 1
1941 1 0.930551 0.0395713 0.121914 1
1942 0.930551 1 0.555925 0.631925 1
1943 1 1 0.108342 0.186514 1
