0 0 0 0.0950938 0.36432 -1
1 0.143284 0 -0.108286 0.143774 -1
2 0 0.143284 0.536577 0.807253 -1
3 0.143284 0.143284 0.280995 0.527149 -1
4 0 0 0.215855 0.228549 2
5 0.0205304 0 0.177819 0.190176 2
6 0 0.0205304 0.2969 0.310267 2
7 0.0205304 0.0205304 0.256845 0.269873 2
8 0.0205304 0 0.177819 0.190176 2
9 0.0591954 0 0.116623 0.127772 2
10 0.0205304 0.0205304 0.256845 0.269873 2
11 0.0591954 0.0205304 0.191805 0.203562 2
12 0.0591954 0 0.116623 0.127772 2
13 0.0840891 0 0.0839985 0.0946681 2
14 0.0591954 0.0205304 0.191805 0.203562 2
15 0.0840891 0.0205304 0.156671 0.167936 2
16 0.0840891 0 0.0839985 0.0946681 2
17 0.122754 0 0.0436458 0.0540754 2
18 0.0840891 0.0205304 0.156671 0.167936 2
19 0.122754 0.0205304 0.112383 0.123435 2
20 0.122754 0 0.0436458 0.0540754 2
21 0.143284 0 0.0275781 0.0375889 2
22 0.122754 0.0205304 0.112383 0.123435 2
23 0.143284 0.0205304 0.0942201 0.104836 2
24 0 0.0205304 0.2969 0.310267 2
25 0.0205304 0.0205304 0.256845 0.269873 2
26 0 0.0591954 0.427723 0.441633 2
27 0.0205304 0.0591954 0.385035 0.398669 2
28 0.0205304 0.0205304 0.256845 0.269873 2
29 0.0591954 0.0205304 0.191805 0.203562 2
30 0.0205304 0.0591954 0.385035 0.398669 2
31 0.0591954 0.0591954 0.314849 0.327165 2
32 0.0591954 0.0205304 0.191805 0.203562 2
33 0.0840891 0.0205304 0.156671 0.167936 2
34 0.0591954 0.0591954 0.314849 0.327165 2
35 0.0840891 0.0591954 0.276265 0.288132 2
36 0.0840891 0.0205304 0.156671 0.167936 2
37 0.122754 0.0205304 0.112383 0.123435 2
38 0.0840891 0.0591954 0.276265 0.288132 2
39 0.122754 0.0591954 0.226438 0.238272 2
40 0.122754 0.0205304 0.112383 0.123435 2
41 0.143284 0.0205304 0.0942201 0.104836 2
42 0.122754 0.0591954 0.226438 0.238272 2
43 0.143284 0.0591954 0.205261 0.216669 2
44 0 0.0591954 0.427723 0.441633 2
45 0.0205304 0.0591954 0.385035 0.398669 2
46 0 0.0840891 0.49711 0.510809 2
47 0.0205304 0.0840891 0.45353 0.466959 2
48 0.0205304 0.0591954 0.385035 0.398669 2
49 0.0591954 0.0591954 0.314849 0.327165 2
50 0.0205304 0.0840891 0.45353 0.466959 2
51 0.0591954 0.0840891 0.381462 0.393592 2
52 0.0591954 0.0591954 0.314849 0.327165 2
53 0.0840891 0.0591954 0.276265 0.288132 2
54 0.0591954 0.0840891 0.381462 0.393592 2
55 0.0840891 0.0840891 0.341535 0.353225 2
56 0.0840891 0.0591954 0.276265 0.288132 2
57 0.122754 0.0591954 0.226438 0.238272 2
58 0.0840891 0.0840891 0.341535 0.353225 2
59 0.122754 0.0840891 0.289432 0.301098 2
60 0.122754 0.0591954 0.226438 0.238272 2
61 0.143284 0.0591954 0.205261 0.216669 2
62 0.122754 0.0840891 0.289432 0.301098 2
63 0.143284 0.0840891 0.266954 0.278201 2
64 0 0.0840891 0.49711 0.510809 2
65 0.0205304 0.0840891 0.45353 0.466959 2
66 0 0.122754 0.584112 0.596997 2
67 0.0205304 0.122754 0.540283 0.55283 2
68 0.0205304 0.0840891 0.45353 0.466959 2
69 0.0591954 0.0840891 0.381462 0.393592 2
70 0.0205304 0.122754 0.540283 0.55283 2
71 0.0591954 0.122754 0.467309 0.47863 2
72 0.0591954 0.0840891 0.381462 0.393592 2
73 0.0840891 0.0840891 0.341535 0.353225 2
74 0.0591954 0.122754 0.467309 0.47863 2
75 0.0840891 0.122754 0.426537 0.43738 2
76 0.0840891 0.0840891 0.341535 0.353225 2
77 0.122754 0.0840891 0.289432 0.301098 2
78 0.0840891 0.122754 0.426537 0.43738 2
79 0.122754 0.122754 0.372739 0.383353 2
80 0.122754 0.0840891 0.289432 0.301098 2
81 0.143284 0.0840891 0.266954 0.278201 2
82 0.122754 0.122754 0.372739 0.383353 2
83 0.143284 0.122754 0.349151 0.359339 2
84 0 0.122754 0.584112 0.596997 2
85 0.0205304 0.122754 0.540283 0.55283 2
86 0 0.143284 0.621063 0.633336 2
87 0.0205304 0.143284 0.5776 0.58953 2
88 0.0205304 0.122754 0.540283 0.55283 2
89 0.0591954 0.122754 0.467309 0.47863 2
90 0.0205304 0.143284 0.5776 0.58953 2
91 0.0591954 0.143284 0.505049 0.515809 2
92 0.0591954 0.122754 0.467309 0.47863 2
93 0.0840891 0.122754 0.426537 0.43738 2
94 0.0591954 0.143284 0.505049 0.515809 2
95 0.0840891 0.143284 0.46438 0.474667 2
96 0.0840891 0.122754 0.426537 0.43738 2
97 0.122754 0.122754 0.372739 0.383353 2
98 0.0840891 0.143284 0.46438 0.474667 2
99 0.122754 0.143284 0.410488 0.420502 2
100 0.122754 0.122754 0.372739 0.383353 2
101 0.143284 0.122754 0.349151 0.359339 2
102 0.122754 0.143284 0.410488 0.420502 2
103 0.143284 0.143284 0.386714 0.396316 2
104 0.143284 0 -0.108286 0.143774 -1
105 0.413132 0 -0.0255042 0.205443 -1
106 0.143284 0.143284 0.280995 0.527149 -1
107 0.413132 0.143284 0.22488 0.438422 -1
108 0.143284 0 0.0208344 0.0431143 -2
109 0.181949 0 -0.00282281 0.0193071 -2
110 0.143284 0.0205304 0.0872854 0.111128 -2
111 0.181949 0.0205304 0.0596666 0.0833408 -2
112 0.143284 0 0.0328274 0.0333166 3
113 0.148825 0 0.028865 0.0293593 3
114 0.143284 0.00294169 0.0426437 0.0431641 3
115 0.148825 0.00294169 0.0385956 0.0391215 3
116 0.148825 0 0.028865 0.0293593 3
117 0.159258 0 0.0221308 0.022586 3
118 0.148825 0.00294169 0.0385956 0.0391215 3
119 0.159258 0.00294169 0.0317007 0.032185 3
120 0.159258 0 0.0221308 0.022586 3
121 0.165976 0 0.0182699 0.0187228 3
122 0.159258 0.00294169 0.0317007 0.032185 3
123 0.165976 0.00294169 0.0277361 0.0282179 3
124 0.165976 0 0.0182699 0.0187228 3
125 0.176409 0 0.0130065 0.0134922 3
126 0.165976 0.00294169 0.0277361 0.0282179 3
127 0.176409 0.00294169 0.0223113 0.022828 3
128 0.176409 0 0.0130065 0.0134922 3
129 0.181949 0 0.0105948 0.0110723 3
130 0.176409 0.00294169 0.0223113 0.022828 3
131 0.181949 0.00294169 0.0198143 0.0203223 3
132 0.143284 0.00294169 0.0426437 0.0431641 3
133 0.148825 0.00294169 0.0385956 0.0391215 3
134 0.143284 0.00848179 0.0608055 0.061416 3
135 0.148825 0.00848179 0.0566008 0.0572188 3
136 0.148825 0.00294169 0.0385956 0.0391215 3
137 0.159258 0.00294169 0.0317007 0.032185 3
138 0.148825 0.00848179 0.0566008 0.0572188 3
139 0.159258 0.00848179 0.0494148 0.0499822 3
140 0.159258 0.00294169 0.0317007 0.032185 3
141 0.165976 0.00294169 0.0277361 0.0282179 3
142 0.159258 0.00848179 0.0494148 0.0499822 3
143 0.165976 0.00848179 0.0452609 0.045826 3
144 0.165976 0.00294169 0.0277361 0.0282179 3
145 0.176409 0.00294169 0.0223113 0.022828 3
146 0.165976 0.00848179 0.0452609 0.045826 3
147 0.176409 0.00848179 0.0395392 0.0401488 3
148 0.176409 0.00294169 0.0223113 0.022828 3
149 0.181949 0.00294169 0.0198143 0.0203223 3
150 0.176409 0.00848179 0.0395392 0.0401488 3
151 0.181949 0.00848179 0.0368866 0.037486 3
152 0.143284 0.00848179 0.0608055 0.061416 3
153 0.148825 0.00848179 0.0566008 0.0572188 3
154 0.143284 0.0120487 0.0722883 0.0728985 3
155 0.148825 0.0120487 0.067987 0.0686046 3
156 0.148825 0.00848179 0.0566008 0.0572188 3
157 0.159258 0.00848179 0.0494148 0.0499822 3
158 0.148825 0.0120487 0.067987 0.0686046 3
159 0.159258 0.0120487 0.060619 0.061186 3
160 0.159258 0.00848179 0.0494148 0.0499822 3
161 0.165976 0.00848179 0.0452609 0.045826 3
162 0.159258 0.0120487 0.060619 0.061186 3
163 0.165976 0.0120487 0.0563478 0.0569125 3
164 0.165976 0.00848179 0.0452609 0.045826 3
165 0.176409 0.00848179 0.0395392 0.0401488 3
166 0.165976 0.0120487 0.0563478 0.0569125 3
167 0.176409 0.0120487 0.0504437 0.051053 3
168 0.176409 0.00848179 0.0395392 0.0401488 3
169 0.181949 0.00848179 0.0368866 0.037486 3
170 0.176409 0.0120487 0.0504437 0.051053 3
171 0.181949 0.0120487 0.0476942 0.0482933 3
172 0.143284 0.0120487 0.0722883 0.0728985 3
173 0.148825 0.0120487 0.067987 0.0686046 3
174 0.143284 0.0175888 0.0898021 0.0903217 3
175 0.148825 0.0175888 0.0853574 0.0858824 3
176 0.148825 0.0120487 0.067987 0.0686046 3
177 0.159258 0.0120487 0.060619 0.061186 3
178 0.148825 0.0175888 0.0853574 0.0858824 3
179 0.159258 0.0175888 0.0777147 0.0781982 3
180 0.159258 0.0120487 0.060619 0.061186 3
181 0.165976 0.0120487 0.0563478 0.0569125 3
182 0.159258 0.0175888 0.0777147 0.0781982 3
183 0.165976 0.0175888 0.0732681 0.0737493 3
184 0.165976 0.0120487 0.0563478 0.0569125 3
185 0.176409 0.0120487 0.0504437 0.051053 3
186 0.165976 0.0175888 0.0732681 0.0737493 3
187 0.176409 0.0175888 0.0670944 0.0676104 3
188 0.176409 0.0120487 0.0504437 0.051053 3
189 0.181949 0.0120487 0.0476942 0.0482933 3
190 0.176409 0.0175888 0.0670944 0.0676104 3
191 0.181949 0.0175888 0.0641995 0.0647068 3
192 0.143284 0.0175888 0.0898021 0.0903217 3
193 0.148825 0.0175888 0.0853574 0.0858824 3
194 0.143284 0.0205304 0.0989336 0.0994224 3
195 0.148825 0.0205304 0.0944152 0.094909 3
196 0.148825 0.0175888 0.0853574 0.0858824 3
197 0.159258 0.0175888 0.0777147 0.0781982 3
198 0.148825 0.0205304 0.0944152 0.094909 3
199 0.159258 0.0205304 0.0866326 0.0870875 3
200 0.159258 0.0175888 0.0777147 0.0781982 3
201 0.165976 0.0175888 0.0732681 0.0737493 3
202 0.159258 0.0205304 0.0866326 0.0870875 3
203 0.165976 0.0205304 0.0820962 0.0825487 3
204 0.165976 0.0175888 0.0732681 0.0737493 3
205 0.176409 0.0175888 0.0670944 0.0676104 3
206 0.165976 0.0205304 0.0820962 0.0825487 3
207 0.176409 0.0205304 0.0757828 0.0762681 3
208 0.176409 0.0175888 0.0670944 0.0676104 3
209 0.181949 0.0175888 0.0641995 0.0647068 3
210 0.176409 0.0205304 0.0757828 0.0762681 3
211 0.181949 0.0205304 0.0728134 0.0732905 3
212 0.181949 0 -0.00282281 0.0193071 -2
213 0.254767 0 -0.0125015 0.00713191 -2
214 0.181949 0.0205304 0.0596666 0.0833408 -2
215 0.254767 0.0205304 0.0425695 0.0635699 -2
216 0.181949 0 0.0100766 0.0115726 3
217 0.192383 0 0.00600878 0.00753173 3
218 0.181949 0.00294169 0.019288 0.0208468 3
219 0.192383 0.00294169 0.0150602 0.0166434 3
220 0.192383 0 0.00600878 0.00753173 3
221 0.212033 0 0.000891555 0.00227603 3
222 0.192383 0.00294169 0.0150602 0.0166434 3
223 0.212033 0.00294169 0.00964162 0.0110829 3
224 0.212033 0 0.000891555 0.00227603 -3
225 0.224684 0 -0.000750966 0.000631154 -3
226 0.212033 0.00294169 0.00964162 0.0110829 -3
227 0.224684 0.00294169 0.00780603 0.00924231 -3
228 0.212033 0 0.00181773 0.00186287 4
229 0.213845 0 0.00150033 0.00154626 4
230 0.212033 0.000421499 0.00307725 0.00312349 4
231 0.213845 0.000421499 0.00275585 0.00280287 4
232 0.213845 0 0.00150033 0.00154626 4
233 0.217259 0 0.000978799 0.00102055 4
234 0.213845 0.000421499 0.00275585 0.00280287 4
235 0.217259 0.000421499 0.00222678 0.00226961 4
236 0.217259 0 0.000978799 0.00102055 4
237 0.219457 0 0.000692672 0.000734411 4
238 0.217259 0.000421499 0.00222678 0.00226961 4
239 0.219457 0.000421499 0.0019358 0.00197861 4
240 0.219457 0 0.000692672 0.000734411 4
241 0.222871 0 0.000325237 0.000371151 4
242 0.219457 0.000421499 0.0019358 0.00197861 4
243 0.222871 0.000421499 0.00156083 0.0016078 4
244 0.222871 0 0.000325237 0.000371151 4
245 0.224684 0 0.000170476 0.000215613 4
246 0.222871 0.000421499 0.00156083 0.0016078 4
247 0.224684 0.000421499 0.00140208 0.00144826 4
248 0.212033 0.000421499 0.00307725 0.00312349 4
249 0.213845 0.000421499 0.00275585 0.00280287 4
250 0.212033 0.00121531 0.00543953 0.00549718 4
251 0.213845 0.00121531 0.00511049 0.00516916 4
252 0.213845 0.000421499 0.00275585 0.00280287 4
253 0.217259 0.000421499 0.00222678 0.00226961 4
254 0.213845 0.00121531 0.00511049 0.00516916 4
255 0.217259 0.00121531 0.00456783 0.00462116 4
256 0.217259 0.000421499 0.00222678 0.00226961 4
257 0.219457 0.000421499 0.0019358 0.00197861 4
258 0.217259 0.00121531 0.00456783 0.00462116 4
259 0.219457 0.00121531 0.00426774 0.00432106 4
260 0.219457 0.000421499 0.0019358 0.00197861 4
261 0.222871 0.000421499 0.00156083 0.0016078 4
262 0.219457 0.00121531 0.00426774 0.00432106 4
263 0.222871 0.00121531 0.00387805 0.0039367 4
264 0.222871 0.000421499 0.00156083 0.0016078 4
265 0.224684 0.000421499 0.00140208 0.00144826 4
266 0.222871 0.00121531 0.00387805 0.0039367 4
267 0.224684 0.00121531 0.0037119 0.00376956 4
268 0.212033 0.00121531 0.00543953 0.00549718 4
269 0.213845 0.00121531 0.00511049 0.00516916 4
270 0.212033 0.00172639 0.00695987 0.00701754 4
271 0.213845 0.00172639 0.00662602 0.00668469 4
272 0.213845 0.00121531 0.00511049 0.00516916 4
273 0.217259 0.00121531 0.00456783 0.00462116 4
274 0.213845 0.00172639 0.00662602 0.00668469 4
275 0.217259 0.00172639 0.0060743 0.00612763 4
276 0.217259 0.00121531 0.00456783 0.00462116 4
277 0.219457 0.00121531 0.00426774 0.00432106 4
278 0.217259 0.00172639 0.0060743 0.00612763 4
279 0.219457 0.00172639 0.00576837 0.00582169 4
280 0.219457 0.00121531 0.00426774 0.00432106 4
281 0.222871 0.00121531 0.00387805 0.0039367 4
282 0.219457 0.00172639 0.00576837 0.00582169 4
283 0.222871 0.00172639 0.00536963 0.00542828 4
284 0.222871 0.00121531 0.00387805 0.0039367 4
285 0.224684 0.00121531 0.0037119 0.00376956 4
286 0.222871 0.00172639 0.00536963 0.00542828 4
287 0.224684 0.00172639 0.00519867 0.00525632 4
288 0.212033 0.00172639 0.00695987 0.00701754 4
289 0.213845 0.00172639 0.00662602 0.00668469 4
290 0.212033 0.0025202 0.00932045 0.00936669 4
291 0.213845 0.0025202 0.00897926 0.00902628 4
292 0.213845 0.00172639 0.00662602 0.00668469 4
293 0.217259 0.00172639 0.0060743 0.00612763 4
294 0.213845 0.0025202 0.00897926 0.00902628 4
295 0.217259 0.0025202 0.00841295 0.00845579 4
296 0.217259 0.00172639 0.0060743 0.00612763 4
297 0.219457 0.00172639 0.00576837 0.00582169 4
298 0.217259 0.0025202 0.00841295 0.00845579 4
299 0.219457 0.0025202 0.00809801 0.00814083 4
300 0.219457 0.00172639 0.00576837 0.00582169 4
301 0.222871 0.00172639 0.00536963 0.00542828 4
302 0.219457 0.0025202 0.00809801 0.00814083 4
303 0.222871 0.0025202 0.00768585 0.00773282 4
304 0.222871 0.00172639 0.00536963 0.00542828 4
305 0.224684 0.00172639 0.00519867 0.00525632 4
306 0.222871 0.0025202 0.00768585 0.00773282 4
307 0.224684 0.0025202 0.00750736 0.00755355 4
308 0.212033 0.0025202 0.00932045 0.00936669 4
309 0.213845 0.0025202 0.00897926 0.00902628 4
310 0.212033 0.00294169 0.0105687 0.0106138 4
311 0.213845 0.00294169 0.0102236 0.0102695 4
312 0.213845 0.0025202 0.00897926 0.00902628 4
313 0.217259 0.0025202 0.00841295 0.00845579 4
314 0.213845 0.00294169 0.0102236 0.0102695 4
315 0.217259 0.00294169 0.00964983 0.00969159 4
316 0.217259 0.0025202 0.00841295 0.00845579 4
317 0.219457 0.0025202 0.00809801 0.00814083 4
318 0.217259 0.00294169 0.00964983 0.00969159 4
319 0.219457 0.00294169 0.00933012 0.00937187 4
320 0.219457 0.0025202 0.00809801 0.00814083 4
321 0.222871 0.0025202 0.00768585 0.00773282 4
322 0.219457 0.00294169 0.00933012 0.00937187 4
323 0.222871 0.00294169 0.00891055 0.00895648 4
324 0.222871 0.0025202 0.00768585 0.00773282 4
325 0.224684 0.0025202 0.00750736 0.00755355 4
326 0.222871 0.00294169 0.00891055 0.00895648 4
327 0.224684 0.00294169 0.00872813 0.00877328 4
328 0.224684 0 -0.000750966 0.000631154 -3
329 0.244333 0 -0.000763091 0.000757336 -3
330 0.224684 0.00294169 0.00780603 0.00924231 -3
331 0.244333 0.00294169 0.00749589 0.00906546 -3
332 0.224684 0 0.000139043 0.000247279 4
333 0.227499 0 -6.48046e-05 4.53303e-05 4
334 0.224684 0.000421499 0.0013706 0.00147974 4
335 0.227499 0.000421499 0.00116055 0.00127157 4
336 0.227499 0 -6.48046e-05 4.53303e-05 4
337 0.232802 0 -0.000265806 -0.000165687 4
338 0.227499 0.000421499 0.00116055 0.00127157 4
339 0.232802 0.000421499 0.00094788 0.00104889 4
340 0.232802 0 -0.000265806 -0.000165687 4
341 0.236216 0 -0.0002761 -0.000176027 4
342 0.232802 0.000421499 0.00094788 0.00104889 4
343 0.236216 0.000421499 0.000930082 0.00103103 4
344 0.236216 0 -0.0002761 -0.000176027 4
345 0.241518 0 -0.000107607 2.47788e-06 4
346 0.236216 0.000421499 0.000930082 0.00103103 4
347 0.241518 0.000421499 0.00108693 0.00119785 4
348 0.241518 0 -0.000107607 2.47788e-06 4
349 0.244333 0 7.85039e-05 0.00018673 4
350 0.241518 0.000421499 0.00108693 0.00119785 4
351 0.244333 0.000421499 0.00126686 0.00137592 4
352 0.224684 0.000421499 0.0013706 0.00147974 4
353 0.227499 0.000421499 0.00116055 0.00127157 4
354 0.224684 0.00121531 0.00367172 0.00380997 4
355 0.227499 0.00121531 0.00344975 0.00359043 4
356 0.227499 0.000421499 0.00116055 0.00127157 4
357 0.232802 0.000421499 0.00094788 0.00104889 4
358 0.227499 0.00121531 0.00344975 0.00359043 4
359 0.232802 0.00121531 0.00321654 0.00334443 4
360 0.232802 0.000421499 0.00094788 0.00104889 4
361 0.236216 0.000421499 0.000930082 0.00103103 4
362 0.232802 0.00121531 0.00321654 0.00334443 4
363 0.236216 0.00121531 0.00318466 0.00331249 4
364 0.236216 0.000421499 0.000930082 0.00103103 4
365 0.241518 0.000421499 0.00108693 0.00119785 4
366 0.236216 0.00121531 0.00318466 0.00331249 4
367 0.241518 0.00121531 0.00331825 0.00345887 4
368 0.241518 0.000421499 0.00108693 0.00119785 4
369 0.244333 0.000421499 0.00126686 0.00137592 4
370 0.241518 0.00121531 0.00331825 0.00345887 4
371 0.244333 0.00121531 0.00348685 0.0036251 4
372 0.224684 0.00121531 0.00367172 0.00380997 4
373 0.227499 0.00121531 0.00344975 0.00359043 4
374 0.224684 0.00172639 0.00515848 0.00529674 4
375 0.227499 0.00172639 0.00492905 0.00506974 4
376 0.227499 0.00121531 0.00344975 0.00359043 4
377 0.232802 0.00121531 0.00321654 0.00334443 4
378 0.227499 0.00172639 0.00492905 0.00506974 4
379 0.232802 0.00172639 0.00468181 0.0048097 4
380 0.232802 0.00121531 0.00321654 0.00334443 4
381 0.236216 0.00121531 0.00318466 0.00331249 4
382 0.232802 0.00172639 0.00468181 0.0048097 4
383 0.236216 0.00172639 0.00464089 0.00476873 4
384 0.236216 0.00121531 0.00318466 0.00331249 4
385 0.241518 0.00121531 0.00331825 0.00345887 4
386 0.236216 0.00172639 0.00464089 0.00476873 4
387 0.241518 0.00172639 0.00476048 0.00490111 4
388 0.241518 0.00121531 0.00331825 0.00345887 4
389 0.244333 0.00121531 0.00348685 0.0036251 4
390 0.241518 0.00172639 0.00476048 0.00490111 4
391 0.244333 0.00172639 0.00492165 0.0050599 4
392 0.224684 0.00172639 0.00515848 0.00529674 4
393 0.227499 0.00172639 0.00492905 0.00506974 4
394 0.224684 0.0025202 0.00747587 0.00758504 4
395 0.227499 0.0025202 0.00723518 0.00734623 4
396 0.227499 0.00172639 0.00492905 0.00506974 4
397 0.232802 0.00172639 0.00468181 0.0048097 4
398 0.227499 0.0025202 0.00723518 0.00734623 4
399 0.232802 0.0025202 0.00696487 0.0070659 4
400 0.232802 0.00172639 0.00468181 0.0048097 4
401 0.236216 0.00172639 0.00464089 0.00476873 4
402 0.232802 0.0025202 0.00696487 0.0070659 4
403 0.236216 0.0025202 0.00690999 0.00701097 4
404 0.236216 0.00172639 0.00464089 0.00476873 4
405 0.241518 0.00172639 0.00476048 0.00490111 4
406 0.236216 0.0025202 0.00690999 0.00701097 4
407 0.241518 0.0025202 0.00700932 0.00712027 4
408 0.241518 0.00172639 0.00476048 0.00490111 4
409 0.244333 0.00172639 0.00492165 0.0050599 4
410 0.241518 0.0025202 0.00700932 0.00712027 4
411 0.244333 0.0025202 0.00715876 0.00726784 4
412 0.224684 0.0025202 0.00747587 0.00758504 4
413 0.227499 0.0025202 0.00723518 0.00734623 4
414 0.224684 0.00294169 0.00869668 0.00880495 4
415 0.227499 0.00294169 0.00844989 0.00856006 4
416 0.227499 0.0025202 0.00723518 0.00734623 4
417 0.232802 0.0025202 0.00696487 0.0070659 4
418 0.227499 0.00294169 0.00844989 0.00856006 4
419 0.232802 0.00294169 0.00816808 0.00826823 4
420 0.232802 0.0025202 0.00696487 0.0070659 4
421 0.236216 0.0025202 0.00690999 0.00701097 4
422 0.232802 0.00294169 0.00816808 0.00826823 4
423 0.236216 0.00294169 0.00810582 0.00820593 4
424 0.236216 0.0025202 0.00690999 0.00701097 4
425 0.241518 0.0025202 0.00700932 0.00712027 4
426 0.236216 0.00294169 0.00810582 0.00820593 4
427 0.241518 0.00294169 0.0081937 0.00830382 4
428 0.241518 0.0025202 0.00700932 0.00712027 4
429 0.244333 0.0025202 0.00715876 0.00726784 4
430 0.241518 0.00294169 0.0081937 0.00830382 4
431 0.244333 0.00294169 0.00833705 0.00844531 4
432 0.244333 0 -0.000763091 0.000757336 -3
433 0.254767 0 0.000556955 0.00205244 -3
434 0.244333 0.00294169 0.00749589 0.00906546 -3
435 0.254767 0.00294169 0.00865794 0.0102007 -3
436 0.244333 0 0.000117287 0.000147629 4
437 0.245828 0 0.000234042 0.000264914 4
438 0.244333 0.000421499 0.00130568 0.00133705 4
439 0.245828 0.000421499 0.00141916 0.00145105 4
440 0.245828 0 0.000234042 0.000264914 4
441 0.248644 0 0.000505142 0.000533206 4
442 0.245828 0.000421499 0.00141916 0.00145105 4
443 0.248644 0.000421499 0.00168408 0.00171318 4
444 0.248644 0 0.000505142 0.000533206 4
445 0.250457 0 0.000713054 0.000741112 4
446 0.248644 0.000421499 0.00168408 0.00171318 4
447 0.250457 0.000421499 0.00188803 0.00191711 4
448 0.250457 0 0.000713054 0.000741112 4
449 0.253272 0 0.00108774 0.0011186 4
450 0.250457 0.000421499 0.00188803 0.00191711 4
451 0.253272 0.000421499 0.00225657 0.00228842 4
452 0.253272 0 0.00108774 0.0011186 4
453 0.254767 0 0.00131381 0.00134415 4
454 0.253272 0.000421499 0.00225657 0.00228842 4
455 0.254767 0.000421499 0.00247937 0.0025107 4
456 0.244333 0.000421499 0.00130568 0.00133705 4
457 0.245828 0.000421499 0.00141916 0.00145105 4
458 0.244333 0.00121531 0.00353643 0.00357519 4
459 0.245828 0.00121531 0.00364368 0.00368312 4
460 0.245828 0.000421499 0.00141916 0.00145105 4
461 0.248644 0.000421499 0.00168408 0.00171318 4
462 0.245828 0.00121531 0.00364368 0.00368312 4
463 0.248644 0.00121531 0.00389742 0.00393327 4
464 0.248644 0.000421499 0.00168408 0.00171318 4
465 0.250457 0.000421499 0.00188803 0.00191711 4
466 0.248644 0.00121531 0.00389742 0.00393327 4
467 0.250457 0.00121531 0.00409392 0.00412976 4
468 0.250457 0.000421499 0.00188803 0.00191711 4
469 0.253272 0.000421499 0.00225657 0.00228842 4
470 0.250457 0.00121531 0.00409392 0.00412976 4
471 0.253272 0.00121531 0.00445049 0.00448991 4
472 0.253272 0.000421499 0.00225657 0.00228842 4
473 0.254767 0.000421499 0.00247937 0.0025107 4
474 0.253272 0.00121531 0.00445049 0.00448991 4
475 0.254767 0.00121531 0.00466723 0.00470599 4
476 0.244333 0.00121531 0.00353643 0.00357519 4
477 0.245828 0.00121531 0.00364368 0.00368312 4
478 0.244333 0.00172639 0.00497124 0.00501 4
479 0.245828 0.00172639 0.00507454 0.00511398 4
480 0.245828 0.00121531 0.00364368 0.00368312 4
481 0.248644 0.00121531 0.00389742 0.00393327 4
482 0.245828 0.00172639 0.00507454 0.00511398 4
483 0.248644 0.00172639 0.00532086 0.00535671 4
484 0.248644 0.00121531 0.00389742 0.00393327 4
485 0.250457 0.00121531 0.00409392 0.00412976 4
486 0.248644 0.00172639 0.00532086 0.00535671 4
487 0.250457 0.00172639 0.00551258 0.00554843 4
488 0.250457 0.00121531 0.00409392 0.00412976 4
489 0.253272 0.00121531 0.00445049 0.00448991 4
490 0.250457 0.00172639 0.00551258 0.00554843 4
491 0.253272 0.00172639 0.00586174 0.00590117 4
492 0.253272 0.00121531 0.00445049 0.00448991 4
493 0.254767 0.00121531 0.00466723 0.00470599 4
494 0.253272 0.00172639 0.00586174 0.00590117 4
495 0.254767 0.00172639 0.00607456 0.00611332 4
496 0.244333 0.00172639 0.00497124 0.00501 4
497 0.245828 0.00172639 0.00507454 0.00511398 4
498 0.244333 0.0025202 0.00719758 0.00722896 4
499 0.245828 0.0025202 0.00729487 0.00732677 4
500 0.245828 0.00172639 0.00507454 0.00511398 4
501 0.248644 0.00172639 0.00532086 0.00535671 4
502 0.245828 0.0025202 0.00729487 0.00732677 4
503 0.248644 0.0025202 0.00752933 0.00755843 4
504 0.248644 0.00172639 0.00532086 0.00535671 4
505 0.250457 0.00172639 0.00551258 0.00554843 4
506 0.248644 0.0025202 0.00752933 0.00755843 4
507 0.250457 0.0025202 0.00771367 0.00774276 4
508 0.250457 0.00172639 0.00551258 0.00554843 4
509 0.253272 0.00172639 0.00586174 0.00590117 4
510 0.250457 0.0025202 0.00771367 0.00774276 4
511 0.253272 0.0025202 0.00805178 0.00808365 4
512 0.253272 0.00172639 0.00586174 0.00590117 4
513 0.254767 0.00172639 0.00607456 0.00611332 4
514 0.253272 0.0025202 0.00805178 0.00808365 4
515 0.254767 0.0025202 0.00825844 0.00828978 4
516 0.244333 0.0025202 0.00719758 0.00722896 4
517 0.245828 0.0025202 0.00729487 0.00732677 4
518 0.244333 0.00294169 0.00837585 0.0084062 4
519 0.245828 0.00294169 0.00846991 0.00850079 4
520 0.245828 0.0025202 0.00729487 0.00732677 4
521 0.248644 0.0025202 0.00752933 0.00755843 4
522 0.245828 0.00294169 0.00846991 0.00850079 4
523 0.248644 0.00294169 0.0086983 0.00872637 4
524 0.248644 0.0025202 0.00752933 0.00755843 4
525 0.250457 0.0025202 0.00771367 0.00774276 4
526 0.248644 0.00294169 0.0086983 0.00872637 4
527 0.250457 0.00294169 0.00887873 0.0089068 4
528 0.250457 0.0025202 0.00771367 0.00774276 4
529 0.253272 0.0025202 0.00805178 0.00808365 4
530 0.250457 0.00294169 0.00887873 0.0089068 4
531 0.253272 0.00294169 0.00921077 0.00924164 4
532 0.253272 0.0025202 0.00805178 0.00808365 4
533 0.254767 0.0025202 0.00825844 0.00828978 4
534 0.253272 0.00294169 0.00921077 0.00924164 4
535 0.254767 0.00294169 0.00941421 0.00944457 4
536 0.181949 0.00294169 0.019288 0.0208468 3
537 0.192383 0.00294169 0.0150602 0.0166434 3
538 0.181949 0.00848179 0.0362453 0.0381569 3
539 0.192383 0.00848179 0.0317176 0.0336637 3
540 0.192383 0.00294169 0.0150602 0.0166434 3
541 0.212033 0.00294169 0.00964162 0.0110829 3
542 0.192383 0.00848179 0.0317176 0.0336637 3
543 0.212033 0.00848179 0.0257622 0.0275313 3
544 0.212033 0.00294169 0.00964162 0.0110829 3
545 0.224684 0.00294169 0.00780603 0.00924231 3
546 0.212033 0.00848179 0.0257622 0.0275313 3
547 0.224684 0.00848179 0.0235693 0.0253355 3
548 0.224684 0.00294169 0.00780603 0.00924231 3
549 0.244333 0.00294169 0.00749589 0.00906546 3
550 0.224684 0.00848179 0.0235693 0.0253355 3
551 0.244333 0.00848179 0.0226858 0.0246287 3
552 0.244333 0.00294169 0.00749589 0.00906546 3
553 0.254767 0.00294169 0.00865794 0.0102007 3
554 0.244333 0.00848179 0.0226858 0.0246287 3
555 0.254767 0.00848179 0.0235586 0.0254696 3
556 0.181949 0.00848179 0.0362453 0.0381569 3
557 0.192383 0.00848179 0.0317176 0.0336637 3
558 0.181949 0.0120487 0.0470524 0.0489642 3
559 0.192383 0.0120487 0.0423423 0.0442884 3
560 0.192383 0.00848179 0.0317176 0.0336637 3
561 0.212033 0.00848179 0.0257622 0.0275313 3
562 0.192383 0.0120487 0.0423423 0.0442884 3
563 0.212033 0.0120487 0.0360432 0.0378124 3
564 0.212033 0.00848179 0.0257622 0.0275313 3
565 0.224684 0.00848179 0.0235693 0.0253355 3
566 0.212033 0.0120487 0.0360432 0.0378124 3
567 0.224684 0.0120487 0.0336292 0.0353955 3
568 0.224684 0.00848179 0.0235693 0.0253355 3
569 0.244333 0.00848179 0.0226858 0.0246287 3
570 0.224684 0.0120487 0.0336292 0.0353955 3
571 0.244333 0.0120487 0.0324028 0.0343459 3
572 0.244333 0.00848179 0.0226858 0.0246287 3
573 0.254767 0.00848179 0.0235586 0.0254696 3
574 0.244333 0.0120487 0.0324028 0.0343459 3
575 0.254767 0.0120487 0.0330939 0.035005 3
576 0.181949 0.0120487 0.0470524 0.0489642 3
577 0.192383 0.0120487 0.0423423 0.0442884 3
578 0.181949 0.0175888 0.0636728 0.0652318 3
579 0.192383 0.0175888 0.0586956 0.0602789 3
580 0.192383 0.0120487 0.0423423 0.0442884 3
581 0.212033 0.0120487 0.0360432 0.0378124 3
582 0.192383 0.0175888 0.0586956 0.0602789 3
583 0.212033 0.0175888 0.0518656 0.053307 3
584 0.212033 0.0120487 0.0360432 0.0378124 3
585 0.224684 0.0120487 0.0336292 0.0353955 3
586 0.212033 0.0175888 0.0518656 0.053307 3
587 0.224684 0.0175888 0.0491218 0.0505583 3
588 0.224684 0.0120487 0.0336292 0.0353955 3
589 0.244333 0.0120487 0.0324028 0.0343459 3
590 0.224684 0.0175888 0.0491218 0.0505583 3
591 0.244333 0.0175888 0.0474033 0.0489732 3
592 0.244333 0.0120487 0.0324028 0.0343459 3
593 0.254767 0.0120487 0.0330939 0.035005 3
594 0.244333 0.0175888 0.0474033 0.0489732 3
595 0.254767 0.0175888 0.0478191 0.0493622 3
596 0.181949 0.0175888 0.0636728 0.0652318 3
597 0.192383 0.0175888 0.0586956 0.0602789 3
598 0.181949 0.0205304 0.0722949 0.0737917 3
599 0.192383 0.0205304 0.0671765 0.0687002 3
600 0.192383 0.0175888 0.0586956 0.0602789 3
601 0.212033 0.0175888 0.0518656 0.053307 3
602 0.192383 0.0205304 0.0671765 0.0687002 3
603 0.212033 0.0205304 0.0600807 0.0614658 3
604 0.212033 0.0175888 0.0518656 0.053307 3
605 0.224684 0.0175888 0.0491218 0.0505583 3
606 0.212033 0.0205304 0.0600807 0.0614658 3
607 0.224684 0.0205304 0.0571649 0.0585478 3
608 0.224684 0.0175888 0.0491218 0.0505583 3
609 0.244333 0.0175888 0.0474033 0.0489732 3
610 0.224684 0.0205304 0.0571649 0.0585478 3
611 0.244333 0.0205304 0.0551786 0.0566999 3
612 0.244333 0.0175888 0.0474033 0.0489732 3
613 0.254767 0.0175888 0.0478191 0.0493622 3
614 0.244333 0.0205304 0.0551786 0.0566999 3
615 0.254767 0.0205304 0.0554525 0.0569488 3
616 0.254767 0 -0.0125015 0.00713191 -2
617 0.301649 0 0.00373298 0.0228633 -2
618 0.254767 0.0205304 0.0425695 0.0635699 -2
619 0.301649 0.0205304 0.0540551 0.0745013 -2
620 0.254767 0 0.000993468 0.00161663 3
621 0.261485 0 0.00216325 0.00279579 3
622 0.254767 0.00294169 0.00909645 0.00975664 3
623 0.261485 0.00294169 0.0101643 0.0108339 3
624 0.261485 0 0.00216325 0.00279579 3
625 0.274136 0 0.0053926 0.0059697 3
626 0.261485 0.00294169 0.0101643 0.0108339 3
627 0.274136 0.00294169 0.0132033 0.0138148 3
628 0.274136 0 0.0053926 0.0059697 3
629 0.282281 0 0.00814046 0.00871588 3
630 0.274136 0.00294169 0.0132033 0.0138148 3
631 0.282281 0.00294169 0.0158286 0.0164381 3
632 0.282281 0 0.00814046 0.00871588 3
633 0.294932 0 0.0134399 0.0140674 3
634 0.282281 0.00294169 0.0158286 0.0164381 3
635 0.294932 0.00294169 0.020938 0.0216009 3
636 0.294932 0 0.0134399 0.0140674 3
637 0.301649 0 0.0167923 0.0174092 3
638 0.294932 0.00294169 0.020938 0.0216009 3
639 0.301649 0.00294169 0.0241904 0.024842 3
640 0.254767 0.00294169 0.00909645 0.00975664 3
641 0.261485 0.00294169 0.0101643 0.0108339 3
642 0.254767 0.00848179 0.0241095 0.0249052 3
643 0.261485 0.00848179 0.0249888 0.0257966 3
644 0.261485 0.00294169 0.0101643 0.0108339 3
645 0.274136 0.00294169 0.0132033 0.0138148 3
646 0.261485 0.00848179 0.0249888 0.0257966 3
647 0.274136 0.00848179 0.0276818 0.0284186 3
648 0.274136 0.00294169 0.0132033 0.0138148 3
649 0.282281 0.00294169 0.0158286 0.0164381 3
650 0.274136 0.00848179 0.0276818 0.0284186 3
651 0.282281 0.00848179 0.0300814 0.0308161 3
652 0.282281 0.00294169 0.0158286 0.0164381 3
653 0.294932 0.00294169 0.020938 0.0216009 3
654 0.282281 0.00848179 0.0300814 0.0308161 3
655 0.294932 0.00848179 0.0348353 0.0356369 3
656 0.294932 0.00294169 0.020938 0.0216009 3
657 0.301649 0.00294169 0.0241904 0.024842 3
658 0.294932 0.00848179 0.0348353 0.0356369 3
659 0.301649 0.00848179 0.0379039 0.0386919 3
660 0.254767 0.00848179 0.0241095 0.0249052 3
661 0.261485 0.00848179 0.0249888 0.0257966 3
662 0.254767 0.0120487 0.0336452 0.0344408 3
663 0.261485 0.0120487 0.0344077 0.0352154 3
664 0.261485 0.00848179 0.0249888 0.0257966 3
665 0.274136 0.00848179 0.0276818 0.0284186 3
666 0.261485 0.0120487 0.0344077 0.0352154 3
667 0.274136 0.0120487 0.036881 0.0376177 3
668 0.274136 0.00848179 0.0276818 0.0284186 3
669 0.282281 0.00848179 0.0300814 0.0308161 3
670 0.274136 0.0120487 0.036881 0.0376177 3
671 0.282281 0.0120487 0.0391395 0.0398741 3
672 0.282281 0.00848179 0.0300814 0.0308161 3
673 0.294932 0.00848179 0.0348353 0.0356369 3
674 0.282281 0.0120487 0.0391395 0.0398741 3
675 0.294932 0.0120487 0.0436749 0.0444764 3
676 0.294932 0.00848179 0.0348353 0.0356369 3
677 0.301649 0.00848179 0.0379039 0.0386919 3
678 0.294932 0.0120487 0.0436749 0.0444764 3
679 0.301649 0.0120487 0.0466278 0.0474157 3
680 0.254767 0.0120487 0.0336452 0.0344408 3
681 0.261485 0.0120487 0.0344077 0.0352154 3
682 0.254767 0.0175888 0.0482575 0.0489183 3
683 0.261485 0.0175888 0.0488455 0.0495156 3
684 0.261485 0.0120487 0.0344077 0.0352154 3
685 0.274136 0.0120487 0.036881 0.0376177 3
686 0.261485 0.0175888 0.0488455 0.0495156 3
687 0.274136 0.0175888 0.0509823 0.0515943 3
688 0.274136 0.0120487 0.036881 0.0376177 3
689 0.282281 0.0120487 0.0391395 0.0398741 3
690 0.274136 0.0175888 0.0509823 0.0515943 3
691 0.282281 0.0175888 0.0530281 0.0536381 3
692 0.282281 0.0120487 0.0391395 0.0398741 3
693 0.294932 0.0120487 0.0436749 0.0444764 3
694 0.282281 0.0175888 0.0530281 0.0536381 3
695 0.294932 0.0175888 0.0572399 0.0579034 3
696 0.294932 0.0120487 0.0436749 0.0444764 3
697 0.301649 0.0120487 0.0466278 0.0474157 3
698 0.294932 0.0175888 0.0572399 0.0579034 3
699 0.301649 0.0175888 0.060017 0.0606692 3
700 0.254767 0.0175888 0.0482575 0.0489183 3
701 0.261485 0.0175888 0.0488455 0.0495156 3
702 0.254767 0.0205304 0.0558887 0.0565129 3
703 0.261485 0.0205304 0.0563857 0.0570193 3
704 0.261485 0.0175888 0.0488455 0.0495156 3
705 0.274136 0.0175888 0.0509823 0.0515943 3
706 0.261485 0.0205304 0.0563857 0.0570193 3
707 0.274136 0.0205304 0.0583505 0.0589285 3
708 0.274136 0.0175888 0.0509823 0.0515943 3
709 0.282281 0.0175888 0.0530281 0.0536381 3
710 0.274136 0.0205304 0.0583505 0.0589285 3
711 0.282281 0.0205304 0.060286 0.0608624 3
712 0.282281 0.0175888 0.0530281 0.0536381 3
713 0.294932 0.0175888 0.0572399 0.0579034 3
714 0.282281 0.0205304 0.060286 0.0608624 3
715 0.294932 0.0205304 0.0643271 0.0649557 3
716 0.294932 0.0175888 0.0572399 0.0579034 3
717 0.301649 0.0175888 0.060017 0.0606692 3
718 0.294932 0.0205304 0.0643271 0.0649557 3
719 0.301649 0.0205304 0.0670133 0.0676312 3
720 0.301649 0 0.00373298 0.0228633 2
721 0.374467 0 0.0624809 0.0830388 2
722 0.301649 0.0205304 0.0540551 0.0745013 2
723 0.374467 0.0205304 0.105588 0.127414 2
724 0.374467 0 0.0624809 0.0830388 2
725 0.413132 0 0.110962 0.131101 2
726 0.374467 0.0205304 0.105588 0.127414 2
727 0.413132 0.0205304 0.150374 0.171717 2
728 0.143284 0.0205304 0.0872854 0.111128 2
729 0.181949 0.0205304 0.0596666 0.0833408 2
730 0.143284 0.0591954 0.197552 0.225277 2
731 0.181949 0.0591954 0.164083 0.19178 2
732 0.181949 0.0205304 0.0596666 0.0833408 2
733 0.254767 0.0205304 0.0425695 0.0635699 2
734 0.181949 0.0591954 0.164083 0.19178 2
735 0.254767 0.0591954 0.135756 0.160471 2
736 0.254767 0.0205304 0.0425695 0.0635699 2
737 0.301649 0.0205304 0.0540551 0.0745013 2
738 0.254767 0.0591954 0.135756 0.160471 2
739 0.301649 0.0591954 0.139706 0.163911 2
740 0.301649 0.0205304 0.0540551 0.0745013 2
741 0.374467 0.0205304 0.105588 0.127414 2
742 0.301649 0.0591954 0.139706 0.163911 2
743 0.374467 0.0591954 0.179151 0.205187 2
744 0.374467 0.0205304 0.105588 0.127414 2
745 0.413132 0.0205304 0.150374 0.171717 2
746 0.374467 0.0591954 0.179151 0.205187 2
747 0.413132 0.0591954 0.217646 0.243147 2
748 0.143284 0.0591954 0.197552 0.225277 2
749 0.181949 0.0591954 0.164083 0.19178 2
750 0.143284 0.0840891 0.259178 0.286689 2
751 0.181949 0.0840891 0.223151 0.25064 2
752 0.181949 0.0591954 0.164083 0.19178 2
753 0.254767 0.0591954 0.135756 0.160471 2
754 0.181949 0.0840891 0.223151 0.25064 2
755 0.254767 0.0840891 0.189472 0.214006 2
756 0.254767 0.0591954 0.135756 0.160471 2
757 0.301649 0.0591954 0.139706 0.163911 2
758 0.254767 0.0840891 0.189472 0.214006 2
759 0.301649 0.0840891 0.18964 0.213676 2
760 0.301649 0.0591954 0.139706 0.163911 2
761 0.374467 0.0591954 0.179151 0.205187 2
762 0.301649 0.0840891 0.18964 0.213676 2
763 0.374467 0.0840891 0.222788 0.248655 2
764 0.374467 0.0591954 0.179151 0.205187 2
765 0.413132 0.0591954 0.217646 0.243147 2
766 0.374467 0.0840891 0.222788 0.248655 2
767 0.413132 0.0840891 0.257755 0.283091 2
768 0.143284 0.0840891 0.259178 0.286689 2
769 0.181949 0.0840891 0.223151 0.25064 2
770 0.143284 0.122754 0.342449 0.36533 2
771 0.181949 0.122754 0.30416 0.326863 2
772 0.181949 0.0840891 0.223151 0.25064 2
773 0.254767 0.0840891 0.189472 0.214006 2
774 0.181949 0.122754 0.30416 0.326863 2
775 0.254767 0.122754 0.264774 0.284906 2
776 0.254767 0.0840891 0.189472 0.214006 2
777 0.301649 0.0840891 0.18964 0.213676 2
778 0.254767 0.122754 0.264774 0.284906 2
779 0.301649 0.122754 0.26057 0.280192 2
780 0.301649 0.0840891 0.18964 0.213676 2
781 0.374467 0.0840891 0.222788 0.248655 2
782 0.301649 0.122754 0.26057 0.280192 2
783 0.374467 0.122754 0.286109 0.307058 2
784 0.374467 0.0840891 0.222788 0.248655 2
785 0.413132 0.0840891 0.257755 0.283091 2
786 0.374467 0.122754 0.286109 0.307058 2
787 0.413132 0.122754 0.316347 0.33682 2
788 0.143284 0.122754 0.342449 0.36533 2
789 0.181949 0.122754 0.30416 0.326863 2
790 0.143284 0.143284 0.380261 0.401561 2
791 0.181949 0.143284 0.341465 0.362588 2
792 0.181949 0.122754 0.30416 0.326863 2
793 0.254767 0.122754 0.264774 0.284906 2
794 0.181949 0.143284 0.341465 0.362588 2
795 0.254767 0.143284 0.300262 0.318984 2
796 0.254767 0.122754 0.264774 0.284906 2
797 0.301649 0.122754 0.26057 0.280192 2
798 0.254767 0.143284 0.300262 0.318984 2
799 0.301649 0.143284 0.294358 0.312617 2
800 0.301649 0.122754 0.26057 0.280192 2
801 0.374467 0.122754 0.286109 0.307058 2
802 0.301649 0.143284 0.294358 0.312617 2
803 0.374467 0.143284 0.31649 0.336098 2
804 0.374467 0.122754 0.286109 0.307058 2
805 0.413132 0.122754 0.316347 0.33682 2
806 0.374467 0.143284 0.31649 0.336098 2
807 0.413132 0.143284 0.344515 0.363706 2
808 0.413132 0 -0.0255042 0.205443 -1
809 0.586868 0 0.321404 0.559014 -1
810 0.413132 0.143284 0.22488 0.438422 -1
811 0.586868 0.143284 0.46564 0.690289 -1
812 0.413132 0 0.116892 0.125503 2
813 0.438026 0 0.152223 0.160843 2
814 0.413132 0.0205304 0.156444 0.165708 2
815 0.438026 0.0205304 0.189429 0.198702 2
816 0.438026 0 0.152223 0.160843 2
817 0.484908 0 0.231848 0.239664 2
818 0.438026 0.0205304 0.189429 0.198702 2
819 0.484908 0.0205304 0.264778 0.273188 2
820 0.484908 0 0.231848 0.239664 2
821 0.515092 0 0.291573 0.299296 2
822 0.484908 0.0205304 0.264778 0.273188 2
823 0.515092 0.0205304 0.321842 0.330155 2
824 0.515092 0 0.291573 0.299296 2
825 0.561974 0 0.397114 0.405438 2
826 0.515092 0.0205304 0.321842 0.330155 2
827 0.561974 0.0205304 0.423425 0.432383 2
828 0.561974 0 0.397114 0.405438 2
829 0.586868 0 0.459775 0.468007 2
830 0.561974 0.0205304 0.423425 0.432383 2
831 0.586868 0.0205304 0.48409 0.492949 2
832 0.413132 0.0205304 0.156444 0.165708 2
833 0.438026 0.0205304 0.189429 0.198702 2
834 0.413132 0.0591954 0.224719 0.235551 2
835 0.438026 0.0591954 0.253662 0.26455 2
836 0.438026 0.0205304 0.189429 0.198702 2
837 0.484908 0.0205304 0.264778 0.273188 2
838 0.438026 0.0591954 0.253662 0.26455 2
839 0.484908 0.0591954 0.321519 0.331398 2
840 0.484908 0.0205304 0.264778 0.273188 2
841 0.515092 0.0205304 0.321842 0.330155 2
842 0.484908 0.0591954 0.321519 0.331398 2
843 0.515092 0.0591954 0.373777 0.383564 2
844 0.515092 0.0205304 0.321842 0.330155 2
845 0.561974 0.0205304 0.423425 0.432383 2
846 0.515092 0.0591954 0.373777 0.383564 2
847 0.561974 0.0591954 0.467972 0.478573 2
848 0.561974 0.0205304 0.423425 0.432383 2
849 0.586868 0.0205304 0.48409 0.492949 2
850 0.561974 0.0591954 0.467972 0.478573 2
851 0.586868 0.0591954 0.524826 0.535296 2
852 0.413132 0.0591954 0.224719 0.235551 2
853 0.438026 0.0591954 0.253662 0.26455 2
854 0.413132 0.0840891 0.264817 0.275574 2
855 0.438026 0.0840891 0.291448 0.302262 2
856 0.438026 0.0591954 0.253662 0.26455 2
857 0.484908 0.0591954 0.321519 0.331398 2
858 0.438026 0.0840891 0.291448 0.302262 2
859 0.484908 0.0840891 0.354841 0.36465 2
860 0.484908 0.0591954 0.321519 0.331398 2
861 0.515092 0.0591954 0.373777 0.383564 2
862 0.484908 0.0840891 0.354841 0.36465 2
863 0.515092 0.0840891 0.404156 0.413876 2
864 0.515092 0.0591954 0.373777 0.383564 2
865 0.561974 0.0591954 0.467972 0.478573 2
866 0.515092 0.0840891 0.404156 0.413876 2
867 0.561974 0.0840891 0.493704 0.504235 2
868 0.561974 0.0591954 0.467972 0.478573 2
869 0.586868 0.0591954 0.524826 0.535296 2
870 0.561974 0.0840891 0.493704 0.504235 2
871 0.586868 0.0840891 0.548058 0.558457 2
872 0.413132 0.0840891 0.264817 0.275574 2
873 0.438026 0.0840891 0.291448 0.302262 2
874 0.413132 0.122754 0.322106 0.331127 2
875 0.438026 0.122754 0.345565 0.354593 2
876 0.438026 0.0840891 0.291448 0.302262 2
877 0.484908 0.0840891 0.354841 0.36465 2
878 0.438026 0.122754 0.345565 0.354593 2
879 0.484908 0.122754 0.402534 0.410717 2
880 0.484908 0.0840891 0.354841 0.36465 2
881 0.515092 0.0840891 0.404156 0.413876 2
882 0.484908 0.122754 0.402534 0.410717 2
883 0.515092 0.122754 0.447501 0.455595 2
884 0.515092 0.0840891 0.404156 0.413876 2
885 0.561974 0.0840891 0.493704 0.504235 2
886 0.515092 0.122754 0.447501 0.455595 2
887 0.561974 0.122754 0.530007 0.538733 2
888 0.561974 0.0840891 0.493704 0.504235 2
889 0.586868 0.0840891 0.548058 0.558457 2
890 0.561974 0.122754 0.530007 0.538733 2
891 0.586868 0.122754 0.58042 0.589045 2
892 0.413132 0.122754 0.322106 0.331127 2
893 0.438026 0.122754 0.345565 0.354593 2
894 0.413132 0.143284 0.350055 0.358467 2
895 0.438026 0.143284 0.372 0.380416 2
896 0.438026 0.122754 0.345565 0.354593 2
897 0.484908 0.122754 0.402534 0.410717 2
898 0.438026 0.143284 0.372 0.380416 2
899 0.484908 0.143284 0.425818 0.433447 2
900 0.484908 0.122754 0.402534 0.410717 2
901 0.515092 0.122754 0.447501 0.455595 2
902 0.484908 0.143284 0.425818 0.433447 2
903 0.515092 0.143284 0.468574 0.47612 2
904 0.515092 0.122754 0.447501 0.455595 2
905 0.561974 0.122754 0.530007 0.538733 2
906 0.515092 0.143284 0.468574 0.47612 2
907 0.561974 0.143284 0.547378 0.55551 2
908 0.561974 0.122754 0.530007 0.538733 2
909 0.586868 0.122754 0.58042 0.589045 2
910 0.561974 0.143284 0.547378 0.55551 2
911 0.586868 0.143284 0.595681 0.60372 2
912 0.586868 0 0.321404 0.559014 1
913 0.856715 0 1.26311 1.52031 1
914 0.586868 0.143284 0.46564 0.690289 1
915 0.856715 0.143284 1.27034 1.50025 1
916 0.856715 0 1.26311 1.52031 1
917 1 0 1.95226 2.21199 1
918 0.856715 0.143284 1.27034 1.50025 1
919 1 0.143284 1.88798 2.14237 1
920 0 0.143284 0.536577 0.807253 1
921 0.143284 0.143284 0.280995 0.527149 1
922 0 0.413132 0.657053 0.871239 1
923 0.143284 0.413132 0.559788 0.752189 1
924 0.143284 0.143284 0.280995 0.527149 1
925 0.413132 0.143284 0.22488 0.438422 1
926 0.143284 0.413132 0.559788 0.752189 1
927 0.413132 0.413132 0.543792 0.714834 1
928 0.413132 0.143284 0.22488 0.438422 1
929 0.586868 0.143284 0.46564 0.690289 1
930 0.413132 0.413132 0.543792 0.714834 1
931 0.586868 0.413132 0.646445 0.826157 1
932 0.586868 0.143284 0.46564 0.690289 1
933 0.856715 0.143284 1.27034 1.50025 1
934 0.586868 0.413132 0.646445 0.826157 1
935 0.856715 0.413132 0.965087 1.15823 1
936 0.856715 0.143284 1.27034 1.50025 1
937 1 0.143284 1.88798 2.14237 1
938 0.856715 0.413132 0.965087 1.15823 1
939 1 0.413132 1.20083 1.40202 1
940 0 0.413132 0.657053 0.871239 1
941 0.143284 0.413132 0.559788 0.752189 1
942 0 0.586868 0.426056 0.652126 1
943 0.143284 0.586868 0.532599 0.738179 1
944 0.143284 0.413132 0.559788 0.752189 1
945 0.413132 0.413132 0.543792 0.714834 1
946 0.143284 0.586868 0.532599 0.738179 1
947 0.413132 0.586868 0.702093 0.889165 1
948 0.413132 0.413132 0.543792 0.714834 1
949 0.586868 0.413132 0.646445 0.826157 1
950 0.413132 0.586868 0.702093 0.889165 1
951 0.586868 0.586868 0.748204 0.947882 1
952 0.586868 0.413132 0.646445 0.826157 1
953 0.856715 0.413132 0.965087 1.15823 1
954 0.586868 0.586868 0.748204 0.947882 1
955 0.856715 0.586868 0.655778 0.875527 1
956 0.856715 0.413132 0.965087 1.15823 1
957 1 0.413132 1.20083 1.40202 1
958 0.856715 0.586868 0.655778 0.875527 1
959 1 0.586868 0.512185 0.731693 1
960 0 0.586868 0.426056 0.652126 1
961 0.143284 0.586868 0.532599 0.738179 1
962 0 0.856715 0.578238 0.869355 1
963 0.143284 0.856715 0.880729 1.14714 1
964 0.143284 0.586868 0.532599 0.738179 1
965 0.413132 0.586868 0.702093 0.889165 1
966 0.143284 0.856715 0.880729 1.14714 1
967 0.413132 0.856715 1.22601 1.46926 1
968 0.413132 0.586868 0.702093 0.889165 1
969 0.586868 0.586868 0.748204 0.947882 1
970 0.413132 0.856715 1.22601 1.46926 1
971 0.586868 0.856715 1.20184 1.47387 1
972 0.586868 0.586868 0.748204 0.947882 1
973 0.856715 0.586868 0.655778 0.875527 1
974 0.586868 0.856715 1.20184 1.47387 1
975 0.856715 0.856715 0.582732 0.88245 1
976 0.856715 0.586868 0.655778 0.875527 -1
977 1 0.586868 0.512185 0.731693 -1
978 0.856715 0.856715 0.582732 0.88245 -1
979 1 0.856715 -0.0835827 0.205606 -1
980 0.856715 0.586868 0.798888 0.813767 2
981 0.877246 0.586868 0.785299 0.800532 2
982 0.856715 0.625533 0.756838 0.772542 2
983 0.877246 0.625533 0.733802 0.749865 2
984 0.877246 0.586868 0.785299 0.800532 2
985 0.915911 0.586868 0.755724 0.77133 2
986 0.877246 0.625533 0.733802 0.749865 2
987 0.915911 0.625533 0.685054 0.701389 2
988 0.915911 0.586868 0.755724 0.77133 2
989 0.940805 0.586868 0.733689 0.749733 2
990 0.915911 0.625533 0.685054 0.701389 2
991 0.940805 0.625533 0.64961 0.666374 2
992 0.940805 0.586868 0.733689 0.749733 2
993 0.97947 0.586868 0.694572 0.711521 2
994 0.940805 0.625533 0.64961 0.666374 2
995 0.97947 0.625533 0.587977 0.605704 2
996 0.97947 0.586868 0.694572 0.711521 2
997 1 0.586868 0.67143 0.688675 2
998 0.97947 0.625533 0.587977 0.605704 2
999 1 0.625533 0.552102 0.570092 2
1000 0.856715 0.625533 0.756838 0.772542 2
1001 0.877246 0.625533 0.733802 0.749865 2
1002 0.856715 0.698351 0.699825 0.71712 2
1003 0.877246 0.698351 0.659333 0.676995 2
1004 0.877246 0.625533 0.733802 0.749865 2
1005 0.915911 0.625533 0.685054 0.701389 2
1006 0.877246 0.698351 0.659333 0.676995 2
1007 0.915911 0.698351 0.575156 0.592785 2
1008 0.915911 0.625533 0.685054 0.701389 2
1009 0.940805 0.625533 0.64961 0.666374 2
1010 0.915911 0.698351 0.575156 0.592785 2
1011 0.940805 0.698351 0.514819 0.532861 2
1012 0.940805 0.625533 0.64961 0.666374 2
1013 0.97947 0.625533 0.587977 0.605704 2
1014 0.940805 0.698351 0.514819 0.532861 2
1015 0.97947 0.698351 0.411227 0.430424 2
1016 0.97947 0.625533 0.587977 0.605704 2
1017 1 0.625533 0.552102 0.570092 2
1018 0.97947 0.698351 0.411227 0.430424 2
1019 1 0.698351 0.351628 0.371001 2
1020 0.856715 0.698351 0.699825 0.71712 2
1021 0.877246 0.698351 0.659333 0.676995 2
1022 0.856715 0.745233 0.682058 0.70048 2
1023 0.877246 0.745233 0.630716 0.649548 2
1024 0.877246 0.698351 0.659333 0.676995 2
1025 0.915911 0.698351 0.575156 0.592785 2
1026 0.877246 0.745233 0.630716 0.649548 2
1027 0.915911 0.745233 0.524356 0.543178 2
1028 0.915911 0.698351 0.575156 0.592785 2
1029 0.940805 0.698351 0.514819 0.532861 2
1030 0.915911 0.745233 0.524356 0.543178 2
1031 0.940805 0.745233 0.44846 0.467748 2
1032 0.940805 0.698351 0.514819 0.532861 2
1033 0.97947 0.698351 0.411227 0.430424 2
1034 0.940805 0.745233 0.44846 0.467748 2
1035 0.97947 0.745233 0.318647 0.33922 2
1036 0.97947 0.698351 0.411227 0.430424 2
1037 1 0.698351 0.351628 0.371001 2
1038 0.97947 0.745233 0.318647 0.33922 2
1039 1 0.745233 0.244121 0.264908 2
1040 0.856715 0.745233 0.682058 0.70048 2
1041 0.877246 0.745233 0.630716 0.649548 2
1042 0.856715 0.818051 0.693843 0.713317 2
1043 0.877246 0.818051 0.626824 0.646737 2
1044 0.877246 0.745233 0.630716 0.649548 2
1045 0.915911 0.745233 0.524356 0.543178 2
1046 0.877246 0.818051 0.626824 0.646737 2
1047 0.915911 0.818051 0.488208 0.508182 2
1048 0.915911 0.745233 0.524356 0.543178 2
1049 0.940805 0.745233 0.44846 0.467748 2
1050 0.915911 0.818051 0.488208 0.508182 2
1051 0.940805 0.818051 0.3897 0.410178 2
1052 0.940805 0.745233 0.44846 0.467748 2
1053 0.97947 0.745233 0.318647 0.33922 2
1054 0.940805 0.818051 0.3897 0.410178 2
1055 0.97947 0.818051 0.22175 0.243569 2
1056 0.97947 0.745233 0.318647 0.33922 2
1057 1 0.745233 0.244121 0.264908 2
1058 0.97947 0.818051 0.22175 0.243569 2
1059 1 0.818051 0.125388 0.147457 2
1060 0.856715 0.818051 0.693843 0.713317 2
1061 0.877246 0.818051 0.626824 0.646737 2
1062 0.856715 0.856715 0.721794 0.740702 2
1063 0.877246 0.856715 0.647162 0.666487 2
1064 0.877246 0.818051 0.626824 0.646737 2
1065 0.915911 0.818051 0.488208 0.508182 2
1066 0.877246 0.856715 0.647162 0.666487 2
1067 0.915911 0.856715 0.492846 0.512199 2
1068 0.915911 0.818051 0.488208 0.508182 2
1069 0.940805 0.818051 0.3897 0.410178 2
1070 0.915911 0.856715 0.492846 0.512199 2
1071 0.940805 0.856715 0.383294 0.403122 2
1072 0.940805 0.818051 0.3897 0.410178 2
1073 0.97947 0.818051 0.22175 0.243569 2
1074 0.940805 0.856715 0.383294 0.403122 2
1075 0.97947 0.856715 0.196652 0.217765 2
1076 0.97947 0.818051 0.22175 0.243569 2
1077 1 0.818051 0.125388 0.147457 2
1078 0.97947 0.856715 0.196652 0.217765 2
1079 1 0.856715 0.0895621 0.110901 2
1080 0 0.856715 0.578238 0.869355 1
1081 0.143284 0.856715 0.880729 1.14714 1
1082 0 1 1.10667 1.41298 1
1083 0.143284 1 1.38538 1.6667 1
1084 0.143284 0.856715 0.880729 1.14714 1
1085 0.413132 0.856715 1.22601 1.46926 1
1086 0.143284 1 1.38538 1.6667 1
1087 0.413132 1 1.71181 1.97115 1
1088 0.413132 0.856715 1.22601 1.46926 1
1089 0.586868 0.856715 1.20184 1.47387 1
1090 0.413132 1 1.71181 1.97115 1
1091 0.586868 1 1.65817 1.95114 1
1092 0.586868 0.856715 1.20184 1.47387 1
1093 0.856715 0.856715 0.582732 0.88245 1
1094 0.586868 1 1.65817 1.95114 1
1095 0.856715 1 0.856791 1.17643 1
1096 0.856715 0.856715 0.582732 0.88245 -1
1097 1 0.856715 -0.0835827 0.205606 -1
1098 0.856715 1 0.856791 1.17643 -1
1099 1 1 -0.00420125 0.301091 -1
1100 0.856715 0.856715 0.724945 0.738215 2
1101 0.877246 0.856715 0.65038 0.663962 2
1102 0.856715 0.877246 0.743549 0.757854 2
1103 0.877246 0.877246 0.665085 0.679722 2
1104 0.877246 0.856715 0.65038 0.663962 2
1105 0.915911 0.856715 0.496266 0.509523 2
1106 0.877246 0.877246 0.665085 0.679722 2
1107 0.915911 0.877246 0.503002 0.517264 2
1108 0.915911 0.856715 0.496266 0.509523 2
1109 0.940805 0.856715 0.3868 0.400401 2
1110 0.915911 0.877246 0.503002 0.517264 2
1111 0.940805 0.877246 0.387876 0.402502 2
1112 0.940805 0.856715 0.3868 0.400401 2
1113 0.97947 0.856715 0.200237 0.215035 2
1114 0.940805 0.877246 0.387876 0.402502 2
1115 0.97947 0.877246 0.191671 0.207586 2
1116 0.97947 0.856715 0.200237 0.215035 2
1117 1 0.856715 0.0932318 0.108122 2
1118 0.97947 0.877246 0.191671 0.207586 2
1119 1 0.877246 0.079174 0.095177 2
1120 0.856715 0.877246 0.743549 0.757854 2
1121 0.877246 0.877246 0.665085 0.679722 2
1122 0.856715 0.915911 0.791174 0.808101 2
1123 0.877246 0.915911 0.705852 0.723127 2
1124 0.877246 0.877246 0.665085 0.679722 2
1125 0.915911 0.877246 0.503002 0.517264 2
1126 0.877246 0.915911 0.705852 0.723127 2
1127 0.915911 0.915911 0.529883 0.546408 2
1128 0.915911 0.877246 0.503002 0.517264 2
1129 0.940805 0.877246 0.387876 0.402502 2
1130 0.915911 0.915911 0.529883 0.546408 2
1131 0.940805 0.915911 0.404773 0.421653 2
1132 0.940805 0.877246 0.387876 0.402502 2
1133 0.97947 0.877246 0.191671 0.207586 2
1134 0.940805 0.915911 0.404773 0.421653 2
1135 0.97947 0.915911 0.191418 0.209836 2
1136 0.97947 0.877246 0.191671 0.207586 2
1137 1 0.877246 0.079174 0.095177 2
1138 0.97947 0.915911 0.191418 0.209836 2
1139 1 0.915911 0.0692335 0.0876305 2
1140 0.856715 0.915911 0.791174 0.808101 2
1141 0.877246 0.915911 0.705852 0.723127 2
1142 0.856715 0.940805 0.832687 0.849912 2
1143 0.877246 0.940805 0.743328 0.76091 2
1144 0.877246 0.915911 0.705852 0.723127 2
1145 0.915911 0.915911 0.529883 0.546408 2
1146 0.877246 0.940805 0.743328 0.76091 2
1147 0.915911 0.940805 0.559073 0.575908 2
1148 0.915911 0.915911 0.529883 0.546408 2
1149 0.940805 0.915911 0.404773 0.421653 2
1150 0.915911 0.940805 0.559073 0.575908 2
1151 0.940805 0.940805 0.428049 0.445252 2
1152 0.940805 0.915911 0.404773 0.421653 2
1153 0.97947 0.915911 0.191418 0.209836 2
1154 0.940805 0.940805 0.428049 0.445252 2
1155 0.97947 0.940805 0.204567 0.223339 2
1156 0.97947 0.915911 0.191418 0.209836 2
1157 1 0.915911 0.0692335 0.0876305 2
1158 0.97947 0.940805 0.204567 0.223339 2
1159 1 0.940805 0.0765878 0.0953452 2
1160 0.856715 0.940805 0.832687 0.849912 2
1161 0.877246 0.940805 0.743328 0.76091 2
1162 0.856715 0.97947 0.915672 0.931573 2
1163 0.877246 0.97947 0.820696 0.836942 2
1164 0.877246 0.940805 0.743328 0.76091 2
1165 0.915911 0.940805 0.559073 0.575908 2
1166 0.877246 0.97947 0.820696 0.836942 2
1167 0.915911 0.97947 0.624587 0.640255 2
1168 0.915911 0.940805 0.559073 0.575908 2
1169 0.940805 0.940805 0.428049 0.445252 2
1170 0.915911 0.97947 0.624587 0.640255 2
1171 0.940805 0.97947 0.485258 0.501296 2
1172 0.940805 0.940805 0.428049 0.445252 2
1173 0.97947 0.940805 0.204567 0.223339 2
1174 0.940805 0.97947 0.485258 0.501296 2
1175 0.97947 0.97947 0.247694 0.265178 2
1176 0.97947 0.940805 0.204567 0.223339 2
1177 1 0.940805 0.0765878 0.0953452 2
1178 0.97947 0.97947 0.247694 0.265178 2
1179 1 0.97947 0.111455 0.128972 2
1180 0.856715 0.97947 0.915672 0.931573 2
1181 0.877246 0.97947 0.820696 0.836942 2
1182 0.856715 1 0.968067 0.98314 2
1183 0.877246 1 0.87044 0.885843 2
1184 0.877246 0.97947 0.820696 0.836942 2
1185 0.915911 0.97947 0.624587 0.640255 2
1186 0.877246 1 0.87044 0.885843 2
1187 0.915911 1 0.668728 0.683608 2
1188 0.915911 0.97947 0.624587 0.640255 2
1189 0.940805 0.97947 0.485258 0.501296 2
1190 0.915911 1 0.668728 0.683608 2
1191 0.940805 1 0.525452 0.540691 2
1192 0.940805 0.97947 0.485258 0.501296 2
1193 0.97947 0.97947 0.247694 0.265178 2
1194 0.940805 1 0.525452 0.540691 2
1195 0.97947 1 0.281162 0.297769 2
1196 0.97947 0.97947 0.247694 0.265178 2
1197 1 0.97947 0.111455 0.128972 2
1198 0.97947 1 0.281162 0.297769 2
1199 1 1 0.140972 0.157619 2
