0 0 0 -1.04951 1.9715 -1
1 0.5 0 -0.904736 1.33933 -1
2 0 0.5 -0.431376 1.63931 -1
3 0.5 0.5 -0.175282 1.35824 -1
4 0 0 -0.267448 0.624777 -2
5 0.25 0 -0.368829 0.196705 -2
6 0 0.25 0.488356 1.16555 -2
7 0.25 0.25 0.251403 0.679709 -2
8 0 0 0.0549252 0.347556 -3
9 0.125 0 -0.0854843 0.12279 -3
10 0 0.125 0.509085 0.749935 -3
11 0.125 0.125 0.305942 0.47775 -3
12 0 0 0.175903 0.486239 4
13 0.0625 0 0.0798883 0.141966 4
14 0 0.0625 0.418748 0.486239 4
15 0.0625 0.0625 0.302897 0.354429 4
16 0.0625 0 0.0798883 0.354429 4
17 0.125 0 0.00540712 0.0770957 4
18 0.0625 0.0625 0.302897 0.354429 4
19 0.125 0.0625 0.215247 0.276093 4
20 0 0.0625 0.418748 0.626231 4
21 0.0625 0.0625 0.302897 0.354429 4
22 0 0.125 0.547512 0.626231 4
23 0.0625 0.125 0.433138 0.493725 4
24 0.0625 0.0625 0.302897 0.493725 4
25 0.125 0.0625 0.215247 0.276093 4
26 0.0625 0.125 0.433138 0.493725 4
27 0.125 0.125 0.337477 0.407408 4
28 0.125 0 -0.0854843 0.12279 -3
29 0.25 0 -0.140984 0.100258 -3
30 0.125 0.125 0.305942 0.47775 -3
31 0.25 0.125 0.204748 0.406369 -3
32 0.125 0 0.00651762 0.0762694 -4
33 0.1875 0 -0.0255372 0.0268767 -4
34 0.125 0.0625 0.215858 0.275151 -4
35 0.1875 0.0625 0.16302 0.207403 -4
36 0.125 0 0.0370823 0.158844 5
37 0.15625 0 0.0151576 0.0292928 5
38 0.125 0.03125 0.143438 0.158844 5
39 0.15625 0.03125 0.115855 0.127798 5
40 0.15625 0 0.0151576 0.127798 5
41 0.1875 0 -0.00159654 0.015583 5
42 0.15625 0.03125 0.115855 0.127798 5
43 0.1875 0.03125 0.0952046 0.109921 5
44 0.125 0.03125 0.143438 0.24455 5
45 0.15625 0.03125 0.115855 0.127798 5
46 0.125 0.0625 0.226637 0.24455 5
47 0.15625 0.0625 0.196759 0.210793 5
48 0.15625 0.03125 0.115855 0.210793 5
49 0.1875 0.03125 0.0952046 0.109921 5
50 0.15625 0.0625 0.196759 0.210793 5
51 0.1875 0.0625 0.171912 0.188977 5
52 0.1875 0 -0.0255372 0.0268767 -4
53 0.25 0 -0.0371743 0.0265411 -4
54 0.1875 0.0625 0.16302 0.207403 -4
55 0.25 0.0625 0.136881 0.191349 -4
56 0.1875 0 -0.00144449 0.109787 5
57 0.21875 0 -0.00773478 0.00525359 5
58 0.1875 0.03125 0.0952926 0.109787 5
59 0.21875 0.03125 0.0834007 0.0944821 5
60 0.21875 0 -0.00773478 0.0944821 5
61 0.25 0 -0.00898383 0.00719019 5
62 0.21875 0.03125 0.0834007 0.0944821 5
63 0.25 0.03125 0.0781864 0.0920855 5
64 0.1875 0.03125 0.0952926 0.188872 5
65 0.21875 0.03125 0.0834007 0.0944821 5
66 0.1875 0.0625 0.172051 0.188872 5
67 0.21875 0.0625 0.157559 0.17047 5
68 0.21875 0.03125 0.0834007 0.17047 5
69 0.25 0.03125 0.0781864 0.0920855 5
70 0.21875 0.0625 0.157559 0.17047 5
71 0.25 0.0625 0.148015 0.164105 5
72 0.125 0.0625 0.215858 0.275151 4
73 0.1875 0.0625 0.16302 0.207403 4
74 0.125 0.125 0.338419 0.406707 4
75 0.1875 0.125 0.282866 0.334165 4
76 0.1875 0.0625 0.16302 0.207403 4
77 0.25 0.0625 0.136881 0.191349 4
78 0.1875 0.125 0.282866 0.334165 4
79 0.25 0.125 0.245574 0.30797 4
80 0 0.125 0.509085 0.749935 3
81 0.125 0.125 0.305942 0.47775 3
82 0 0.25 0.571502 0.842523 3
83 0.125 0.25 0.424202 0.616888 3
84 0.125 0.125 0.305942 0.47775 3
85 0.25 0.125 0.204748 0.406369 3
86 0.125 0.25 0.424202 0.616888 3
87 0.25 0.25 0.326009 0.548268 3
88 0.25 0 -0.368829 0.196705 -2
89 0.5 0 -0.125055 0.632298 -2
90 0.25 0.25 0.251403 0.679709 -2
91 0.5 0.25 0.281536 0.842419 -2
92 0.25 0 -0.133198 0.0946042 -3
93 0.375 0 -0.0312404 0.129518 -3
94 0.25 0.125 0.208612 0.400205 -3
95 0.375 0.125 0.23626 0.371616 -3
96 0.25 0 -0.0360638 0.0257148 -4
97 0.3125 0 -0.00711251 0.0386051 -4
98 0.25 0.0625 0.137493 0.190407 -4
99 0.3125 0.0625 0.145525 0.184623 -4
100 0.25 0 -0.00883178 0.091951 5
101 0.28125 0 0.000147578 0.012243 5
102 0.25 0.03125 0.0782744 0.091951 5
103 0.28125 0.03125 0.0817096 0.0920764 5
104 0.28125 0 0.000147578 0.0920764 5
105 0.3125 0 0.0140389 0.0293305 5
106 0.28125 0.03125 0.0817096 0.0920764 5
107 0.3125 0.03125 0.0916688 0.104849 5
108 0.25 0.03125 0.0782744 0.164 5
109 0.28125 0.03125 0.0817096 0.0920764 5
110 0.25 0.0625 0.148155 0.164 5
111 0.28125 0.0625 0.148776 0.160818 5
112 0.28125 0.03125 0.0817096 0.160818 5
113 0.3125 0.03125 0.0916688 0.104849 5
114 0.28125 0.0625 0.148776 0.160818 5
115 0.3125 0.0625 0.154266 0.169501 5
116 0.3125 0 -0.00711251 0.0386051 -4
117 0.375 0 0.041141 0.0998971 -4
118 0.3125 0.0625 0.145525 0.184623 -4
119 0.375 0.0625 0.178285 0.228752 -4
120 0.3125 0 0.014191 0.104714 5
121 0.34375 0 0.0380753 0.0494274 5
122 0.3125 0.03125 0.0917568 0.104714 5
123 0.34375 0.03125 0.110197 0.119959 5
124 0.34375 0 0.0380753 0.119959 5
125 0.375 0 0.0667423 0.0814065 5
126 0.34375 0.03125 0.110197 0.119959 5
127 0.375 0.03125 0.134926 0.14759 5
128 0.3125 0.03125 0.0917568 0.169397 5
129 0.34375 0.03125 0.110197 0.119959 5
130 0.3125 0.0625 0.154405 0.169397 5
131 0.34375 0.0625 0.16987 0.18119 5
132 0.34375 0.03125 0.110197 0.18119 5
133 0.375 0.03125 0.134926 0.14759 5
134 0.34375 0.0625 0.16987 0.18119 5
135 0.375 0.0625 0.190122 0.204789 5
136 0.25 0.0625 0.137493 0.190407 4
137 0.3125 0.0625 0.145525 0.184623 4
138 0.25 0.125 0.246517 0.307268 4
139 0.3125 0.125 0.248115 0.293048 4
140 0.3125 0.0625 0.145525 0.184623 4
141 0.375 0.0625 0.178285 0.228752 4
142 0.3125 0.125 0.248115 0.293048 4
143 0.375 0.125 0.267524 0.325418 4
144 0.375 0 -0.0312404 0.129518 -3
145 0.5 0 0.1454 0.365358 -3
146 0.375 0.125 0.23626 0.371616 -3
147 0.5 0.125 0.349008 0.533707 -3
148 0.375 0 0.0422515 0.227811 4
149 0.4375 0 0.129255 0.170391 4
150 0.375 0.0625 0.179163 0.227811 4
151 0.4375 0.0625 0.246473 0.281892 4
152 0.4375 0 0.129255 0.281892 4
153 0.5 0 0.234446 0.2908 4
154 0.4375 0.0625 0.246473 0.281892 4
155 0.5 0.0625 0.335532 0.384107 4
156 0.375 0.0625 0.179163 0.324425 4
157 0.4375 0.0625 0.246473 0.281892 4
158 0.375 0.125 0.268467 0.324425 4
159 0.4375 0.125 0.325549 0.366215 4
160 0.4375 0.0625 0.246473 0.366215 4
161 0.5 0.0625 0.335532 0.384107 4
162 0.4375 0.125 0.325549 0.366215 4
163 0.5 0.125 0.39999 0.455872 4
164 0.25 0.125 0.208612 0.400205 3
165 0.375 0.125 0.23626 0.371616 3
166 0.25 0.25 0.332018 0.543934 3
167 0.375 0.25 0.361258 0.510504 3
168 0.375 0.125 0.23626 0.371616 3
169 0.5 0.125 0.349008 0.533707 3
170 0.375 0.25 0.361258 0.510504 3
171 0.5 0.25 0.436411 0.639734 3
172 0 0.25 0.488356 1.16555 2
173 0.25 0.25 0.251403 0.679709 2
174 0 0.5 0.232932 0.878437 2
175 0.25 0.5 0.412806 0.809136 2
176 0.25 0.25 0.251403 0.679709 2
177 0.5 0.25 0.281536 0.842419 2
178 0.25 0.5 0.412806 0.809136 2
179 0.5 0.5 0.485161 0.982054 2
180 0.5 0 -0.904736 1.33933 -1
181 1 0 0.827405 3.89828 -1
182 0.5 0.5 -0.175282 1.35824 -1
183 1 0.5 -0.180298 1.94031 -1
184 0.5 0 -0.0649554 0.566506 -2
185 0.75 0 0.689856 1.14862 -2
186 0.5 0.25 0.326239 0.795067 -2
187 0.75 0.25 0.798575 1.1408 -2
188 0.5 0 0.153187 0.527543 3
189 0.625 0 0.472741 0.62029 3
190 0.5 0.125 0.354834 0.527543 3
191 0.625 0.125 0.606223 0.731391 3
192 0.625 0 0.472741 0.731391 3
193 0.75 0 0.856753 1.05974 3
194 0.625 0.125 0.606223 0.731391 3
195 0.75 0.125 0.943563 1.1158 3
196 0.5 0.125 0.354834 0.633385 3
197 0.625 0.125 0.606223 0.731391 3
198 0.5 0.25 0.44242 0.633385 3
199 0.625 0.25 0.637017 0.775428 3
200 0.625 0.125 0.606223 0.775428 3
201 0.75 0.125 0.943563 1.1158 3
202 0.625 0.25 0.637017 0.775428 3
203 0.75 0.25 0.874332 1.06481 3
204 0.75 0 0.689856 1.14862 2
205 1 0 1.683 2.41014 2
206 0.75 0.25 0.798575 1.1408 2
207 1 0.25 1.54474 2.10019 2
208 0.5 0.25 0.326239 0.795067 2
209 0.75 0.25 0.798575 1.1408 2
210 0.5 0.5 0.537959 0.925584 2
211 0.75 0.5 0.702026 0.987868 2
212 0.75 0.25 0.798575 1.1408 2
213 1 0.25 1.54474 2.10019 2
214 0.75 0.5 0.702026 0.987868 2
215 1 0.5 0.646083 1.14194 2
216 0 0.5 -0.431376 1.63931 -1
217 0.5 0.5 -0.175282 1.35824 -1
218 0 1 -0.624582 2.52422 -1
219 0.5 1 0.953429 3.33185 -1
220 0 0.5 0.44006 0.763313 2
221 0.25 0.5 0.528708 0.858527 2
222 0 0.75 0.263809 0.763313 2
223 0.25 0.75 0.762689 1.09157 2
224 0.25 0.5 0.528708 1.09157 2
225 0.5 0.5 0.61851 0.98139 2
226 0.25 0.75 0.762689 1.09157 2
227 0.5 0.75 0.860042 1.24803 2
228 0 0.75 0.263809 1.60437 2
229 0.25 0.75 0.762689 1.09157 2
230 0 1 0.931172 1.60437 2
231 0.25 1 1.50469 1.94482 2
232 0.25 0.75 0.762689 1.94482 2
233 0.5 0.75 0.860042 1.24803 2
234 0.25 1 1.50469 1.94482 2
235 0.5 1 1.60394 2.11827 2
236 0.5 0.5 -0.175282 1.35824 -1
237 1 0.5 -0.180298 1.94031 -1
238 0.5 1 0.953429 3.33185 -1
239 1 1 -1.49116 1.82219 -1
240 0.5 0.5 0.455874 1.15781 2
241 0.75 0.5 0.657459 1.21335 2
242 0.5 0.75 0.639742 1.44321 2
243 0.75 0.75 0.580743 1.19336 2
244 0.75 0.5 0.657459 1.21335 -2
245 1 0.5 0.674579 1.45153 -2
246 0.75 0.75 0.580743 1.19336 -2
247 1 0.75 -0.282577 0.578274 -2
248 0.75 0.5 0.82284 0.908078 3
249 0.875 0.5 0.888822 0.984926 3
250 0.75 0.625 0.77602 0.908078 3
251 0.875 0.625 0.688362 0.789983 3
252 0.875 0.5 0.888822 0.789983 3
253 1 0.5 0.915933 1.04045 3
254 0.875 0.625 0.688362 0.789983 3
255 1 0.625 0.48087 0.615182 3
256 0.75 0.625 0.77602 1.01856 3
257 0.875 0.625 0.688362 0.789983 3
258 0.75 0.75 0.832271 1.01856 3
259 0.875 0.75 0.603585 0.744896 3
260 0.875 0.625 0.688362 0.744896 3
261 1 0.625 0.48087 0.615182 3
262 0.875 0.75 0.603585 0.744896 3
263 1 0.75 0.170677 0.35945 3
264 0.5 0.75 0.639742 1.44321 2
265 0.75 0.75 0.580743 1.19336 2
266 0.5 1 1.28906 2.43112 2
267 0.75 1 1.12199 1.97669 2
268 0.75 0.75 0.580743 1.19336 -2
269 1 0.75 -0.282577 0.578274 -2
270 0.75 1 1.12199 1.97669 -2
271 1 1 -0.345111 0.856922 -2
272 0.75 0.75 0.769336 1.11853 3
273 0.875 0.75 0.5526 0.829858 3
274 0.75 0.875 0.881492 1.20934 3
275 0.875 0.875 0.538696 0.794779 3
276 0.875 0.75 0.5526 0.829858 -3
277 1 0.75 0.10268 0.477709 -3
278 0.875 0.875 0.538696 0.794779 -3
279 1 0.875 -0.126346 0.221115 -3
280 0.875 0.75 0.614032 0.673164 4
281 0.9375 0.75 0.443812 0.509699 4
282 0.875 0.8125 0.597663 0.673164 4
283 0.9375 0.8125 0.383745 0.442845 4
284 0.9375 0.75 0.443812 0.442845 4
285 1 0.75 0.215012 0.301686 4
286 0.9375 0.8125 0.383745 0.442845 4
287 1 0.8125 0.0971715 0.175263 4
288 0.875 0.8125 0.597663 0.733025 4
289 0.9375 0.8125 0.383745 0.442845 4
290 0.875 0.875 0.64151 0.733025 4
291 0.9375 0.875 0.385457 0.457117 4
292 0.9375 0.8125 0.383745 0.457117 4
293 1 0.8125 0.0971715 0.175263 4
294 0.9375 0.875 0.385457 0.457117 4
295 1 0.875 0.0504924 0.145049 4
296 0.75 0.875 0.881492 1.20934 3
297 0.875 0.875 0.538696 0.794779 3
298 0.75 1 1.21515 1.62362 3
299 0.875 1 0.784252 1.1011 3
300 0.875 0.875 0.538696 0.794779 -3
301 1 0.875 -0.126346 0.221115 -3
302 0.875 1 0.784252 1.1011 -3
303 1 1 -0.0248182 0.405173 -3
304 0.875 0.875 0.633691 0.796543 4
305 0.9375 0.875 0.379061 0.468251 4
306 0.875 0.9375 0.696453 0.796543 4
307 0.9375 0.9375 0.407662 0.486465 4
308 0.9375 0.875 0.379061 0.486465 4
309 1 0.875 0.0418444 0.159652 4
310 0.9375 0.9375 0.407662 0.486465 4
311 1 0.9375 0.0219408 0.126401 4
312 0.875 0.9375 0.696453 0.958707 4
313 0.9375 0.9375 0.407662 0.486465 4
314 0.875 1 0.83942 0.958707 4
315 0.9375 1 0.518795 0.612976 4
316 0.9375 0.9375 0.407662 0.612976 4
317 1 0.9375 0.0219408 0.126401 4
318 0.9375 1 0.518795 0.612976 4
319 1 1 0.0984213 0.223038 4
