./LS-helmholtzp_lor  -o 4  -m ../../data/inline-quad.mesh




omega/2pi |   dof_H1  | dof_RT  |    H1_err    |    Hdiv_err  |   Exact LOR   |  Inexact LOR  |   AMG/AMS ho  |
--------------------------------------------------------------------------------------------------------------   
5         |   1089    | 2112    | 7.5044e-02   |  6.8128e-02  | 47 (0.551404) | 180 (0.16153) | 155 (0.914495)
10        |   4225    | 8320    | 7.2461e-02   |  6.6677e-02  | 64 (2.23832)  | 197 (0.931944)| 164 (0.918901)
20        |   16641   | 33024   | 7.1488e-02   |  6.6131e-02  | 79 (9.42402)  | 292 (4.14552) | 246 (11.3769)
40        |   66049   | 131584  | 6.9699e-02   |  6.5160e-02  | 87 (39.8902)  | 380 (25.3352) | 251 (48.977)
80        |  263169   | 525312  | 6.7949e-02   |  6.4224e-02  | 98 (179.461)  | 401 (114.649) | 316 (271.633)
160       |  1050625  | 2099200 | 6.7005e-02   |  6.3724e-02  | 96 (1791.43)  | 377 (569.546) | 299 (1277.63) 


omega/2pi |   dof_H1  |   H1_err |   Exact LOR  |
--------------------------------------------------------------------------------------------------------------   
5         |    1089   | 4.2337e-02 |  16 (0.176056)
10        |    4225   | 4.2329e-02 |  30 (1.02578)
20        |   16641   | 4.2328e-02 |  209 (16.7772)
40        |   66049   | 4.2327e-02 | >2000 (600.249)
80        |  263169   |     *      | >2000 (2818.08) 
160       | 1050625   |     *      |   