FiniteElementSpace
FiniteElementCollection: H1Pos_1D_P1
VDim: 1
Ordering: 0

0
0.51341712
1
0.19468671
0.00012806624
0.0097687044
0
0.9615433
1.8525658e-11
0.13853834
0
0.60497745
1
0.019604958
0
0.91514757
2.6195468e-25
0.29922295
1
0.38039968
0.0027208904
0.00094846798
0
0.99756098
7.0491279e-07
0.046635615
0
0.81730457
1
0.075492848
0
0.73756393
4.4247294e-53
0.40181845
1
0.28024198
0.00070635149
0.0034445196
0
0.99451889
1.0513951e-08
0.084285624
0
0.71630538
1
0.040887161
0
0.83563876
4.5680808e-16
0.21047731
1
0.49066317
1
0.0080632124
0.00018660802
0
0.9704485
1.3927547e-05
0.022963379
0
0.90102301
1
0.1262811
0
0.62771696
