FiniteElementSpace
FiniteElementCollection: H1Pos_1D_P1
VDim: 1
Ordering: 0

0.19468671
0.00012806624
1.8525658e-11
0.60497745
0.019604958
0.38039968
0.0027208904
7.0491279e-07
0.075492848
0.28024198
0.00070635149
1.0513951e-08
0.040887161
4.5680808e-16
0.49066317
0.0080632124
1.3927547e-05
0.1262811
0.2354312
0.00031704032
6.2997322e-10
0.028796727
9.2383667e-20
0.43461617
0.004817793
3.5242519e-06
0.098734127
0.32873435
0.0014398324
1.0454978e-07
0.056319922
1.9713912e-13
0.54773841
0.01284737
4.5594273e-05
0.15826274
0.21453167
0.00020441444
1.1994934e-10
0.6333764
0.023867346
0.40723194
0.0036480299
1.6288954e-06
0.086587755
0.30405696
0.0010188412
3.504654e-08
0.048159523
1.1997684e-14
0.51912508
0.01023663
2.5737207e-05
0.14171414
0.25734935
0.00047896475
2.7738775e-09
0.034451099
9.5752176e-18
0.46245931
0.0062737737
7.1915559e-06
0.11195862
0.35420676
0.0019966929
2.8318904e-07
0.065416456
2.2257888e-12
0.57639334
0.015951053
7.7747522e-05
0.17592396
