MFEM mesh v1.0

#
# MFEM Geometry Types (see fem/geom.hpp):
#
# POINT       = 0
# SEGMENT     = 1
# TRIANGLE    = 2
# SQUARE      = 3
# TETRAHEDRON = 4
# CUBE        = 5
# PRISM       = 6
#

dimension
1

elements
73
1 1 0 37
1 1 1 38
1 1 2 39
1 1 3 40
1 1 4 41
1 1 5 42
1 1 6 43
1 1 7 45
1 1 8 46
1 1 9 47
1 1 10 48
1 1 11 49
1 1 12 50
1 1 13 51
1 1 14 52
1 1 15 53
1 1 16 54
1 1 17 55
1 1 18 56
1 1 19 57
1 1 21 58
1 1 22 59
1 1 23 60
1 1 24 61
1 1 25 62
1 1 26 63
1 1 27 64
1 1 28 65
1 1 29 66
1 1 30 67
1 1 31 68
1 1 32 69
1 1 33 70
1 1 34 71
1 1 35 72
1 1 36 73
1 1 37 18
1 1 38 19
1 1 39 20
1 1 40 21
1 1 41 22
1 1 42 23
1 1 43 24
1 1 44 25
1 1 45 26
1 1 46 27
1 1 47 28
1 1 48 29
1 1 49 30
1 1 50 31
1 1 51 32
1 1 52 33
1 1 53 34
1 1 54 35
1 1 55 36
1 1 56 9
1 1 57 10
1 1 58 11
1 1 59 12
1 1 60 13
1 1 61 14
1 1 62 15
1 1 63 16
1 1 64 17
1 1 65 5
1 1 66 6
1 1 67 7
1 1 68 8
1 1 69 3
1 1 70 4
1 1 71 1
1 1 72 2
1 1 73 0

boundary
0

vertices
74

nodes
FiniteElementSpace
FiniteElementCollection: L2_T1_1D_P1
VDim: 1
Ordering: 1

0.875
0.87695312
0.8125
0.81445312
0.9375
0.93945312
0.90625
0.90820312
0.84375
0.84570312
0.890625
0.89257812
0.828125
0.83007812
0.921875
0.92382812
0.859375
0.86132812
0.8828125
0.88476562
0.8203125
0.82226562
0.9140625
0.91601562
0.8515625
0.85351562
0.8984375
0.90039062
0.8359375
0.83789062
0.8046875
0.80664062
0.9296875
0.93164062
0.8671875
0.86914062
0.87890625
0.88085938
0.81640625
0.81835938
0.91015625
0.91210938
0.84765625
0.84960938
0.89453125
0.89648438
0.83203125
0.83398438
0.80078125
0.80273438
0.92578125
0.92773438
0.86328125
0.86523438
0.88671875
0.88867188
0.82421875
0.82617188
0.91796875
0.91992188
0.85546875
0.85742188
0.90234375
0.90429688
0.83984375
0.84179688
0.80859375
0.81054688
0.93359375
0.93554688
0.87109375
0.87304688
0.87695312
0.87890625
0.81445312
0.81640625
0.93945312
0.94140625
0.90820312
0.91015625
0.84570312
0.84765625
0.89257812
0.89453125
0.83007812
0.83203125
0.79882812
0.80078125
0.92382812
0.92578125
0.86132812
0.86328125
0.88476562
0.88671875
0.82226562
0.82421875
0.91601562
0.91796875
0.85351562
0.85546875
0.90039062
0.90234375
0.83789062
0.83984375
0.80664062
0.80859375
0.93164062
0.93359375
0.86914062
0.87109375
0.88085938
0.8828125
0.81835938
0.8203125
0.91210938
0.9140625
0.84960938
0.8515625
0.89648438
0.8984375
0.83398438
0.8359375
0.80273438
0.8046875
0.92773438
0.9296875
0.86523438
0.8671875
0.88867188
0.890625
0.82617188
0.828125
0.91992188
0.921875
0.85742188
0.859375
0.90429688
0.90625
0.84179688
0.84375
0.81054688
0.8125
0.93554688
0.9375
0.87304688
0.875
