MFEM mesh v1.0

#
# MFEM Geometry Types (see fem/geom.hpp):
#
# POINT       = 0
# SEGMENT     = 1
# TRIANGLE    = 2
# SQUARE      = 3
# TETRAHEDRON = 4
# CUBE        = 5
# PRISM       = 6
#

dimension
1

elements
64
1 1 0 32
1 1 1 33
1 1 2 34
1 1 3 35
1 1 4 36
1 1 5 37
1 1 6 38
1 1 7 39
1 1 8 40
1 1 9 41
1 1 10 42
1 1 11 43
1 1 12 44
1 1 13 45
1 1 14 46
1 1 15 47
1 1 16 48
1 1 17 49
1 1 18 50
1 1 19 51
1 1 20 52
1 1 21 53
1 1 22 55
1 1 23 56
1 1 24 57
1 1 25 58
1 1 26 59
1 1 27 60
1 1 28 61
1 1 29 62
1 1 30 63
1 1 31 64
1 1 32 16
1 1 33 17
1 1 34 18
1 1 35 19
1 1 36 20
1 1 37 21
1 1 38 22
1 1 39 23
1 1 40 24
1 1 41 25
1 1 42 26
1 1 43 27
1 1 44 28
1 1 45 29
1 1 46 30
1 1 47 31
1 1 48 8
1 1 49 9
1 1 50 10
1 1 51 11
1 1 52 12
1 1 54 13
1 1 55 14
1 1 56 15
1 1 57 4
1 1 58 5
1 1 59 6
1 1 60 7
1 1 61 2
1 1 62 3
1 1 63 1
1 1 64 0

boundary
0

vertices
65

nodes
FiniteElementSpace
FiniteElementCollection: L2_T1_1D_P1
VDim: 1
Ordering: 1

0
0.0078125
0.25
0.2578125
0.125
0.1328125
0.875
0.8828125
0.0625
0.0703125
0.3125
0.3203125
0.1875
0.1953125
0.9375
0.9453125
0.03125
0.0390625
0.28125
0.2890625
0.15625
0.1640625
0.90625
0.9140625
0.09375
0.1015625
0.84375
0.8515625
0.21875
0.2265625
0.96875
0.9765625
0.015625
0.0234375
0.265625
0.2734375
0.140625
0.1484375
0.890625
0.8984375
0.078125
0.0859375
0.328125
0.3359375
0.203125
0.2109375
0.953125
0.9609375
0.046875
0.0546875
0.296875
0.3046875
0.171875
0.1796875
0.921875
0.9296875
0.109375
0.1171875
0.859375
0.8671875
0.234375
0.2421875
0.984375
0.9921875
0.0078125
0.015625
0.2578125
0.265625
0.1328125
0.140625
0.8828125
0.890625
0.0703125
0.078125
0.3203125
0.328125
0.1953125
0.203125
0.9453125
0.953125
0.0390625
0.046875
0.2890625
0.296875
0.1640625
0.171875
0.9140625
0.921875
0.1015625
0.109375
0.8515625
0.859375
0.2265625
0.234375
0.9765625
0.984375
0.0234375
0.03125
0.2734375
0.28125
0.1484375
0.15625
0.8984375
0.90625
0.0859375
0.09375
0.8359375
0.84375
0.2109375
0.21875
0.9609375
0.96875
0.0546875
0.0625
0.3046875
0.3125
0.1796875
0.1875
0.9296875
0.9375
0.1171875
0.125
0.8671875
0.875
0.2421875
0.25
0.9921875
1
