MFEM mesh v1.0

#
# MFEM Geometry Types (see fem/geom.hpp):
#
# POINT       = 0
# SEGMENT     = 1
# TRIANGLE    = 2
# SQUARE      = 3
# TETRAHEDRON = 4
# CUBE        = 5
# PRISM       = 6
#

dimension
1

elements
74
1 1 0 37
1 1 1 38
1 1 2 39
1 1 3 40
1 1 4 41
1 1 5 42
1 1 6 43
1 1 7 44
1 1 8 45
1 1 9 46
1 1 10 47
1 1 11 48
1 1 12 49
1 1 13 50
1 1 14 51
1 1 15 52
1 1 16 53
1 1 17 54
1 1 18 55
1 1 19 56
1 1 20 57
1 1 21 58
1 1 22 59
1 1 23 60
1 1 24 61
1 1 25 62
1 1 26 63
1 1 27 64
1 1 28 65
1 1 29 66
1 1 30 67
1 1 31 68
1 1 32 70
1 1 33 71
1 1 34 72
1 1 35 73
1 1 36 74
1 1 37 19
1 1 39 20
1 1 40 21
1 1 41 22
1 1 42 23
1 1 43 24
1 1 44 25
1 1 45 26
1 1 46 27
1 1 47 28
1 1 48 29
1 1 49 30
1 1 50 31
1 1 51 32
1 1 52 33
1 1 53 34
1 1 54 35
1 1 55 36
1 1 56 10
1 1 57 11
1 1 58 12
1 1 59 13
1 1 60 14
1 1 61 15
1 1 62 16
1 1 63 17
1 1 64 18
1 1 65 5
1 1 66 6
1 1 67 7
1 1 68 8
1 1 69 9
1 1 70 3
1 1 71 4
1 1 72 2
1 1 73 1
1 1 74 0

boundary
0

vertices
75

nodes
FiniteElementSpace
FiniteElementCollection: L2_T1_1D_P1
VDim: 1
Ordering: 1

0.25
0.25195312
0.375
0.37695312
0.3125
0.31445312
0.28125
0.28320312
0.34375
0.34570312
0.265625
0.26757812
0.328125
0.33007812
0.296875
0.29882812
0.359375
0.36132812
0.234375
0.23632812
0.2578125
0.25976562
0.3203125
0.32226562
0.2890625
0.29101562
0.3515625
0.35351562
0.2734375
0.27539062
0.3359375
0.33789062
0.3046875
0.30664062
0.3671875
0.36914062
0.2421875
0.24414062
0.25390625
0.25585938
0.31640625
0.31835938
0.28515625
0.28710938
0.34765625
0.34960938
0.26953125
0.27148438
0.33203125
0.33398438
0.30078125
0.30273438
0.36328125
0.36523438
0.23828125
0.24023438
0.26171875
0.26367188
0.32421875
0.32617188
0.29296875
0.29492188
0.35546875
0.35742188
0.27734375
0.27929688
0.33984375
0.34179688
0.30859375
0.31054688
0.37109375
0.37304688
0.24609375
0.24804688
0.25195312
0.25390625
0.31445312
0.31640625
0.28320312
0.28515625
0.34570312
0.34765625
0.26757812
0.26953125
0.33007812
0.33203125
0.29882812
0.30078125
0.36132812
0.36328125
0.23632812
0.23828125
0.25976562
0.26171875
0.32226562
0.32421875
0.29101562
0.29296875
0.35351562
0.35546875
0.27539062
0.27734375
0.33789062
0.33984375
0.30664062
0.30859375
0.36914062
0.37109375
0.24414062
0.24609375
0.25585938
0.2578125
0.31835938
0.3203125
0.28710938
0.2890625
0.34960938
0.3515625
0.27148438
0.2734375
0.33398438
0.3359375
0.30273438
0.3046875
0.36523438
0.3671875
0.24023438
0.2421875
0.26367188
0.265625
0.32617188
0.328125
0.29492188
0.296875
0.35742188
0.359375
0.23242188
0.234375
0.27929688
0.28125
0.34179688
0.34375
0.31054688
0.3125
0.37304688
0.375
0.24804688
0.25
