MFEM mesh v1.0

#
# MFEM Geometry Types (see fem/geom.hpp):
#
# POINT       = 0
# SEGMENT     = 1
# TRIANGLE    = 2
# SQUARE      = 3
# TETRAHEDRON = 4
# CUBE        = 5
# PRISM       = 6
#

dimension
1

elements
72
1 1 0 36
1 1 1 37
1 1 2 38
1 1 3 40
1 1 4 41
1 1 5 42
1 1 6 43
1 1 7 44
1 1 8 45
1 1 9 46
1 1 10 47
1 1 11 48
1 1 12 49
1 1 13 50
1 1 14 51
1 1 15 52
1 1 16 53
1 1 17 54
1 1 18 55
1 1 19 56
1 1 20 57
1 1 21 58
1 1 22 59
1 1 23 60
1 1 24 61
1 1 25 62
1 1 26 63
1 1 27 64
1 1 28 65
1 1 29 66
1 1 30 67
1 1 31 68
1 1 32 69
1 1 33 70
1 1 34 71
1 1 35 72
1 1 36 18
1 1 37 19
1 1 38 20
1 1 39 21
1 1 40 22
1 1 41 23
1 1 42 24
1 1 44 25
1 1 45 26
1 1 46 27
1 1 47 28
1 1 48 29
1 1 49 30
1 1 50 31
1 1 51 32
1 1 52 33
1 1 53 34
1 1 54 35
1 1 55 9
1 1 56 10
1 1 57 11
1 1 58 12
1 1 59 13
1 1 60 14
1 1 61 15
1 1 62 16
1 1 63 17
1 1 64 4
1 1 65 5
1 1 66 6
1 1 67 7
1 1 68 8
1 1 69 2
1 1 70 3
1 1 71 1
1 1 72 0

boundary
0

vertices
73

nodes
FiniteElementSpace
FiniteElementCollection: L2_T1_1D_P1
VDim: 1
Ordering: 1

0.75
0.75195312
0.6875
0.68945312
0.78125
0.78320312
0.71875
0.72070312
0.765625
0.76757812
0.703125
0.70507812
0.796875
0.79882812
0.671875
0.67382812
0.734375
0.73632812
0.7578125
0.75976562
0.6953125
0.69726562
0.7890625
0.79101562
0.6640625
0.66601562
0.7265625
0.72851562
0.7734375
0.77539062
0.7109375
0.71289062
0.6796875
0.68164062
0.7421875
0.74414062
0.75390625
0.75585938
0.69140625
0.69335938
0.78515625
0.78710938
0.66015625
0.66210938
0.72265625
0.72460938
0.76953125
0.77148438
0.70703125
0.70898438
0.67578125
0.67773438
0.73828125
0.74023438
0.76171875
0.76367188
0.69921875
0.70117188
0.79296875
0.79492188
0.66796875
0.66992188
0.73046875
0.73242188
0.77734375
0.77929688
0.71484375
0.71679688
0.68359375
0.68554688
0.74609375
0.74804688
0.75195312
0.75390625
0.68945312
0.69140625
0.78320312
0.78515625
0.65820312
0.66015625
0.72070312
0.72265625
0.76757812
0.76953125
0.70507812
0.70703125
0.67382812
0.67578125
0.73632812
0.73828125
0.75976562
0.76171875
0.69726562
0.69921875
0.79101562
0.79296875
0.66601562
0.66796875
0.72851562
0.73046875
0.77539062
0.77734375
0.71289062
0.71484375
0.68164062
0.68359375
0.74414062
0.74609375
0.75585938
0.7578125
0.69335938
0.6953125
0.78710938
0.7890625
0.66210938
0.6640625
0.72460938
0.7265625
0.77148438
0.7734375
0.70898438
0.7109375
0.67773438
0.6796875
0.74023438
0.7421875
0.76367188
0.765625
0.70117188
0.703125
0.79492188
0.796875
0.66992188
0.671875
0.73242188
0.734375
0.77929688
0.78125
0.71679688
0.71875
0.68554688
0.6875
0.74804688
0.75
