FiniteElementSpace
FiniteElementCollection: H1Pos_1D_P1
VDim: 1
Ordering: 0

6.5019994e-15
0.0097687044
0
0
2.2842935e-05
8.0613209e-44
0.00094846798
0
2.7806576e-08
8.7180367e-23
0.0034445196
0
1.3852835e-06
2.0159623e-275
0.00018660802
0.022963379
0
8.4051221e-11
4.0549932e-18
0.0059574625
0
0
6.2628068e-06
6.7345826e-77
0.0004419082
0.033259479
0
2.0886859e-09
3.3120806e-30
0.0018730004
0
2.3367673e-07
0
7.007774e-05
0.01528815
0
1.4073235e-12
2.2226079e-16
0.0076762668
0
0
1.2250773e-05
5.2627801e-56
0.00065474692
0.039534755
0
8.1426234e-09
5.0896141e-26
0.0025610142
0
5.9106826e-07
0
0.00011620363
0.018827371
0
1.239091e-11
3.2581608e-20
0.0045623925
0
3.0350082e-06
5.1871495e-121
0.00029103092
0.027754694
0
4.5898074e-10
7.7240355e-36
0.0013456989
0
8.4708258e-08
0
4.0796171e-05
0.012287595
0
1.1636117e-13
