MFEM mesh v1.0

#
# MFEM Geometry Types (see fem/geom.hpp):
#
# POINT       = 0
# SEGMENT     = 1
# TRIANGLE    = 2
# SQUARE      = 3
# TETRAHEDRON = 4
# CUBE        = 5
# PRISM       = 6
#

dimension
1

elements
74
1 1 0 38
1 1 1 39
1 1 2 40
1 1 3 41
1 1 4 42
1 1 5 43
1 1 6 44
1 1 7 45
1 1 8 46
1 1 9 47
1 1 10 48
1 1 11 49
1 1 12 50
1 1 13 51
1 1 14 52
1 1 16 53
1 1 17 54
1 1 18 55
1 1 19 56
1 1 20 57
1 1 21 58
1 1 22 59
1 1 23 60
1 1 24 61
1 1 25 62
1 1 26 63
1 1 27 64
1 1 28 65
1 1 29 66
1 1 30 67
1 1 31 68
1 1 32 69
1 1 33 70
1 1 34 71
1 1 35 72
1 1 36 73
1 1 37 74
1 1 38 19
1 1 39 20
1 1 40 22
1 1 41 23
1 1 42 24
1 1 43 25
1 1 44 26
1 1 45 27
1 1 46 28
1 1 47 29
1 1 48 30
1 1 49 31
1 1 50 32
1 1 51 33
1 1 52 34
1 1 53 35
1 1 54 36
1 1 55 37
1 1 56 9
1 1 57 10
1 1 58 11
1 1 59 12
1 1 60 13
1 1 61 14
1 1 62 15
1 1 63 16
1 1 64 17
1 1 65 18
1 1 66 4
1 1 67 5
1 1 68 6
1 1 69 7
1 1 70 8
1 1 71 2
1 1 72 3
1 1 73 1
1 1 74 0

boundary
0

vertices
75

nodes
FiniteElementSpace
FiniteElementCollection: L2_T1_1D_P1
VDim: 1
Ordering: 1

0
0.001953125
0.0625
0.064453125
0.03125
0.033203125
0.96875
0.97070312
0.015625
0.017578125
0.078125
0.080078125
0.953125
0.95507812
0.046875
0.048828125
0.984375
0.98632812
0.0078125
0.009765625
0.0703125
0.072265625
0.9453125
0.94726562
0.0390625
0.041015625
0.9765625
0.97851562
0.0234375
0.025390625
0.9609375
0.96289062
0.0546875
0.056640625
0.9921875
0.99414062
0.00390625
0.005859375
0.06640625
0.068359375
0.94140625
0.94335938
0.03515625
0.037109375
0.97265625
0.97460938
0.01953125
0.021484375
0.08203125
0.083984375
0.95703125
0.95898438
0.05078125
0.052734375
0.98828125
0.99023438
0.01171875
0.013671875
0.07421875
0.076171875
0.94921875
0.95117188
0.04296875
0.044921875
0.98046875
0.98242188
0.02734375
0.029296875
0.96484375
0.96679688
0.05859375
0.060546875
0.99609375
0.99804688
0.001953125
0.00390625
0.064453125
0.06640625
0.033203125
0.03515625
0.97070312
0.97265625
0.017578125
0.01953125
0.080078125
0.08203125
0.95507812
0.95703125
0.048828125
0.05078125
0.98632812
0.98828125
0.009765625
0.01171875
0.072265625
0.07421875
0.94726562
0.94921875
0.041015625
0.04296875
0.97851562
0.98046875
0.025390625
0.02734375
0.96289062
0.96484375
0.056640625
0.05859375
0.99414062
0.99609375
0.005859375
0.0078125
0.068359375
0.0703125
0.94335938
0.9453125
0.037109375
0.0390625
0.97460938
0.9765625
0.021484375
0.0234375
0.083984375
0.0859375
0.95898438
0.9609375
0.052734375
0.0546875
0.99023438
0.9921875
0.013671875
0.015625
0.076171875
0.078125
0.95117188
0.953125
0.044921875
0.046875
0.98242188
0.984375
0.029296875
0.03125
0.96679688
0.96875
0.060546875
0.0625
0.99804688
1
