MFEM mesh v1.0

#
# MFEM Geometry Types (see fem/geom.hpp):
#
# POINT       = 0
# SEGMENT     = 1
# TRIANGLE    = 2
# SQUARE      = 3
# TETRAHEDRON = 4
# CUBE        = 5
# PRISM       = 6
#

dimension
1

elements
71
1 1 0 36
1 1 1 37
1 1 2 38
1 1 3 39
1 1 4 40
1 1 5 41
1 1 6 42
1 1 7 43
1 1 8 44
1 1 9 45
1 1 10 46
1 1 11 47
1 1 12 48
1 1 13 49
1 1 14 50
1 1 15 51
1 1 16 52
1 1 17 53
1 1 18 54
1 1 19 55
1 1 20 56
1 1 21 57
1 1 22 58
1 1 23 59
1 1 24 60
1 1 25 61
1 1 26 62
1 1 27 63
1 1 28 64
1 1 29 65
1 1 30 66
1 1 31 67
1 1 32 68
1 1 33 69
1 1 34 70
1 1 35 71
1 1 36 18
1 1 37 19
1 1 38 20
1 1 40 21
1 1 41 23
1 1 42 24
1 1 43 25
1 1 44 26
1 1 45 27
1 1 46 28
1 1 47 29
1 1 48 30
1 1 49 31
1 1 50 32
1 1 51 33
1 1 52 34
1 1 53 35
1 1 54 9
1 1 55 10
1 1 56 11
1 1 57 12
1 1 58 13
1 1 59 14
1 1 60 15
1 1 61 16
1 1 62 17
1 1 63 5
1 1 64 6
1 1 65 7
1 1 66 8
1 1 67 2
1 1 68 3
1 1 69 4
1 1 70 1
1 1 71 0

boundary
0

vertices
72

nodes
FiniteElementSpace
FiniteElementCollection: L2_T1_1D_P1
VDim: 1
Ordering: 1

0.625
0.62695312
0.5625
0.56445312
0.53125
0.53320312
0.65625
0.65820312
0.59375
0.59570312
0.640625
0.64257812
0.578125
0.58007812
0.546875
0.54882812
0.609375
0.61132812
0.6328125
0.63476562
0.5703125
0.57226562
0.5390625
0.54101562
0.6015625
0.60351562
0.5234375
0.52539062
0.6484375
0.65039062
0.5859375
0.58789062
0.5546875
0.55664062
0.6171875
0.61914062
0.62890625
0.63085938
0.56640625
0.56835938
0.53515625
0.53710938
0.59765625
0.59960938
0.51953125
0.52148438
0.64453125
0.64648438
0.58203125
0.58398438
0.55078125
0.55273438
0.61328125
0.61523438
0.63671875
0.63867188
0.57421875
0.57617188
0.54296875
0.54492188
0.60546875
0.60742188
0.52734375
0.52929688
0.65234375
0.65429688
0.58984375
0.59179688
0.55859375
0.56054688
0.62109375
0.62304688
0.62695312
0.62890625
0.56445312
0.56640625
0.53320312
0.53515625
0.59570312
0.59765625
0.64257812
0.64453125
0.58007812
0.58203125
0.54882812
0.55078125
0.61132812
0.61328125
0.63476562
0.63671875
0.57226562
0.57421875
0.54101562
0.54296875
0.60351562
0.60546875
0.52539062
0.52734375
0.65039062
0.65234375
0.58789062
0.58984375
0.55664062
0.55859375
0.61914062
0.62109375
0.63085938
0.6328125
0.56835938
0.5703125
0.53710938
0.5390625
0.59960938
0.6015625
0.52148438
0.5234375
0.64648438
0.6484375
0.58398438
0.5859375
0.55273438
0.5546875
0.61523438
0.6171875
0.63867188
0.640625
0.57617188
0.578125
0.54492188
0.546875
0.60742188
0.609375
0.52929688
0.53125
0.65429688
0.65625
0.59179688
0.59375
0.56054688
0.5625
0.62304688
0.625
