FiniteElementSpace
FiniteElementCollection: H1Pos_1D_P1
VDim: 1
Ordering: 0

0.51341712
0.9615433
0.13853834
0.91514757
0.29922295
0.99756098
0.046635615
0.81730457
0.73756393
0.40181845
0.99451889
0.084285624
0.71630538
0.83563876
0.21047731
0.9704485
0.90102301
0.62771696
0.45685861
0.98167274
0.10922642
0.6614747
0.87810018
0.25288623
0.98770134
0.8617249
0.68365889
0.34905215
0.99984742
0.063520091
0.76854767
0.78851759
0.17230312
0.94611672
0.93449674
0.57066439
0.48499841
0.97249855
0.12332805
0.6333764
0.89734444
0.27558789
0.99356977
0.039534755
0.84010766
0.71092371
0.37510726
0.9981322
0.073397247
0.74280697
0.81261043
0.19084684
0.95914276
0.9185281
0.59927176
0.42909956
0.98902404
0.096219361
0.6891563
0.857501
0.23116853
0.97998251
0.88206027
0.65588466
0.32373301
0.99965672
0.054614432
0.79341631
0.76346578
0.15486381
0.93142949
0.94885682
0.54200886
