FiniteElementSpace
FiniteElementCollection: H1Pos_2D_P1
VDim: 1
Ordering: 0

0
0
0
0
0.44444444
0
0
0
0
0
0.2143258
1
0
0
0
0.44444444
0.44444444
0
0
0
0
0
0
0
0
0
0
0
0
0
0
0
0
0
0
0
0
0
0
0
0.37887001
0
0.37887001
0.37887001
0.72222222
0.72222222
0.37887001
0.72222222
0.37887001
0.16666667
0.72222222
0.37887001
0
0
0
0
0
0
0
0
0
0
0
0
0.6071629
0.6071629
0.12158954
0.6071629
0.6071629
0.12158954
0
0
0
0
0
0
0
0
0
0
0
0
0
0
0
0
0
0
0
0
0
0
0
0
0
0
0
0
0
0
0
0
0
0
0
0
0
0
0
0
0
0
0
0
0
0
0
0
0
0
0
0
0
0
0
0
0
0
0
0
0
0
0
0
0
0
0
0
0
0
0
0
0
0
0
0
0
0
0
0
0
0
0
0
0
0
0
0
0
0
0.42734644
0.30555556
0
0.11067719
0
0
0.30555556
0.42734644
0.49922899
0.689435
0.58333333
0.30555556
0.49922899
0.42734644
0.58333333
0.689435
0.86111111
0.86111111
0.30555556
0.42734644
0.30555556
0.689435
0.689435
0.86111111
0.49922899
0.49922899
0.58333333
0.06830501
0
0.30555556
0.25206044
0.42734644
0.30555556
0.15517187
0.027777779
0.49922899
0.49922899
0.689435
0.86111111
0.689435
0.58333333
0.689435
0.49922899
0.42734644
0.689435
0.49922899
0.30555556
0.15517187
0
0.25206044
0.11067719
0.06830501
0
0
0.00095132554
0
0
0
0
0
0
0
0
0
0
0
0
0
0
0
0
0
0
0
0
0
0
0
0
0
0
0
0
0
0
0
0
0
0
0
0
0
0
0
0
0
0
0
0
0.017907249
0
0.56079477
0.41074435
0.56079477
0.80358145
0.29180285
0.80358145
0.56079477
0.41074435
0.56079477
0
0.19014557
0.29180285
0.017907249
0.41074435
0.56079477
0.80358145
0.56079477
0.56079477
0.80358145
0.56079477
0.41074435
0.017907249
0.29180285
0.19014557
0
0
0.00039550591
0.0003955059
0
0
0
0
0
0
0
0
0
0
0
0
0
0
0
0
0
0
0
0
0
0
0
0
0
0
0
0
0
0
0
0
0
0
0
0
0
0
0
0
0
0
0
0
0
0
0
0
0
0
0
0
0
0
0
0
0
0
0
0
0
0
0
0
0
0
0
0
0
0
0
0
0
0
0
0
0
0
0
0
0
0
0
0
0
0
0
0
0
0
0
0
0
0
0
0
0
0
0
0
0
0
0
0
0
0
0
0
0
0
0
0
0
0
0
0
0
0
0
0
0
0
0
0
0
0
0
0
0
0
0
0
0
0
0
0
0
0
0
0
0
0
0
0
0
0
0
0
0
0
0
0
0
0
0
0
0
0
0
0
0
0
0
0
0
0
0
0
0
0
0
0
0
0
0
0
0
0
0
0
0
0
0
0
0
0
0
0
0
0
0
0
0
0
0
0
0
0
0
0
0
0
0
0
0
0
0
0
0
0
0
0
0
0
0
0
0
0
0
0
0
0
0
0
0
0
0
0
0
0
0
0
0
0
0
0
0
0
0
0
0
0
0
0
0
0
0
0
0
0
0
0
0
0
0
0
0
0
0
0
0
0
0
0
0
0
0
0
0
0
0
0
0
0
0
0
0
0
0
0
0
0
0
0
0
0
0
0
0
0
0
0
0
0
0
0
0
0
0
0
0
0
0
0
0
0
0
0
0
0
0
0
0
0
0
0
0
0
0
0
0
0
0
0
0
0
0
0
0
0
0
0
0
0
0
0
0
0
0
0
0
0
0
0
0
0
0
0
0
0
0
0.44012099
0.40666641
0.34486242
0.26179543
0.16377816
0
0
0
0
0.065720553
0.16377816
0.065720553
0.055453438
0
0
0
0
0
0
0
0.34486242
0.40666641
0.44012099
0.49443681
0.57758594
0.51388889
0.44012099
0.53415251
0.5553386
0.65277778
0.62603022
0.71367322
0.65277778
0.35975386
0.45762155
0.35975386
0.34486242
0.44012099
0.45762155
0.5553386
0.53415251
0.62603022
0.65277778
0.40666641
0.49443681
0.44012099
0.51388889
0.57758594
0.65277778
0.71367322
0.7496145
0.8447175
0.79166667
0.7496145
0.79166667
0.8447175
0.93055556
0.93055556
0.31605154
0.35975386
0.30209197
0.375
0.30209197
0.35975386
0.44012099
0.27497872
0.31605154
0.40666641
0.34486242
0.26179543
0.8447175
0.8447175
0.93055555
0.71367322
0.74961449
0.65277778
0.65277778
0.74961449
0.71367322
0.79166667
0.57758594
0.62603022
0.49443681
0.44012099
0.5341525
0.55533859
0.45762155
0.45762155
0.55533859
0.35975386
0.35975386
0.44012099
0.62603022
0.57758593
0.65277778
0.5341525
0.49443681
0.51388889
0
0
0.035246946
0.0057068717
0.097222223
0.055453438
0
0
0.15232253
0.12986361
0.26179543
0.24884349
0.34486242
0.31605154
0.22358751
0.18717362
0.27497872
0.22358751
0.14101966
0.40666641
0.35975386
0.44012099
0.375
0.30209197
0.23611111
0.16377816
0.0057068717
0
0.086600943
0.097222223
0.025300775
0
0.35975386
0.35975386
0.44012099
0.45762155
0.5553386
0.5553386
0.45762155
0.44012099
0.49443681
0.53415251
0.57758594
0.71367322
0.62603022
0.65277778
0.7496145
0.7496145
0.65277778
0.8447175
0.93055556
0.8447175
0.79166667
0.71367322
0.53415251
0.49443681
0.62603022
0.65277778
0.57758594
0.51388889
0.57758594
0.49443681
0.44012099
0.71367322
0.62603022
0.65277778
0.55533859
0.5341525
0.44012099
0.40666641
0.8447175
0.74961449
0.8447175
0.71367322
0.74961449
0.65277778
0.62603022
0.5341525
0.55533859
0.57758593
0.49443681
0.44012099
0.45762155
0.35975386
0.34486242
0.45762155
0.35975386
0.26179543
0.025300775
0
0.16377816
0.086600943
0.14101966
0.055453437
0.0057068714
0
0.30209197
0.22358751
0.35975386
0.31605154
0.27497872
0.18717362
0.22358751
0.12986361
0.097222223
0.24884348
0.15232253
0.055453437
0.035246945
0
0
0.005706871
0
0
0
0
0
0
0
0
0
4.0178558e-05
0
0.0007893121
0
0.0007893121
0
4.0178553e-05
0.0037841473
0
0
0
0
0
0
0
0
0
0
0
0
0
0
0
0
0
0
0
0
0
0
0
0
0
0
0
0
0
0
0
0
0
0
0
0
0
0
0
0
0
0
0
0
0
0
0
0
0
0
0
0
0
0
0
0
0
0
0
0
0
0
0
0
0
0
0
0
0
0
0
0
0
0
0
0
0
0
0
0
0
0
0
0
0
0
0
0
0
0
0
0
0
0
0
0
0
0
0
0
0
0
0
0
0
0
0
0
0
0
0
0
0
0
0
0
0
0
0
0
0
0
0
0
0
0
0
0
0
0
0
0
0
0
0
0
0
0
0
0
0
0
0
0
0
0
0
0
0
0
0
0
0
0
0
0
0
0
0
0
0
0
0
0
0
0
0
0
0
0
0
0
0
0
0
0
0
0
0.20821151
0
0.11611652
0.013009001
0
0
0
0
0.50895362
0.47112687
0.59507279
0.64590142
0.4026163
0.31253507
0.4026163
0.50895362
0.59507279
0.47112687
0.50895362
0.64590142
0.78039739
0.70537218
0.78039739
0.90179073
0.28502569
0.34119215
0.37115381
0.37115381
0.34119215
0.28502568
0.90179072
0.78039738
0.70537217
0.78039738
0.64590142
0.50895362
0.47112687
0.59507278
0.50895362
0.4026163
0.31253507
0.4026163
0.64590142
0.59507278
0.47112687
0.50895362
0
0
0.032750815
0
0.094555222
0.20821151
0.28502569
0.16089959
0.20821151
0.34119215
0.37115381
0.23296104
0
0.073495552
0.094555222
0
0.31253507
0.4026163
0.50895362
0.4026163
0.47112687
0.50895362
0.64590142
0.59507279
0.70537218
0.78039739
0.90179073
0.78039739
0.47112687
0.59507279
0.64590142
0.50895362
0.50895362
0.64590142
0.59507278
0.47112687
0.78039738
0.90179072
0.78039738
0.70537217
0.59507278
0.64590142
0.50895362
0.47112687
0.4026163
0.50895362
0.4026163
0.31253507
0
0.094555222
0.073495552
0
0.23296104
0.37115381
0.34119215
0.20821151
0.16089959
0.28502568
0.20821151
0.094555222
0
0.032750815
0
0
0
0
0
0
0
0
0
0.0066343992
0
0
0.0013221198
0
0
0
0
0
0
0
0
0
0
0
0
0
0
0
0
0
0
0
0
0
0
0
0
0
0
0
0
0
0
0
0
0
0
0
0
0
0
0
0
0
0
0
0
0
0
0
0
0
0
0
0
0
0
0
0
0
0
0
0
0
0
0
0
0
0
0
0
0
0
0
0
0
0
0
0
0
0
0
0
0
0
0
0
0
0
0
0
0
0
0
0
0
0
0
0
0
0
0
0
0
0
0
0
0
0
0
0
0
0
0
0
0
0
0
0
0
0
0
0
0
0
0
0
0
0
0
0
0
0
0
0
0
0
0
0
0
0
0
0
0
0
0
0
0
0
0
0
0
0
0
0
0
0
0
0
0
0
0
0
0
0
0
0
0
0
0
0
0
0
0
0
0
0
0
0
0
0
0
0
0
0
0
0
0
0
0
0
0
0
0
0
0
0
0
0
0
0
0
0
0
0
0
0
0
0
0
0
0
0
0
0
0
0
0
0
0
0
0
0
0
0
0
0
0
0
0
0
0
0
0
0
0
0
0
0
0
0
0
0
0
0
0
0
0
0
0
0
0
0
0
0
0
0
0
0
0
0
0
0
0
0
0
0
0
0
0
0
0
0
0
0
0
0
0
0
0
0
0
0
0
0
0
0
0
0
0
0
0
0
0
0
0
0
0
0
0
0
0
0
0
0
0
0
0
0
0
0
0
0
0
0
0
0
0
0
0
0
0
0
0
0
0
0
0
0
0
0
0
0
0
0
0
0
0
0
0
0
0
0
0
0
0
0
0
0
0
0
0
0
0
0
0
0
0
0
0
0
0
0
0
0
0
0
0
0
0
0
0
0
0
0
0
0
0
0
0
0
0
0
0
0
0
0
0
0
0
0
0
0
0
0
0
0
0
0
0
0
0
0
0
0
0
0
0
0
0
0
0
0
0
0
0
0
0
0
0
0
0
0
0
0
0
0
0
0
0
0
0
0
0
0
0
0
0
0
0
0
0
0
0
0
0
0
0
0
0
0
0
0
0
0
0
0
0
0
0
0
0
0
0
0
0
0
0
0
0
0
0
0
0
0
0
0
0
0
0
0
0
0
0
0
0
0
0
0
0
0
0
0
0
0
0
0
0
0
0
0
0
0
0
0
0
0
0
0
0
0
0
0
0
0
0
0
0
0
0
0
0
0
0
0
0
0
0
0
0
0
0
0
0
0
0
0
0
0
0
0
0
0
0
0
0
0
0
0
0
0
0
0
0
0
0
0
0
0
0
0
0
0
0
0
0
0
0
0
0
0
0
0
0
0
0
0
0
0
0
0
0
0
0
0
0
0
0
0
0
0
0
0
0
0
0
0
0
0
0
0
0
0
0
0
0
0
0
0
0
0
0
0
0
0
0
0
0
0
0
0
0
0
0
0
0
0
0
0
0
0
0
0
0
0
0
0
0
0
0
0
0
0
0
0
0
0
0
0
0
0
0
0
0
0
0
0
0
0
0
0
0
0
0
0
0
0
0
0
0
0
0
0
0
0
0
0
0
0
0
0
0
0
0
0
0
0
0
0
0
0
0
0
0
0
0
0
0
0
0
0
0
0
0
0
0
0
0
0
0
0
0
0
0
0
0
0
0
0
0
0
0
0
0
0
0
0
0
0
0
0
0
0
0
0
0
0
0
0
0
0
0
0
0
0
0
0
0
0
0
0
0
0
0
0
0
0
0
0
0
0
0
0
0
0
0
0
0
0
0
0
0
0
0
0
0
0
0
0
0
0
0
0
0
0
0
0
0
0
0
0
0
0
0
0
0
0
0
0
0
0
0
0
0
0
0
0
0
0
0
0
0
0
0
0
0
0
0
0
0
0
0
0
0
0
0
0
0
0
0
0
0
0
0
0
0
0
0
0
0
0
0
0
0
0
0
0
0
0
0
0
0
0
0
0
0
0
0
0
0
0
0
0
0
0
0
0
0
0
0
0
0
0
0
0
0
0
0
0
0
0
0
0
0
0
0
0
0
0
0
0
0
0
0
0
0
0
0
0
0
0
0
0
0
0
0
0
0
0
0
0
0
0
0
0
0
0
0
0
0
0
0
0
0
0
0
0
0
0
0
0
0
0
0
0
0
0
0
0
0
0
0
0
0
0
0
0
0
0
0
0
0
0
0
0
0
0
0
0
0
0
0
0
0
0
0
0
0
0
0
0
0
0
0
0
0
0
0
0
0
0
0
0
0
0
0
0
0
0
0
0
0
0
0
0
0
0
0
0
0
0
0
0
0
0
0
0
0
0
0
0
0
0
0
0
0
0
0
0
0
0
0
0
0
0
0
0
0
0
0
0
0
0
0
0
0
0
0
0
0
0
0
0
0
0
0
0
0
0
0
0
0
0
0
0
0
0
0
0
0
0
0
0
0
0
0
0
0
0
0
0
0
0
0
0
0
0
0
0
0
0
0
0
0
0
0
0
0
0
0
0
0
0
0
0
0
0
0
0
0
0
0
0
0
0
0
0
0
0
0
0
0
0
0
0
0
0
0
0
0
0
0
0
0
0
0
0
0
0
0
0
0
0
0
0
0
0
0
0
0
0
0
0
0
0
0
0
0
0
0
0
0
0
0
0
0
0
0
0
0
0
0
0
0
0
0
0
0
0
0
0
0
0
0
0
0
0
0
0
0
0
0
0
0
0
0
0
0
0
0
0
0
0
0
0
0
0
0
0
0
0
0
0
0
0
0
0
0
0
0
0
0
0
0
0
0
0
0
0
0
0
0
0
0
0
0
0
0
0
0
0
0
0
0
0
0
0
0
0
0
0
0
0
0
0
0
0
0
0
0
0
0
0
0
0
0
0
0
0
0
0
0
0
0
0
0
0
0
0
0
0
0
0
0
0
0
0
0
0
0
0
0
0
0
0
0
0
0
0
0
0
0
0
0
0
0
0
0
0
0
0
0
0
0
0
0
0
0
0
0
0
0
0
0
0
0
0
0
0
0
0
0
0
0
0
0
0
0
0
0
0
0
0
0
0
0
0
0
0
0
0
0
0
0
0
0
0
0
0
0
0
0
0
0
0
0
0
0
0
0
0
0
0
0
0
0
0
0
0
0
0
0
0
0
0
0
0
0
0
0
0
0
0
0
0
0
0
0
0
0
0
0
0
0
0.40972222
0.44336043
0.40565129
0.43476317
0.39360246
0.41794949
0.37403624
0.39360246
0.34762867
0.36258473
0.31517073
0.3258164
0.27747736
0.18643233
0.28418305
0.23532238
0.23848222
0.18940156
0
0
0
0
0
0
0
0
0
0
0.042144846
0.091232478
0.091232478
0.042144846
0.14031817
0.18940156
0.14031817
0.13751789
0.088583004
0
0
0
0.039630787
0.08330703
0.034622308
0.027157937
0
0
0
0
0
0
0
0
0
0
0
0
0
0
0
0
0
0
0
0
0
0
0
0
0
0
0
0
0
0.3258164
0.31517073
0.36258473
0.34762867
0.39360246
0.37403624
0.41794949
0.39360246
0.43476317
0.40565129
0.44336043
0.47455743
0.51265039
0.47916667
0.46096616
0.50285344
0.52772672
0.57050983
0.54330047
0.58188908
0.54861111
0.43904533
0.48381706
0.40972222
0.45651126
0.46998828
0.51762347
0.50285344
0.54861111
0.5649318
0.61179375
0.59358681
0.52772672
0.57616126
0.58188908
0.63089772
0.62442174
0.67243121
0.65802577
0.61179375
0.65104599
0.61805556
0.63748936
0.7033332
0.67987693
0.7200605
0.6875
0.37403624
0.42210705
0.33300789
0.38178841
0.38570118
0.43476317
0.43051321
0.47916667
0.33663288
0.28755957
0.28418305
0.33300789
0.33663288
0.38570118
0.38178841
0.43051321
0.43476317
0.3258164
0.37403624
0.36258473
0.40972222
0.42210705
0.46998828
0.47916667
0.48381706
0.53286028
0.48381706
0.52772672
0.53286028
0.58188908
0.57616126
0.62442174
0.63089772
0.51762347
0.5649318
0.54861111
0.59358681
0.61179375
0.65802577
0.67243121
0.45651126
0.50285344
0.39360246
0.43904533
0.41794949
0.46096616
0.48381706
0.52772672
0.50285344
0.54330047
0.57050983
0.43476317
0.47455743
0.44336043
0.47916667
0.51265039
0.54861111
0.58188908
0.63748936
0.67987693
0.7033332
0.61179375
0.61805556
0.65104599
0.6875
0.7200605
0.74721841
0.78879297
0.75694445
0.7200605
0.76707625
0.7776693
0.82638889
0.81301511
0.85683661
0.82638889
0.67987693
0.72881078
0.67987693
0.7200605
0.72881078
0.7776693
0.76707625
0.81301511
0.82638889
0.74721841
0.75694444
0.78879297
0.82638889
0.85683661
0.87480725
0.92235875
0.89583333
0.87480725
0.89583333
0.92235875
0.96527778
0.96527778
0.31517073
0.30122876
0.34762867
0.3294025
0.37403624
0.3258164
0.35133536
0.39360246
0.26753392
0.27083333
0.30468804
0.3663789
0.40565129
0.33663288
0.34027778
0.37403624
0.40972222
0.37403624
0.40565129
0.44336043
0.30468804
0.33663288
0.29778651
0.32581639
0.3663789
0.39360246
0.43476317
0.26753392
0.25772367
0.24165522
0.28418305
0.2642493
0.35133536
0.37403624
0.41794949
0.30816462
0.28418305
0.3294025
0.34762867
0.39360246
0.30122876
0.31517073
0.36258473
0.26753392
0.27747736
0.32581639
0.23532238
0.28418305
0.23848221
0.92235875
0.92235875
0.96527778
0.85683661
0.87480725
0.82638889
0.82638889
0.87480725
0.85683661
0.89583333
0.78879297
0.81301511
0.7200605
0.74721841
0.7033332
0.72006049
0.76707625
0.7776693
0.72881077
0.72881077
0.7776693
0.67243121
0.67987693
0.63089771
0.63089771
0.67987693
0.67243121
0.72006049
0.81301511
0.78879297
0.82638889
0.76707625
0.7033332
0.74721841
0.72006049
0.75694444
0.65104599
0.67987693
0.58188908
0.61179375
0.57050983
0.59358681
0.63748936
0.65802577
0.51265039
0.54330047
0.47455743
0.46096616
0.50285344
0.52772672
0.48381706
0.50285344
0.54861111
0.43904533
0.40972222
0.45651126
0.46998828
0.51762347
0.61179375
0.62442174
0.5649318
0.52772672
0.57616126
0.58188908
0.53286028
0.53286028
0.58188908
0.47916667
0.48381706
0.43476317
0.43476317
0.48381706
0.47916667
0.52772672
0.42210705
0.43051321
0.37403624
0.33300789
0.38178841
0.38570118
0.33663288
0.33663288
0.38570118
0.28755956
0.28755956
0.33300789
0.43051321
0.42210705
0.46998828
0.38178841
0.37403624
0.40972222
0.67987693
0.65104598
0.6875
0.65802577
0.63748936
0.59358681
0.57050983
0.61179375
0.58188908
0.61805555
0.62442174
0.61179375
0.57616126
0.51762347
0.5649318
0.54861111
0.50285343
0.48381706
0.52772672
0.45651125
0.43904533
0.46096616
0.54330047
0.51265039
0.54861111
0.50285343
0.47455743
0.47916667
0
0
0
0
0
0
0
0
0
0
0.017293633
0.0051007801
0.052267774
0.037123291
0
0
0.019750403
0.00026527549
0
0.08330703
0.065075555
0.10999961
0.088583005
0.044665522
0.022213346
0
0
0
0
0
0
0
0.075449518
0.065075555
0.13194445
0.12365073
0.1717458
0.16018149
0.11271303
0.099227656
0.18643233
0.18052613
0.23848222
0.23532238
0.28418305
0.27747736
0.22904155
0.2197151
0.26753392
0.25448227
0.20745054
0.3258164
0.31517073
0.36258473
0.34762867
0.30122876
0.28418305
0.23848222
0.14594626
0.1291711
0.19238171
0.2197151
0.1746622
0.15445864
0.19837525
0.1746622
0.13194445
0.2642493
0.24165522
0.28418305
0.25772367
0.21663096
0.18940156
0.14877426
0.3294025
0.30816462
0.39360246
0.37403624
0.41794949
0.39360246
0.35133536
0.3258164
0.3663789
0.33663288
0.29778651
0.43476317
0.40565129
0.44336043
0.40972222
0.37403624
0.34027778
0.30468804
0.22904155
0.19837525
0.16018149
0.26753392
0.27083333
0.23532238
0.20138889
0.1659436
0
0
0
0
0.012398428
0
0
0
0.065075555
0.039630787
0.10729444
0.12090355
0.080680397
0.052267774
0.091232478
0.059931503
0.022213345
0.1291711
0.13194445
0.096554735
0.062500001
0.027157937
0
0
0
0
0
0
0.28755957
0.28755957
0.33300789
0.33663288
0.38570118
0.38570118
0.33663288
0.33300789
0.37403624
0.38178841
0.40972222
0.42210705
0.46998828
0.47916667
0.43051321
0.43476317
0.48381706
0.48381706
0.43476317
0.52772672
0.53286028
0.58188908
0.58188908
0.53286028
0.52772672
0.47916667
0.38178841
0.37403624
0.43051321
0.46998828
0.42210705
0.40972222
0.43904533
0.45651126
0.46096616
0.48381706
0.52772672
0.54861111
0.50285344
0.51762347
0.47455743
0.50285344
0.51265039
0.58188908
0.54330047
0.57050983
0.61179375
0.63748936
0.59358681
0.65104599
0.7200605
0.67987693
0.7033332
0.65802577
0.5649318
0.57616126
0.61179375
0.67243121
0.62442174
0.63089772
0.67987693
0.67987693
0.63089772
0.7200605
0.72881078
0.7776693
0.7776693
0.72881078
0.7200605
0.67243121
0.74721841
0.76707625
0.78879297
0.85683661
0.81301511
0.82638889
0.87480725
0.87480725
0.82638889
0.92235875
0.96527778
0.92235875
0.89583333
0.85683661
0.76707625
0.74721841
0.7033332
0.81301511
0.82638889
0.78879297
0.75694444
0.7200605
0.45651126
0.43904533
0.51762347
0.50285344
0.54861111
0.52772672
0.48381706
0.46096616
0.57616126
0.5649318
0.62442174
0.65802577
0.61179375
0.59358681
0.63748936
0.61179375
0.57050983
0.67987693
0.6875
0.65104599
0.61805556
0.58188908
0.50285344
0.47455743
0.54330047
0.54861111
0.51265039
0.47916667
0.51265039
0.47455743
0.44336043
0.58188908
0.54330047
0.57050983
0.52772672
0.50285344
0.46096616
0.43476317
0.65104599
0.61179375
0.7200605
0.67987693
0.7033332
0.65802577
0.63748936
0.59358681
0.61179375
0.5649318
0.54861111
0.67243121
0.62442174
0.63089771
0.58188908
0.57616126
0.52772672
0.51762347
0.48381706
0.43904533
0.41794949
0.50285344
0.46998828
0.45651126
0.40972222
0.39360246
0.78879297
0.74721841
0.85683661
0.81301511
0.82638889
0.7776693
0.76707625
0.72006049
0.92235875
0.87480725
0.92235875
0.85683661
0.87480725
0.82638889
0.81301511
0.76707625
0.7776693
0.78879297
0.72006049
0.74721841
0.7033332
0.72006049
0.72881077
0.67987693
0.72881077
0.67243121
0.67987693
0.63089771
0.62442174
0.57616126
0.58188908
0.65802577
0.61179375
0.59358681
0.54861111
0.5649318
0.51762347
0.52772672
0.67987693
0.63748936
0.65104598
0.58188908
0.61179375
0.57050983
0.54330047
0.50285343
0.52772672
0.51265039
0.47455743
0.46096616
0.50285343
0.45651125
0.46998828
0.48381706
0.43904533
0.42210705
0.37403624
0.36258473
0.47916667
0.43051321
0.43476317
0.38570118
0.38178841
0.33300789
0.32581639
0.53286028
0.48381706
0.53286028
0.47916667
0.48381706
0.43476317
0.43051321
0.38178841
0.38570118
0.42210705
0.37403624
0.33300789
0.33663288
0.28755956
0.28418305
0.33663288
0.28755956
0.23848221
0
0
0.027157937
0
0.022213345
0
0
0
0.096554735
0.059931503
0.1659436
0.1291711
0.16018149
0.12090355
0.091232478
0.052267774
0.080680397
0.039630786
0.012398428
0.14877426
0.10729444
0.13194444
0.088583004
0.065075555
0.022213345
0
0
0
0
0
0
0
0.23532238
0.19837525
0.30468804
0.26753392
0.29778651
0.25772367
0.22904155
0.18940156
0.37403624
0.33663288
0.40565129
0.39360246
0.3663789
0.32581639
0.35133536
0.30816462
0.28418305
0.37403624
0.34762867
0.3294025
0.28418305
0.2642493
0.21663096
0.1746622
0.24165522
0.2197151
0.19837525
0.15445864
0.1746622
0.1291711
0.10999961
0.23848222
0.19238171
0.20745054
0.16018148
0.14594626
0.099227655
0.083307029
0.30122876
0.25448227
0.31517073
0.27747736
0.26753392
0.2197151
0.22904155
0.18052613
0.1717458
0.23532238
0.18643233
0.13194444
0.11271303
0.065075554
0.052267774
0.12365073
0.083307029
0.075449517
0.027157936
0.017293632
0
0
0
0
0
0
0
0
0.044665522
0.00026527491
0.065075555
0.03712329
0.019750402
0
0
0
0
0.0051007793
0
0
0
0
0
0
0
0
0
0
0
0
0
0
0
0
0
0
0
0
0
0
0
0
0
0
0
0
0
8.6816843e-08
0
0.00060850121
0
0
0
0
0
0.00018962173
0
0
0
0
0
0
0
0.00090936835
0
0.0006085012
0.0044181124
0.0033628054
0.00480368
0.0019351475
0
0
0
0
0
0.0006085012
0
0.00090936835
0
0
0
0
0
0
0
0.00018962172
0.0019351474
0.0033628053
0.00060850118
0.0052063378
0.0044181124
0
0
0
0
0
0
0
0
0
0
0
0
0
0
8.6816464e-08
0.0024572077
0
0
0
0
0
0
0
0
0
0
0
0
0
0
0
0
0
0
0
0
0
0
0
0
0
0
0
0
0
0
0
0
0
0
0
0
0
0
0
0
0
0
0
0
0
0
0
0
0
0
0
0
0
0
0
0
0
0
0
0
0
0
0
0
0
0
0
0
0
0
0
0
0
0
0
0
0
0
0
0
0
0
0
0
0
0
0
0
0
0
0
0
0
0
0
0
0
0
0
0
0
0
0
0
0
0
0
0
0
0
0
0
0
0
0
0
0
0
0
0
0
0
0
0
0
0
0
0
0
0
0
0
0
0
0
0
0
0
0
0
0
0
0
0
0
0
0
0
0
0
0
0
0
0
0
0
0
0
0
0
0
0
0
0
0
0
0
0
0
0
0
0
0
0
0
0
0
0
0
0
0
0
0
0
0
0
0
0
0
0
0
0
0
0
0
0
0
0
0
0
0
0
0
0
0
0
0
0
0
0
0
0
0
0
0
0
0
0
0
0
0
0
0
0
0
0
0
0
0
0
0
0
0
0
0
0
0
0
0
0
0
0
0
0
0
0
0
0
0
0
0
0
0
0
0
0
0
0
0
0
0
0
0
0
0
0
0
0
0
0
0
0
0
0
0
0
0
0
0
0
0
0
0
0
0
0
0
0
0
0
0
0
0
0
0
0
0
0
0
0
0
0
0
0
0
0
0
0
0
0
0
0
0
0
0
0
0
0
0
0
0
0
0
0
0
0
0
0
0
0
0
0
0
0
0
0
0
0
0
0
0
0
0
0
0
0
0
0
0
0
0
0
0
0
0
0
0
0
0
0
0
0
0
0
0
0
0
0
0
0
0
0
0
0
0
0
0
0
0
0
0
0
0
0
0
0
0
0
0
0
0
0
0
0
0
0
0
0
0
0
0
0
0
0
0
0
0
0
0
0
0
0
0
0
0
0
0
0
0
0
0
0
0
0
0
0
0
0
0
0
0
0
0
0
0
0
0
0
0
0
0
0
0
0
0
0
0
0
0
0
0
0
0
0
0
0
0
0
0
0
0
0
0
0
0
0
0
0
0
0
0
0
0
0
0
0
0
0
0
0
0
0
0
0
0
0
0
0
0
0
0
0
0
0
0
0
0
0
0
0
0
0
0
0
0
0
0
0
0
0
0
0
0
0
0
0
0
0
0
0
0
0
0
0
0
0
0
0
0
0
0
0
0
0
0
0
0
0
0
0
0
0
0
0
0
0
0
0
0
0
0
0
0
0
0
0
0
0
0
0
0
0
0
0
0
0
0
0
0
0
0
0
0
0
0
0
0
0
0
0
0
0
0
0
0
0
0
0
0
0
0
0
0
0
0
0
0
0
0
0
0
0
0
0
0
0
0
0
0
0
0
0
0
0
0
0
0
0
0
0
0
0
0
0
0
0
0
0
0
0
0
0
0
0
0
0
0
0
0
0
0
0
0
0
0
0
0
0
0
0
0
0
0
0
0
0
0
0
0
0
0
0
0
0
0
0
0
0
0
0
0
0
0
0
0
0
0
0
0
0
0
0
0
0
0
0
0
0
0
0
0
0
0.40870186
0.40060151
0.38472066
0.36163971
0.33210472
0.29692859
0.256912
0.21279278
0
0
0
0
0.067011887
0.11475356
0.16522116
0.11475356
0
0.0166804
0.061857217
0.0069201644
0
0
0
0
0
0
0
0
0
0
0
0
0
0
0
0
0.33210472
0.36163971
0.38472066
0.40060151
0.40870186
0.47801054
0.46885213
0.53674778
0.54727761
0.45099346
0.42524495
0.48733253
0.51637541
0.58044979
0.54727761
0.60410576
0.64251284
0.61648052
0.60410576
0.67059608
0.68557691
0.39260918
0.35412933
0.40870186
0.45099346
0.31078357
0.31078357
0.36163971
0.40870186
0.35412933
0.39260918
0.45099346
0.5065045
0.45984899
0.5065045
0.55805826
0.60410576
0.54727761
0.58044979
0.64251284
0.48733253
0.42524495
0.45099346
0.51637541
0.53674778
0.46885213
0.47801054
0.54727761
0.67059608
0.60410576
0.61648052
0.68557691
0.75447681
0.73556343
0.79753639
0.82295071
0.70130815
0.65626754
0.70130815
0.75447681
0.79753639
0.73556343
0.75447681
0.82295071
0.89019869
0.85268609
0.89019869
0.95089536
0.29692859
0.33210472
0.36163971
0.31781657
0.38472066
0.27000708
0.40060151
0.33210472
0.33936467
0.40870186
0.40870186
0.33936467
0.33210472
0.40060151
0.27000708
0.26343044
0.25045024
0.38472065
0.31781657
0.29692859
0.36163971
0.33210472
0.29692859
0.25691199
0.95089536
0.89019869
0.85268609
0.89019869
0.82295071
0.75447681
0.73556343
0.79753639
0.75447681
0.70130815
0.65626754
0.70130815
0.82295071
0.79753639
0.73556343
0.75447681
0.68557691
0.61648052
0.60410576
0.67059608
0.54727761
0.47801054
0.46885213
0.53674778
0.51637541
0.45099346
0.42524495
0.48733253
0.64251284
0.58044979
0.54727761
0.60410575
0.55805826
0.5065045
0.45984899
0.5065045
0.45099346
0.39260918
0.35412933
0.40870186
0.36163971
0.31078357
0.26343044
0.31078357
0.45099346
0.40870186
0.35412933
0.39260918
0.6855769
0.67059608
0.60410575
0.61648052
0.64251284
0.60410575
0.54727761
0.58044979
0.51637541
0.48733253
0.45099346
0.54727761
0.53674777
0.46885213
0.47801054
0
0
0
0
0
0
0.021597029
0
0
0.051631926
0.077407622
0.011788232
0
0
0
0
0.046560403
0.10392445
0.14242437
0.082649667
0.159464
0.21279278
0.256912
0.20063442
0.23769103
0.29692859
0.33210472
0.27000708
0.11475356
0.17685628
0.2066903
0.14242437
0.16522116
0.23139085
0.25045024
0.18273595
0.29692859
0.36163971
0.38472066
0.31781657
0.33210472
0.40060151
0.40870186
0.33936467
0.19462406
0.26343044
0.27000708
0.20063442
0
0
0
0
0.031505162
0.098558683
0.11475356
0.046560403
0.056730716
0.12571678
0.13125028
0.061857217
0
0
0
0
0.26343044
0.31078357
0.36163971
0.31078357
0.35412933
0.39260918
0.45099346
0.40870186
0.45984899
0.5065045
0.55805826
0.5065045
0.35412933
0.40870186
0.45099346
0.39260918
0.42524495
0.45099346
0.51637541
0.48733253
0.46885213
0.47801054
0.54727761
0.53674778
0.60410576
0.61648052
0.68557691
0.67059608
0.54727761
0.58044979
0.64251284
0.60410576
0.65626754
0.70130815
0.75447681
0.70130815
0.73556343
0.75447681
0.82295071
0.79753639
0.85268609
0.89019869
0.95089536
0.89019869
0.73556343
0.79753639
0.82295071
0.75447681
0.42524495
0.48733253
0.51637541
0.45099346
0.54727761
0.60410576
0.64251284
0.58044979
0.60410576
0.67059608
0.68557691
0.61648052
0.46885213
0.53674778
0.54727761
0.47801054
0.47801054
0.54727761
0.53674778
0.46885213
0.61648052
0.68557691
0.67059608
0.60410576
0.58044979
0.64251284
0.60410575
0.54727761
0.45099346
0.51637541
0.48733253
0.42524495
0.75447681
0.82295071
0.79753639
0.73556343
0.89019869
0.95089536
0.89019869
0.85268609
0.79753639
0.82295071
0.75447681
0.73556343
0.70130815
0.75447681
0.70130815
0.65626754
0.60410575
0.64251284
0.58044979
0.54727761
0.67059608
0.6855769
0.61648052
0.60410575
0.53674777
0.54727761
0.47801054
0.46885213
0.48733253
0.51637541
0.45099346
0.42524495
0.39260918
0.45099346
0.40870186
0.35412933
0.5065045
0.55805826
0.5065045
0.45984899
0.40870186
0.45099346
0.35412933
0.31078357
0.36163971
0.31078357
0.26343044
0
0
0
0
0.061857217
0.13125028
0.12571678
0.056730716
0.046560402
0.11475356
0.098558682
0.031505162
0
0
0
0
0.20063442
0.27000708
0.26343044
0.19462406
0.33936467
0.40870186
0.40060151
0.33210472
0.31781657
0.38472065
0.36163971
0.29692859
0.18273595
0.25045024
0.23139085
0.16522116
0.14242437
0.2066903
0.17685628
0.11475356
0.27000708
0.33210472
0.29692859
0.23769103
0.20063441
0.25691199
0.21279277
0.159464
0.082649666
0.14242437
0.10392445
0.046560402
0
0
0
0
0.011788232
0.077407622
0.051631925
0
0
0.021597028
0
0
0
0
0
0
0
0
0
0
0
0
0
0
0
0
0.00017141842
0
0
0
0
0
0
0
0
0.0039600111
0.0047056904
0.0012235413
0.0026697385
0
0
0
0
0
0
0
0
0.0026697385
0.0012235412
0.0047056904
0.003960011
0
0
0
0
0
0
0
0
0.00017141841
0
0
0
0
0
0
0
0
0
0
0
0
0
0
0
0
0
0
0
0
0
0
0
0
0
0
0
0
0
0
0
0
0
0
0
0
0
0
0
0
0
0
0
0
0
0
0
0
0
0
0
0
0
0
0
0
0
0
0
0
0
0
0
0
0
0
0
0
0
0
0
0
0
0
0
0
0
0
0
0
0
0
0
0
0
0
0
0
0
0
0
0
0
0
0
0
0
0
0
0
0
0
0
0
0
0
0
0
0
0
0
0
0
0
0
0
0
0
0
0
0
0
0
0
0
0
0
0
0
0
0
0
0
0
0
0
0
0
0
0
0
0
0
0
0
0
0
0
0
0
0
0
0
0
0
0
0
0
0
0
0
0
0
0
0
0
0
0
0
0
0
0
0
0
0
0
0
0
0
0
0
0
0
0
0
0
0
0
0
0
0
0
0
0
0
0
0
0
0
0
0
0
0
0
0
0
0
0
0
0
0
0
0
0
0
0
0
0
0
0
0
0
0
0
0
0
0
0
0
0
0
0
0
0
0
0
0
0
0
0
0
0
0
0
0
0
0
0
0
0
0
0
0
0
0
0
0
0
0
0
0
0
0
0
0
0
0
0
0
0
0
0
0
0
0
0
0
0
0
0
0
0
0
0
0
0
0
0
0
0
0
0
0
0
0
0
0
0
0
0
0
0
0
0
0
0
0
0
0
0
0
0
0
0
0
0
0
0
0
0
0
0
0
0
0
0
0
0
0
0
0
0
0
0
0
0
0
0
0
0
0
0
0
0
0
0
0
0
0
0
0
0
0
0
0
0
0
0
0
0
0
0
0
0
0
0
0
0
0
0
0
0
0
0
0
0
0
0
0
0
0
0
0
0
0
0
0
0
0
0
0
0
0
0
0
0
0
0
0
0
0
0
0
0
0
0
0
0
0
0
0
0
0
0
0
0
0
0
0
0
0
0
0
0
0
0
0
0
0
0
0
0
0
0
0
0
0
0
0
0
0
0
0
0
0
0
0
0
0
0
0
0
0
0
0
0
0
0
0
0
0
0
0
0
0
0
0
0
0
0
0
0
0
0
0
0
0
0
0
0
0
0
0
0
0
0
0
0
0
0
0
0
0
0
0
0
0
0
0
0
0
0
0
0
0
0
0
0
0
0
0
0
0
0
0
0
0
0
0
0
0
0
0
0
0
0
0
0
0
0
0
0
0
0
0
0
0
0
0
0
0
0
0
0
0
0
0
0
0
0
0
0
0
0
0
0
0
0
0
0
0
0
0
0
0
0
0
0
0
0
0
0
0
0
0
0
0
0
0
0
0
0
0
0
0
0
0
0
0
0
0
0
0
0
0
0
0
0
0
0
0
0
0
0
0
0
0
0
0
0
0
0
0
0
0
0
0
0
0
0
0
0
0
0
0
0
0
0
0
0
0
0
0
0
0
0
0
0
0
0
0
0
0
0
0
0
0
0
0
0
0
0
0
0
0
0
0
0
0
0
0
0
0
0
0
0
0
0
0
0
0
0
0
0
0
0
0
0
0
0
0
0
0
0
0
0
0
0
0
0
0
0
0
0
0
0
0
0
0
0
0
0
0
0
0
0
0
0
0
0
0
0
0
0
0
0
0
0
0
0
0
0
0
0
0
0
0
0
0
0
0
0
0
0
0
0
0
0
0
0
0
0
0
0
0
0
0
0
0
0
0
0
0
0
0
0
0
0
0
0
0
0
0
0
0
0
0
0
0
0
0
0
0
0
0
0
0
0
0
0
0
0
0
0
0
0
0
0
0
0
0
0
0
0
0
0
0
0
0
0
0
0
0
0
0
0
0
0
0
0
0
0
0
0
0
0
0
0
0
0
0
0
0
0
0
0
0
0
0
0
0
0
0
0
0
0
0
0
0
0
0
0
0
0
0
0
0
0
0
0
0
0
0
0
0
0
0
0
0
0
0
0
0
0
0
0
0
0
0
0
0
0
0
0
0
0
0
0
0
0
0
0
0
0
0
0
0
0
0
0
0
0
0
0
0
0
0
0
0
0
0
0
0
0
0
0
0
0
0
0
0
0
0
0
0
0
0
0
0
0
0
0
0
0
0
0
0
0
0
0
0
0
0
0
0
0
0
0
0
0
0
0
0
0
0
0
0
0
0
0
0
0
0
0
0
0
0
0
0
0
0
0
0
0
0
0
0
0
0
0
0
0
0
0
0
0
0
0
0
0
0
0
0
0
0
0
0
0
0
0
0
0
0
0
0
0
0
0
0
0
0
0
0
0
0
0
0
0
0
0
0
0
0
0
0
0
0
0
0
0
0
0
0
0
0
0
0
0
0
0
0
0
0
0
0
0
0
0
0
0
0
0
0
0
0
0
0
0
0
0
0
0
0
0
0
0
0
0
0
0
0
0
0
0
0
0
0
0
0
0
0
0
0
0
0
0
0
0
0
0
0
0
0
0
0
0
0
0
0
0
0
0
0
0
0
0
0
0
0
0
0
0
0
0
0
0
0
0
0
0
0
0
0
0
0
0
0
0
0
0
0
0
0
0
0
0
0
0
0
0
0
0
0
0
0
0
0
0
0
0
0
0
0
0
0
0
0
0
0
0
0
0
0
0
0
0
0
0
0
0
0
0
0
0
0
0
0
0
0
0
0
0
0
0
0
0
0
0
0
0
0
0
0
0
0
0
0
0
0
0
0
0
0
0
0
0
0
0
0
0
0
0
0
0
0
0
0
0
0
0
0
0
0
0
0
0
0
0
0
0
0
0
0
0
0
0
0
0
0
0
0
0
0
0
0
0
0
0
0
0
0
0
0
0
0
0
0
0
0
0
0
0
0
0
0
0
0
0
0
0
0
0
0
0
0
0
0
0
0
0
0
0
0
0
0
0
0
0
0
0
0
0
0
0
0
0
0
0
0
0
0
0
0
0
0
0
0
0
0
0
0
0
0
0
0
0
0
0
0
0
0
0
0
0
0
0
0
0
0
0
0
0
0
0
0
0
0
0
0
0
0
0
0
0
0
0
0
0
0
0
0
0
0
0
0
0
0
0
0
0
0
0
0
0
0
0
0
0
0
0
0
0
0
0
0
0
0
0
0
0
0
0
0
0
0
0
0
0
0
0
0
0
0
0
0
0
0
0
0
0
0
0
0
0
0
0
0
0
0
0
0
0
0
0
0
0
0
0
0
0
0
0
0
0
0
0
0
0
0
0
0
0
0
0
0
0
0
0
0
0
0
0
0
0
0
0
0
0
0
0
0
0
0
0
0
0
0
0
0
0
0
0
0
0
0
0
0
0
0
0
0
0
0
0
0
0
0
0
0
0
0
0
0
0
0
0
0
0
0
0
0
0
0
0
0
0
0
0
0
0
0
0
0
0
0
0
0
0
0
0
0
0
0
0
0
0
0
0
0
0
0
0
0
0
0
0
0
0
0
0
0
0
0
0
0
0
0
0
0
0
0
0
0
0
0
0
0
0
0
0
0
0
0
0
0
0
0
0
0
0
0
0
0
0
0
0
0
0
0
0
0
0
0
0
0
0
0
0
0
0
0
0
0
0
0
0
0
0
0
0
0
0
0
0
0
0
0
0
0
0
0
0
0
0
0
0
0
0
0
0
0
0
0
0
0
0
0
0
0
0
0
0
0
0
0
0
0
0
0
0
0
0
0
0
0
0
0
0
0
0
0
0
0
0
0
0
0
0
0
0
0
0
0
0
0
0
0
0
0
0
0
0
0
0
0
0
0
0
0
0
0
0
0
0
0
0
0
0
0
0
0
0
0
0
0
0
0
0
0
0
0
0
0
0
0
0
0
0
0
0
0
0
0
0
0
0
0
0
0
0
0
0
0
0
0
0
0
0
0
0
0
0
0
0
0
0
0
0
0
0
0
0
0
0
0
0
0
0
0
0
0
0
0
0
0
0
0
0
0
0
0
0
0
0
0
0
0
0
0
0
0
0
0
0
0
0
0
0
0
0
0
0
0
0
0
0
0
0
0
0
0
0
0
0
0
0
0
0
0
0
0
0
0
0
0
0
0
0
0
0
0
0
0
0
0
0
0
0
0
0
0
0
0
0
0
0
0
0
0
0
0
0
0
0
0
0
0
0
0
0
0
0
0
0
0
0
0
0
0
0
0
0
0
0
0
0
0
0
0
0
0
0
0
0
0
0
0
0
0
0
0
0
0
0
0
0
0
0
0
0
0
0
0
0
0
0
0
0
0
0
0
0
0
0
0
0
0
0
0
0
0
0
0
0
0
0
0
0
0
0
0
0
0
0
0
0
0
0
0
0
0
0
0
0
0
0
0
0
0
0
0
0
0
0
0
0
0
0
0
0
0
0
0
0
0
0
0
0
0
0
0
0
0
0
0
0
0
0
0
0
0
0
0
0
0
0
0
0
0
0
0
0
0
0
0
0
0
0
0
0
0
0
0
0
0
0
0
0
0
0
0
0
0
0
0
0
0
0
0
0
0
0
0
0
0
0
0
0
0
0
0
0
0
0
0
0
0
0
0
0
0
0
0
0
0
0
0
0
0
0
0
0
0
0
0
0
0
0
0
0
0
0
0
0
0
0
0
0
0
0
0
0
0
0
0
0
0
0
0
0
0
0
0
0
0
0
0
0
0
0
0
0
0
0
0
0
0
0
0
0
0
0
0
0
0
0
0
0
0
0
0
0
0
0
0
0
0
0
0
0
0
0
0
0
0
0
0
0
0
0
0
0
0
0
0
0
0
0
0
0
0
0
0
0
0
0
0
0
0
0
0
0
0
0
0
0
0
0
0
0
0
0
0
0
0
0
0
0
0
0
0
0
0
0
0
0
0
0
0
0
0
0
0
0
0
0
0
0
0
0
0
0
0
0
0
0
0
0
0
0
0
0
0
0
0
0
0
0
0
0
0
0
0
0
0
0
0
0
0
0
0
0
0
0
0
0
0
0
0
0
0
0
0
0
0
0
0
0
0
0
0
0
0
0
0
0
0
0
0
0
0
0
0
0
0
0
0
0
0
0
0
0
0
0
0
0
0
0
0
0
0
0
0
0
0
0
0
0
0
0
0
0
0
0
0
0
0
0
0
0
0
0
0
0
0
0
0
0
0
0
0
0
0
0
0
0
0
0
0
0
0
0
0
0
0
0
0
0
0
0
0
0
0
0
0
0
0
0
0
0
0
0
0
0
0
0
0
0
0
0
0
0
0
0
0
0
0
0
0
0
0
0
0
0
0
0
0
0
0
0
0
0
0
0
0
0
0
0
0
0
0
0
0
0
0
0
0
0
0
0
0
0
0
0
0
0
0
0
0
0
0
0
0
0
0
0
0
0
0
0
0
0
0
0
0
0
0
0
0
0
0
0
0
0
0
0
0
0
0
0
0
0
0
0
0
0
0
0
0
0
0
0
0
0
0
0
0
0
0
0
0
0
0
0
0
0
0
0
0
0
0
0
0
0
0
0
0
0
0
0
0
0
0
0
0
0
0
0
0
0
0
0
0
0
0
0
0
0
0
0
0
0
0
0
0
0
0
0
0
0
0
0
0
0
0
0
0
0
0
0
0
0
0
0
0
0
0
0
0
0
0
0
0
0
0
0
0
0
0
0
0
0
0
0
0
0
0
0
0
0
0
0
0
0
0
0
0
0
0
0
0
0
0
0
0
0
0
0
0
0
0
0
0
0
0
0
0
0
0
0
0
0
0
0
0
0
0
0
0
0
0
0
0
0
0
0
0
0
0
0
0
0
0
0
0
0
0
0
0
0
0
0
0
0
0
0
0
0
0
0
0
0
0
0
0
0
0
0
0
0
0
0
0
0
0
0
0
0
0
0
0
0
0
0
0
0
0
0
0
0
0
0
0
0
0
0
0
0
0
0
0
0
0
0
0
0
0
0
0
0
0
0
0
0
0
0
0
0
0
0
0
0
0
0
0
0
0
0
0
0
0
0
0
0
0
0
0
0
0
0
0
0
0
0
0
0
0
0
0
0
0
0
0
0
0
0
0
0
0
0
0
0
0
0
0
0
0
0
0
0
0
0
0
0
0
0
0
0
0
0
0
0
0
0
0
0
0
0
0
0
0
0
0
0
0
0
0
0
0
0
0
0
0
0
0
0
0
0
0
0
0
0
0
0
0
0
0
0
0
0
0
0
0
0
0
0
0
0
0
0
0
0
0
0
0
0
0
0
0
0
0
0
0
0
0
0
0
0
0
0
0
0
0
0
0
0
0
0
0
0
0
0
0
0
0
0
0
0
0
0
0
0
0
0
0
0
0
0
0
0
0
0
0
0
0
0
0
0
0
0
0
0
0
0
0
0
0
0
0
0
0
0
0
0
0
0
0
0
0
0
0
0
0
0
0
0
0
0
0
0
0
0
0
0
0
0
0
0
0
0
0
0
0
0
0
0
0
0
0
0
0
0
0
0
0
0
0
0
0
0
0
0
0
0
0
0
0
0
0
0
0
0
0
0
0
0
0
0
0
0
0
0
0
0
0
0
0
0
0
0
0
0
0
0
0
0
0
0
0
0
0
0
0
0
0
0
0
0
0
0
0
0
0
0
0
0
0
0
0
0
0
0
0
0
0
0
0
0
0
0
0
0
0
0
0
0
0
0
0
0
0
0
0
0
0
0
0
0
0
0
0
0
0
0
0
0
0
0
0
0
0
0
0
0
0
0
0
0
0
0
0
0
0
0
0
0
0
0
0
0
0
0
0
0
0
0
0
0
0
0
0
0
0
0
0
0
0
0
0
0
0
0
0
0
0
0
0
0
0
0
0
0
0
0
0
0
0
0
0
0
0
0
0
0
0
0
0
0
0
0
0
0
0
0
0
0
0
0
0
0
0
0
0
0
0
0
0
0
0
0
0
0
0
0
0
0
0
0
0
0
0
0
0
0
0
0
0
0
0
0
0
0
0
0
0
0
0
0
0
0
0
0
0
0
0
0
0
0
0
0
0
0
0
0
0
0
0
0
0
0
0
0
0
0
0
0
0
0
0
0
0
0
0
0
0
0
0
0
0
0
0
0
0
0
0
0
0
0
0
0
0
0
0
0
0
0
0
0
0
0
0
0
0
0
0
0
0
0
0
0
0
0
0
0
0
0
0
0
0
0
0
0
0
0
0
0
0
0
0
0
0
0
0
0
0
0
0
0
0
0
0
0
0
0
0
0
0
0
0
0
0
0
0
0
0
0
0
0
0
0
0
0
0
0
0
0
0
0
0
0
0
0
0
0
0
0
0
0
0
0
0
0
0
0
0
0
0
0
0
0
0
0
0
0
0
0
0
0
0
0
0
0
0
0
0
0
0
0
0
0
0
0
0
0
0
0
0
0
0
0
0
0
0
0
0
0
0
0
0
0
0
0
0
0
0
0
0
0
0
0
0
0
0
0
0
0
0
0
0
0
0
0
0
0
0
0
0
0
0
0
0
0
0
0
0
0
0
0
0
0
0
0
0
0
0
0
0
0
0
0
0
0
0
0
0
0
0
0
0
0
0
0
0
0
0
0
0
0
0
0
0
0
0
0
0
0
0
0
0
0
0
0
0
0
0
0
0
0
0
0
0
0
0
0
0
0
0
0
0
0
0
0
0
0
0
0
0
0
0
0
0
0
0
0
0
0
0
0
0
0
0
0
0
0
0
0
0
0
0
0
0
0
0
0
0
0
0
0
0
0
0
0
0
0
0
0
0
0
0
0
0
0
0
0
0
0
0
0
0
0
0
0
0
0
0
0
0
0
0
0
0
0
0
0
0
0
0
0
0
0
0
0
0
0
0
0
0
0
0
0
0
0
0
0
0
0
0
0
0
0
0
0
0
0
0
0
0
0
0
0
0
0
0
0
0
0
0
0
0
0
0
0
0
0
0
0
0
0
0
0
0
0
0
0
0
0
0
0
0
0
0
0
0
0
0
0
0
0
0
0
0
0
0
0
0
0
0
0
0
0
0
0
0
0
0
0
0
0
0
0
0
0
0
0
0
0
0
0
0
0
0
0
0
0
0
0
0
0
0
0
0
0
0
0
0
0
0
0
0
0
0
0
0
0
0
0
0
0
0
0
0
0
0
0
0
0
0
0
0
0
0
0
0
0
0
0
0
0
0
0
0
0
0
0
0
0
0
0
0
0
0
0
0
0
0
0
0
0
0
0
0
0
0
0
0
0
0
0
0
0
0
0
0
0
0
0
0
0
0
0
0
0
0
0
0
0
0
0
0
0
0
0
0
0
0
0
0
0
0
0
0
0
0
0
0
0
0
0
0
0
0
0
0
0
0
0
0
0
0
0
0
0
0
0
0
0
0
0
0
0
0
0
0
0
0
0
0
0
0
0
0
0
0
0
0
0
0
0
0
0
0
0
0
0
0
0
0
0
0
0
0
0
0
0
0
0
0
0
0
0
0
0
0
0
0
0
0
0
0
0
0
0
0
0
0
0
0
0
0
0
0
0
0
0
0
0
0
0
0
0
0
0
0
0
0
0
0
0
0
0
0
0
0
0
0
0
0
0
0
0
0
0
0
0
0
0
0
0
0
0
0
0
0
0
0
0
0
0
0
0
0
0
0
0
0
0
0
0
0
0
0
0
0
0
0
0
0
0
0
0
0
0
0
0
0
0
0
0
0
0
0
0
0
0
0
0
0
0
0
0
0
0
0
0
0
0
0
0
0
0
0
0
0
0
0
0
0
0
0
0
0
0
0
0
0
0
0
0
0
0
0
0
0
0
0
0
0
0
0
0
0
0
0
0
0
0
0
0
0
0
0
0
0
0
0
0
0
0
0
0
0
0
0
0
0
0
0
0
0
0
0
0
0
0
0
0
0
0
0
0
0
0
0
0
0
0
0
0
0
0
0
0
0
0
0
0
0
0
0
0
0
0
0
0
0
0
0
0
0
0
0
0
0
0
0
0
0
0
0
0
0
0
0
0
0
0
0
0
0
0
0
0
0
0
0
0
0
0
0
0
0
0
0
0
0
0
0
0
0
0
0
0
0
0
0
0
0
0
0
0
0
0
0
0
0
0
0
0
0
0
0
0
0
0
0
0
0
0
0
0
0
0
0
0
0
0
0
0
0
0
0
0
0
0
0
0
0
0
0
0
0
0
0
0
0
0
0
0
0
0
0
0
0
0
0
0
0
0
0
0
0
0
0
0
0
0
0
0
0
0
0
0
0
0
0
0
0
0
0
0
0
0
0
0
0
0
0
0
0
0
0
0
0
0
0
0
0
0
0
0
0
0
0
0
0
0
0
0
0
0
0
0
0
0
0
0
0
0
0
0
0
0
0
0
0
0
0
0
0
0
0
0
0
0
0
0
0
0
0
0
0
0
0
0
0
0
0
0
0
0
0
0
0
0
0
0
0
0
0
0
0
0
0
0
0
0
0
0
0
0
0
0
0
0
0
0
0
0
0
0
0
0
0
0
0
0
0
0
0
0
0
0
0
0
0
0
0
0
0
0
0
0
0
0
0
0
0
0
0
0
0
0
0
0
0
0
0
0
0
0
0
0
0
0
0
0
0
0
0
0
0
0
0
0
0
0
0
0
0
0
0
0
0
0
0
0
0
0
0
0
0
0
0
0
0
0
0
0
0
0
0
0
0
0
0
0
0
0
0
0
0
0
0
0
0
0
0
0
0
0
0
0
0
0
0
0
0
0
0
0
0
0
0
0
0
0
0
0
0
0
0
0
0
0
0
0
0
0
0
0
0
0
0
0
0
0
0
0
0
0
0
0
0
0
0
0
0
0
0
0
0
0
0
0
0
0
0
0
0
0
0
0
0
0
0
0
0
0
0
0
0
0
0
0
0
0
0
0
0
0
0
0
0
0
0
0
0
0
0
0
0
0
0
0
0
0
0
0
0
0
0
0
0
0
0
0
0
0
0
0
0
0
0
0
0
0
0
0
0
0
0
0
0
0
0
0
0
0
0
0
0
0
0
0
0
0
0
0
0
0
0
0
0
0
0
0
0
0
0
0
0
0
0
0
0
0
0
0
0
0
0
0
0
0
0
0
0
0
0
0
0
0
0
0
0
0
0
0
0
0
0
0
0
0
0
0
0
0
0
0
0
0
0
0
0
0
0
0
0
0
0
0
0
0
0
0
0
0
0
0
0
0
0
0
0
0
0
0
0
0
0
0
0
0
0
0
0
0
0
0
0
0
0
0
0
0
0
0
0
0
0
0
0
0
0
0
0
0
0
0
0
0
0
0
0
0
0
0
0
0
0
0
0
0
0
0
0
0
0
0
0
0
0
0
0
0
0
0
0
0
0
0
0
0
0
0
0
0
0
0
0
0
0
0
0
0
0
0
0
0
0
0
0
0
0
0
0
0
0
0
0
0
0
0
0
0
0
0
0
0
0
0
0
0
0
0
0
0
0
0
0
0
0
0
0
0
0
0
0
0
0
0
0
0
0
0
0
0
0
0
0
0
0
0
0
0
0
0
0
0
0
0
0
0
0
0
0
0
0
0
0
0
0
0
0
0
0
0
0
0
0
0
0
0
0
0
0
0
0
0
0
0
0
0
0
0
0
0
0
0
0
0
0
0
0
0
0
0
0
0
0
0
0
0
0
0
0
0
0
0
0
0
0
0
0
0
0
0
0
0
0
0
0
0
0
0
0
0
0
0
0
0
0
0
0
0
0
0
0
0
0
0
0
0
0
0
0
0
0
0
0
0
0
0
0
0
0
0
0
0
0
0
0
0
0
0
0
0
0
0
0
0
0
0
0
0
0
0
0
0
0
0
0
0
0
0
0
0
0
0
0
0
0
0
0
0
0
0
0
0
0
0
0
0
0
0
0
0
0
0
0
0
0
0
0
0
0
0
0
0
0
0
0
0
0
0
0
0
0
0
0
0
0
0
0
0
0
0
0
0
0
0
0
0
0
0
0
0
0
0
0
0
0
0
0
0
0
0
0
0
0
0
0
0
0
0
0
0
0
0
0
0
0
0
0
0
0
0
0
0
0
0
0
0
0
0
0
0
0
0
0
0
0
0
0
0
0
0
0
0
0
0
0
0
0
0
0
0
0
0
0
0
0
0
0
0
0
0
0
0
0
0
0
0
0
0
0
0
0
0
0
0
0
0
0
0
0
0
0
0
0
0
0
0
0
0
0
0
0
0
0
0
0
0
0
0
0
0
0
0
0
0
0
0
0
0
0
0
0
0
0
0
0
0
0
0
0
0
0
0
0
0
0
0
0
0
0
0
0
0
0
0
0
0
0
0
0
0
0
0
0
0
0
0
0
0
0
0
0
0
0
0
0
0
0
0
0
0
0
0
0
0
0
0
0
0
0
0
0
0
0
0
0
0
0
0
0
0
0
0
0
0
0
0
0
0
0
0
0
0
0
0
0
0
0
0
0
0
0
0
0
0
0
0
0
0
0
0
0
0
0
0
0
0
0
0
0
0
0
0
0
0
0
0
0
0
0
0
0
0
0
0
0
0
0
0
0
0
0
0
0
0
0
0
0
0
0
0
0
0
0
0
0
0
0
0
0
0
0
0
0
0
0
0
0
0
0
0
0
0
0
0
0
0
0
0
0
0
0
0
0
0
0
0
0
0
0
0
0
0
0
0
0
0
0
0
0
0
0
0
0
0
0
0
0
0
0
0
0
0
0
0
0
0
0
0
0
0
0
0
0
0
0
0
0
0
0
0
0
0
0
0
0
0
0
0
0
0
0
0
0
0
0
0
0
0
0
0
0
0
0
0
0
0
0
0
0
0
0
0
0
0
0
0
0
0
0
0
0
0
0
0
0
0
0
0
0
0
0
0
0
0
0
0
0
0
0
0
0
0
0
0
0
0
0
0
0
0
0
0
0
0
0
0
0
0
0
0
0
0
0
0
0
0
0
0
0
0
0
0
0
0
0
0
0
0
0
0
0
0
0
0
0
0
0
0
0
0
0
0
0
0
0
0
0
0
0
0
0
0
0
0
0
0
0
0
0
0
0
0
0
0
0
0
0
0
0
0
0
0
0
0
0
0
0
0
0
0
0
0
0
0
0
0
0
0
0
0
0
0
0
0
0
0
0
0
0
0
0
0
0
0
0
0
0
0
0
0
0
0
0
0
0
0
0
0
0
0
0
0
0
0
0
0
0
0
0
0
0
0
0
0
0
0
0
0
0
0
0
0
0
0
0
0
0
0
0
0
0
0
0
0
0
0
0
0
0
0
0
0
0
0
0
0
0
0
0
0
0
0
0
0
0
0
0
0
0
0
0
0
0
0
0
0
0
0
0
0
0
0
0
0
0
0
0
0
0
0
0
0
0
0
0
0
0
0
0
0
0
0
0
0
0
0
0
0
0
0
0
0
0
0
0
0
0
0
0
0
0
0
0
0
0
0
0
0
0
0
0
0
0
0
0
0
0
0
0
0
0
0
0
0
0
0
0
0
0
0
0
0
0
0
0
0
0
0
0
0
0
0
0
0
0
0
0
0
0
0
0
0
0
0
0
0
0
0
0
0
0
0
0
0
0
0
0.39136986
0.40742888
0.38840573
0.39236111
0.40946697
0.42708333
0.44417324
0.42603211
0.44200838
0.42288993
0.38349719
0.39734184
0.37669017
0.4033736
0.43770366
0.41769063
0.43130766
0.41048865
0.36804602
0.37959832
0.35763889
0.38939217
0.42288993
0.40135626
0.41253735
0.39038021
0.34555289
0.35482972
0.33187912
0.36804602
0.40035014
0.37765804
0.3864376
0.36329442
0.32380757
0.34004938
0.3709142
0.3473977
0.35389604
0.33007704
0.28734806
0.3062069
0.33549794
0.31143986
0.31583123
0.29159008
0.19743581
0.17521017
0.24623982
0.22184254
0.2673282
0.29500207
0.27062668
0.27311037
0.24864288
0.19969232
0.2012002
0.17667322
0.22417004
0.25024921
0.22572559
0.22650454
0.20195521
0
0
0
0
0
0
0
0
0
0
0
0
0
0
0
0
0
0
0
0
0
0
0
0
0.0055553139
0.0055553139
0
0
0
0
0
0
0
0
0
0
0
0.077244288
0.054018561
0.029484386
0.030105714
0.054656015
0.054656015
0.030105714
0.078551771
0.079206209
0.10375629
0.10375629
0.079206209
0.078551771
0.054018562
0.10174074
0.10308393
0.12623406
0.15214476
0.12761496
0.12830624
0.15285605
0.15285605
0.12830624
0.17740571
0.20195521
0.17740571
0.17667322
0.15214476
0.10308393
0.10174074
0.077244288
0.12761496
0.15072397
0.12623406
0.12416679
0.099729712
0
0
0
0
0
0.0019248376
0
0
0
0
0.0049493147
0.003738422
0.029484386
0.052744941
0.02824292
0.026383689
0.050837714
0.04830069
0.023910223
0.07528653
0.097055305
0.072682615
0.069437967
0.04513889
0
0
0
0.020827178
0.041358495
0.017140289
0.012856322
0
0
0
0
0
0
0
0
0
0
0
0
0
0
0
0
0
0
0
0
0
0
0
0
0
0
0
0
0
0
0
0
0
0
0
0
0
0
0
0
0
0
0
0
0
0
0
0
0
0
0
0
0
0
0
0
0
0
0
0
0
0
0
0
0
0
0
0
0
0
0
0
0
0
0
0
0
0
0
0
0
0
0
0
0
0
0
0
0
0
0
0
0
0
0
0
0
0
0
0
0
0
0
0
0
0
0
0
0
0
0
0
0
0
0
0
0
0
0
0
0
0.29500207
0.30015124
0.31583123
0.31143986
0.33549794
0.33007704
0.31671289
0.34004938
0.33187912
0.32380757
0.35389604
0.3473977
0.3709142
0.36329442
0.34555289
0.36804602
0.35763889
0.35482972
0.3864376
0.37765804
0.40035014
0.39038021
0.36804602
0.38939217
0.37669017
0.37959832
0.41253735
0.40135626
0.42288993
0.41048865
0.38349719
0.4033736
0.38840573
0.39734184
0.43130766
0.41769063
0.43770366
0.42288993
0.39136986
0.40946697
0.40742888
0.44200838
0.42603211
0.44417324
0.46068665
0.4788774
0.46180556
0.45734376
0.47656898
0.49176107
0.51110667
0.49533188
0.51357897
0.49652778
0.45181759
0.47198242
0.44417324
0.46517633
0.47772191
0.49892814
0.48586483
0.50619921
0.51981539
0.5403402
0.52613389
0.51110667
0.53253778
0.5442915
0.56597222
0.55364722
0.57438713
0.56045177
0.52996575
0.54827737
0.53125
0.54561624
0.58009074
0.56458555
0.5829718
0.56597222
0.43449662
0.45623404
0.42288993
0.44525884
0.45512657
0.47772191
0.46743536
0.4893944
0.40946697
0.43236866
0.39434849
0.41769063
0.42498281
0.44852847
0.44092909
0.46405038
0.47198242
0.49533188
0.48703866
0.45512657
0.4788774
0.48469368
0.50864682
0.50255039
0.52613389
0.51856165
0.50013264
0.52233276
0.5098752
0.54165352
0.53253778
0.55499981
0.56458555
0.5873311
0.57722932
0.54961383
0.57297313
0.58009074
0.60372527
0.59619086
0.61924111
0.60985755
0.53253778
0.55635652
0.51357897
0.53772476
0.54165352
0.56597222
0.56182537
0.5858729
0.59026307
0.61452078
0.60985755
0.56875895
0.59321616
0.59470078
0.61924111
0.61766119
0.64209153
0.63873868
0.62724114
0.65061438
0.64209153
0.63376696
0.6629082
0.65758537
0.68129237
0.67381434
0.59918763
0.61766119
0.60069445
0.59470078
0.61452078
0.62886184
0.64889326
0.63376696
0.65234402
0.63541667
0.5873311
0.60831548
0.59918763
0.63212465
0.62082761
0.64209153
0.65408231
0.67566768
0.6629082
0.66470125
0.69680123
0.68701812
0.70897475
0.69680123
0.66831644
0.68701812
0.67013889
0.68318945
0.71738159
0.70282565
0.72168022
0.70486111
0.37765804
0.40135626
0.35951852
0.38349719
0.38840573
0.41253735
0.40742888
0.43130766
0.34004938
0.3642419
0.31936473
0.34371326
0.34647465
0.3709142
0.36804602
0.39236111
0.39534463
0.41976476
0.41665633
0.37283362
0.39734184
0.39834294
0.42288993
0.42184633
0.44634657
0.44417324
0.43663261
0.46068665
0.44092909
0.46856848
0.46517633
0.4893944
0.29757193
0.32202694
0.32469964
0.32380757
0.34832207
0.30015124
0.29929042
0.32380757
0.32469964
0.29757193
0.29500207
0.31936473
0.32202694
0.34647465
0.34832207
0.34924775
0.37379553
0.34924775
0.37283362
0.37379553
0.39834294
0.39734184
0.42184633
0.42288993
0.3709142
0.39534463
0.39236111
0.41665633
0.41976476
0.44417324
0.44634657
0.34371326
0.36804602
0.31583123
0.34004938
0.33549794
0.35951852
0.3642419
0.38840573
0.38349719
0.40742888
0.41253735
0.35389604
0.37765804
0.3709142
0.39434849
0.40135626
0.42498281
0.43130766
0.44092909
0.46517633
0.46856848
0.43663261
0.45512657
0.46068665
0.48469368
0.4893944
0.49294855
0.51731115
0.47084199
0.49533188
0.49652778
0.52107242
0.51981539
0.5442915
0.44743644
0.47198242
0.44743644
0.47084199
0.47198242
0.49652778
0.49533188
0.51981539
0.52107242
0.49294855
0.51357897
0.51731115
0.54165352
0.5442915
0.54561624
0.57015908
0.54561624
0.56875895
0.57015908
0.59470078
0.59321616
0.61766119
0.61924111
0.56597222
0.59026307
0.5858729
0.60985755
0.61452078
0.63873868
0.64209153
0.53772476
0.56182537
0.50864682
0.53253778
0.52613389
0.54961383
0.55635652
0.58009074
0.57297313
0.59619086
0.60372527
0.54165352
0.56458555
0.55499981
0.57722932
0.5873311
0.60985755
0.61924111
0.63376696
0.65758537
0.6629082
0.62724114
0.64209153
0.65061438
0.67381434
0.68129237
0.4788774
0.50255039
0.44852847
0.47198242
0.46405038
0.48703866
0.49533188
0.51856165
0.41769063
0.44092909
0.3864376
0.40946697
0.40035014
0.42288993
0.43236866
0.45512657
0.44525884
0.46743536
0.47772191
0.41253735
0.43449662
0.42288993
0.44417324
0.45623404
0.47772191
0.4893944
0.5098752
0.53253778
0.50013264
0.51110667
0.52233276
0.5442915
0.53253778
0.55364722
0.56597222
0.49892814
0.51981539
0.50619921
0.52613389
0.5403402
0.56045177
0.57438713
0.46517633
0.48586483
0.43130766
0.45181759
0.43770366
0.45734376
0.47198242
0.49176107
0.47656898
0.49533188
0.51110667
0.44200838
0.46068665
0.44417324
0.46180556
0.4788774
0.49652778
0.51357897
0.54561624
0.56458555
0.58009074
0.52996575
0.53125
0.54827737
0.56597222
0.5829718
0.66470125
0.68701812
0.69680123
0.63212465
0.65408231
0.64209153
0.6629082
0.67566768
0.69680123
0.70897475
0.59918763
0.62082761
0.5873311
0.59470078
0.60831548
0.62886184
0.61452078
0.63376696
0.64889326
0.59918763
0.60069444
0.61766119
0.63541667
0.65234402
0.68318945
0.70282565
0.71738159
0.66831644
0.67013889
0.68701812
0.70486111
0.72168022
0.73727872
0.75632519
0.73958333
0.73048308
0.75142672
0.76386336
0.78525492
0.77165024
0.79094454
0.77430556
0.71952267
0.74190853
0.70486111
0.72825563
0.73499414
0.75881174
0.75142672
0.77430556
0.7824659
0.80589688
0.79679341
0.76386336
0.78808063
0.79094454
0.81544886
0.81221087
0.83621561
0.82901289
0.80589688
0.82552299
0.80902778
0.81874468
0.8516666
0.83993847
0.86003025
0.84375
0.68701812
0.71105353
0.66650395
0.69089421
0.69285059
0.71738159
0.71525661
0.73958333
0.64377978
0.66831644
0.64377978
0.66650395
0.66831644
0.69285059
0.69089421
0.71525661
0.71738159
0.68701812
0.70486111
0.71105353
0.73499414
0.73958333
0.74190853
0.76643014
0.74190853
0.76386336
0.76643014
0.79094454
0.78808063
0.81221087
0.81544886
0.75881174
0.7824659
0.77430556
0.7967934
0.80589688
0.82901289
0.83621561
0.72825563
0.75142672
0.71952267
0.73048308
0.74190853
0.76386336
0.75142672
0.77165024
0.78525492
0.73727872
0.73958333
0.75632519
0.77430556
0.79094454
0.81874468
0.83993846
0.8516666
0.80589688
0.80902778
0.82552299
0.84375
0.86003025
0.8736092
0.89439648
0.87847222
0.86003025
0.88353813
0.88883465
0.91319445
0.90650756
0.92841831
0.91319445
0.83993846
0.86440539
0.83993846
0.86003025
0.86440539
0.88883465
0.88353813
0.90650756
0.91319444
0.8736092
0.87847222
0.89439648
0.91319444
0.92841831
0.93740362
0.96117938
0.94791667
0.93740362
0.94791667
0.96117938
0.98263889
0.98263889
0.29159008
0.28734807
0.31143986
0.27643521
0.30015124
0.3062069
0.33007704
0.29329401
0.30015124
0.30881843
0.32380757
0.3473977
0.31671289
0.33187912
0.34004938
0.36329442
0.35482972
0.37765804
0.32291667
0.34555289
0.33549794
0.35763889
0.36804602
0.39038021
0.31319304
0.32469964
0.33459139
0.34647465
0.30101312
0.30881843
0.32202694
0.34279537
0.35576475
0.37959832
0.40135626
0.36804602
0.37669017
0.38939217
0.41048865
0.28481493
0.30015124
0.26897558
0.28734806
0.30360517
0.27062668
0.28819445
0.30533858
0.39734184
0.41769063
0.36329442
0.38349719
0.36900063
0.38840573
0.4033736
0.42288993
0.32917781
0.34924775
0.31495071
0.31936473
0.33459139
0.35389604
0.33822505
0.35670114
0.37283362
0.32202694
0.32291667
0.34004938
0.35763889
0.37475892
0.40742888
0.42603211
0.39136986
0.39236111
0.40946697
0.42708333
0.40946697
0.42603211
0.44417324
0.37475892
0.39136986
0.37283362
0.38840573
0.40742888
0.42288993
0.44200838
0.34004938
0.35670114
0.30533858
0.32202694
0.30360517
0.31936473
0.33822505
0.35389604
0.33459139
0.34924775
0.36900063
0.30015124
0.31495071
0.29500207
0.30881843
0.32917781
0.34279537
0.36329442
0.4033736
0.41769063
0.43770366
0.38349719
0.37669017
0.39734184
0.41048865
0.43130766
0.27062668
0.28734806
0.26897558
0.28481493
0.26568452
0.28061287
0.26077539
0.27477088
0.25428015
0.2673282
0.28819444
0.24623981
0.25833301
0.2797754
0.24784101
0.26980067
0.25833301
0.38939217
0.40135626
0.42288993
0.35576475
0.36804602
0.34647465
0.35763889
0.37959832
0.39038021
0.41253735
0.32202694
0.33459139
0.30101312
0.29159008
0.31319304
0.32469964
0.30274008
0.31319304
0.33549794
0.28061287
0.26815143
0.29073965
0.30015124
0.32291667
0.36804602
0.37765804
0.40035014
0.34555289
0.33187912
0.35482972
0.36329442
0.3864376
0.34004938
0.3473977
0.3709142
0.30881843
0.31671289
0.29329401
0.30015124
0.32380757
0.33007704
0.35389604
0.27643521
0.25833301
0.3062069
0.31143986
0.33549794
0.28229074
0.26322586
0.28734806
0.29159008
0.31583123
0.2673282
0.27062668
0.29500207
0.24304759
0.22184254
0.24623981
0.24864288
0.27311037
0.25024921
0.96117938
0.96117937
0.98263889
0.9284183
0.93740362
0.91319444
0.91319444
0.93740362
0.9284183
0.94791667
0.89439648
0.90650756
0.86003025
0.8736092
0.8516666
0.86003025
0.88353813
0.88883465
0.86440539
0.86440539
0.88883465
0.8362156
0.83993846
0.81544886
0.81544886
0.83993846
0.8362156
0.86003025
0.90650755
0.89439648
0.91319444
0.88353813
0.8516666
0.8736092
0.86003025
0.87847222
0.82552299
0.83993846
0.79094454
0.80589688
0.78525492
0.7967934
0.81874468
0.82901289
0.75632519
0.77165024
0.72168022
0.73727872
0.71738159
0.73048308
0.75142672
0.76386336
0.74190853
0.75142672
0.77430556
0.70897475
0.71952267
0.69680123
0.70486111
0.72825563
0.73499414
0.75881174
0.80589688
0.81221087
0.7824659
0.76386336
0.78808063
0.79094454
0.76643014
0.76643014
0.79094454
0.73958333
0.74190853
0.71738159
0.71738159
0.74190853
0.73958333
0.76386336
0.71105352
0.71525661
0.68129237
0.68701812
0.6629082
0.66650395
0.6908942
0.69285059
0.66831644
0.66831644
0.69285059
0.64209153
0.64377978
0.61924111
0.61924111
0.64377978
0.64209152
0.66650395
0.71525661
0.71105352
0.73499414
0.6908942
0.6629082
0.68701812
0.68129236
0.70486111
0.83993846
0.82552299
0.84375
0.82901288
0.81874468
0.7967934
0.78525491
0.80589688
0.79094454
0.80902778
0.81221087
0.80589688
0.78808063
0.75881174
0.7824659
0.77430555
0.75142672
0.74190853
0.76386336
0.72825563
0.69680123
0.71952267
0.70897475
0.73048308
0.77165023
0.75632519
0.77430555
0.75142672
0.71738159
0.73727872
0.72168022
0.73958333
0.68701812
0.70282565
0.65234402
0.66831644
0.64889326
0.6629082
0.68318945
0.69680123
0.61766119
0.63376696
0.5829718
0.59918763
0.58009074
0.59470078
0.61452078
0.62886183
0.60831548
0.62082761
0.64209153
0.57438713
0.5873311
0.56597222
0.57722932
0.59918763
0.60985755
0.63212465
0.67566768
0.68701812
0.65408231
0.64209153
0.66470125
0.67381434
0.54827737
0.56458555
0.51357897
0.52996575
0.51110667
0.52613389
0.54561624
0.56045177
0.4788774
0.49533188
0.46068665
0.45734376
0.47656898
0.49176107
0.47198242
0.48586483
0.50619921
0.45181759
0.44417324
0.46517633
0.47772191
0.49892814
0.5403402
0.55364722
0.51981539
0.51110667
0.53253778
0.5442915
0.52233276
0.53253778
0.55499981
0.4893944
0.50013264
0.47772191
0.48703866
0.5098752
0.51856164
0.54165351
0.45623404
0.46743536
0.43449662
0.42288993
0.44525884
0.45512657
0.43236866
0.44092909
0.46405038
0.40946697
0.39434849
0.41769063
0.42498281
0.44852847
0.49533188
0.50255039
0.52613389
0.47198242
0.45512657
0.4788774
0.48469368
0.50864682
0.65061438
0.65758537
0.61924111
0.62724114
0.60372527
0.60985755
0.63376696
0.63873868
0.5873311
0.59619086
0.56458555
0.54961383
0.57297313
0.58009074
0.55635652
0.56182537
0.5858729
0.53253778
0.51357897
0.53772476
0.54165351
0.56597222
0.61452078
0.61766119
0.59026306
0.56875895
0.59321616
0.59470078
0.57015908
0.57015908
0.59470078
0.5442915
0.54561624
0.52107242
0.52107242
0.54561624
0.5442915
0.56875895
0.51731115
0.51981539
0.4893944
0.49294855
0.46856848
0.47084199
0.49533188
0.49652778
0.47198242
0.47198242
0.49652778
0.44634657
0.44743644
0.42288993
0.42288993
0.44743644
0.44634657
0.47084199
0.51981539
0.51731115
0.54165351
0.49533188
0.46856848
0.49294855
0.4893944
0.51357897
0.46068665
0.46517633
0.43130766
0.43663261
0.41253735
0.41665633
0.44092909
0.44417324
0.40135626
0.40742888
0.37765804
0.35951852
0.38349719
0.38840573
0.36424189
0.36804602
0.39236111
0.34004938
0.31936473
0.34371326
0.34647464
0.3709142
0.41976476
0.42184633
0.39534463
0.37283362
0.39734184
0.39834294
0.37379553
0.37379553
0.39834294
0.34832207
0.34924775
0.32469964
0.32469964
0.34924775
0.34832207
0.37283362
0.32202694
0.32380757
0.29757193
0.27477088
0.29929041
0.30015124
0.27560257
0.27560257
0.30015124
0.25105366
0.32380757
0.32202694
0.34647464
0.29929041
0.46517633
0.46068665
0.48469368
0.44417324
0.44092909
0.41665633
0.41253735
0.43663261
0.43130766
0.45512657
0.42184633
0.41976476
0.39734184
0.3709142
0.39534463
0.39236111
0.36804602
0.36424189
0.38840573
0.34371326
0.40742888
0.40135626
0.42498281
0.38349719
0.70282565
0.68701812
0.70486111
0.69680123
0.68318945
0.6629082
0.64889326
0.66831644
0.65234402
0.67013889
0.68701812
0.67566768
0.67381434
0.66470125
0.64209152
0.63212465
0.65408231
0.64209152
0.62082761
0.60831548
0.62886183
0.60985755
0.59918762
0.57722932
0.56597222
0.5873311
0.57438713
0.59470078
0.63376696
0.61766119
0.63541667
0.61452077
0.58009074
0.59918762
0.5829718
0.60069444
0.65758537
0.65061438
0.63873868
0.63376696
0.60985755
0.60372527
0.62724114
0.61924111
0.61766119
0.61452078
0.59321616
0.56597222
0.59026306
0.5858729
0.56182537
0.55635652
0.58009074
0.53772476
0.50864682
0.53253778
0.52613389
0.54961383
0.59619086
0.5873311
0.57297313
0.54165351
0.56458555
0.5549998
0.53253778
0.52233276
0.5442915
0.51856164
0.5098752
0.48703866
0.47772191
0.50013264
0.4893944
0.51110667
0.50255039
0.49533188
0.47887739
0.44852847
0.47198242
0.46405038
0.44092909
0.43236865
0.45512657
0.46743536
0.45623403
0.47772191
0.44525884
0.44417324
0.56458555
0.54827737
0.56597222
0.56045177
0.54561624
0.52613389
0.51110667
0.52996575
0.51357897
0.53125
0.55364722
0.5403402
0.53253778
0.49892813
0.51981539
0.50619921
0.48586483
0.47198242
0.49176107
0.46517633
0.45181759
0.45734376
0.49533188
0.47887739
0.49652778
0.47656898
0.46068665
0.46180555
0
0
0
0
0
0
0
0
0
0
0
0
0
0
0
0
0
0
0
0
0
0
0
0
0
0
0
0
0
0
0
0
0
0
0
0
0
0
0
0
0
0
0.007983013
0.0025289995
0.026383689
0.020211733
0
0
0.013467178
0.0061616829
0
0.043877097
0.036966789
0.060412562
0.052744941
0.029484386
0.02144301
0
0
0
0
0
0
0
0
0
0
0.012856322
0.0037384222
0.026383689
0.016527151
0
0
0
0.044507785
0.03571569
0.075938655
0.067496598
0.090403689
0.081172319
0.058489802
0.048934312
0.071383395
0.061054356
0.038846492
0.10375629
0.093723394
0.11594604
0.1051025
0.083142645
0.072032778
0.050202823
0.006161683
0
0
0.02824292
0.038846492
0.017140289
0.0055553142
0
0
0
0
0
0
0
0
0
0
0
0
0
0
0
0
0
0
0
0
0
0
0
0
0
0
0
0
0
0.036966789
0.031972094
0.065559262
0.061054356
0.085117214
0.079861112
0.055932215
0.050202823
0.093723394
0.0897412
0.12141799
0.11799404
0.14224866
0.13804225
0.11390277
0.10915336
0.13316058
0.12761496
0.10375629
0.16215774
0.15713638
0.18107803
0.17521017
0.15143407
0.14506443
0.12141799
0.073983657
0.067496598
0.097723163
0.11458333
0.09106666
0.083800362
0.14859723
0.14576982
0.17521017
0.17302046
0.19743581
0.19443696
0.17010983
0.16648584
0.2012002
0.19969232
0.22650454
0.22572559
0.25024921
0.24864288
0.22417004
0.22184254
0.24623982
0.24304759
0.21875
0.27311037
0.27062668
0.29500207
0.29159008
0.2673282
0.26322586
0.23907615
0.19070403
0.18624711
0.21490146
0.2343376
0.21030796
0.20498242
0.2288461
0.2226176
0.19893945
0.25833301
0.25266517
0.27643521
0.26980067
0.24623982
0.23907615
0.21566965
0.28734807
0.28229074
0.31583123
0.31143986
0.33549794
0.33007704
0.3062069
0.30015124
0.32380757
0.31671289
0.29329401
0.35389604
0.3473977
0.3709142
0.36329442
0.34004938
0.33187912
0.30881843
0.26240813
0.25428015
0.2311948
0.28565831
0.30015124
0.27726881
0.26815143
0.24544049
0.10712563
0.099060366
0.13804225
0.13038335
0.15356794
0.14506443
0.12210438
0.11322272
0.16865834
0.16143857
0.19219513
0.2080212
0.18476688
0.17667322
0.19969232
0.19070403
0.16793354
0.2226176
0.23591385
0.21336731
0.20346738
0.18107803
0.13594673
0.12623406
0.158568
0.17083653
0.14859723
0.13804225
0.16000206
0.14859723
0.12692424
0.19294172
0.18181447
0.20346738
0.19144924
0.17010983
0.15785189
0.13664467
0.22572559
0.21490146
0.25833301
0.24784101
0.26980067
0.25833301
0.2367032
0.22494742
0.24623982
0.23355069
0.21260136
0.2797754
0.2673282
0.28819445
0.27477088
0.25428015
0.24066223
0.22029474
0.17887267
0.16576293
0.14506443
0.19969232
0.20650036
0.18624711
0.17229185
0.15214476
0.29073965
0.28061287
0.32291667
0.31319304
0.33549794
0.32469964
0.30274008
0.29159008
0.35482972
0.34555289
0.3864376
0.37765804
0.40035014
0.39038021
0.36804602
0.35763889
0.37959832
0.36804602
0.34647465
0.41253735
0.40135626
0.42288993
0.41048865
0.38939217
0.37669017
0.35576475
0.31319304
0.30101312
0.33459139
0.34279537
0.32202694
0.30881843
0.32917781
0.31495071
0.29500207
0.36329442
0.34924775
0.36900063
0.35389604
0.33459139
0.31936473
0.30015124
0.39734184
0.38349719
0.43130766
0.41769063
0.43770366
0.42288993
0.4033736
0.38840573
0.40742888
0.39136986
0.37283362
0.44200838
0.42603211
0.44417324
0.42708333
0.40946697
0.39236111
0.37475892
0.33822505
0.32202694
0.30360517
0.35670114
0.35763889
0.34004938
0.32291667
0.30533858
0.19219513
0.17740571
0.15785189
0.22650454
0.21183615
0.2311948
0.21566965
0.19668505
0.18107803
0.16215774
0.26077539
0.24623982
0.28061287
0.28481493
0.26568452
0.25024921
0.26897558
0.25266517
0.2343376
0.28734806
0.28819445
0.27062668
0.25347222
0.23591385
0.19969232
0.18328934
0.16504065
0.21797878
0.21875
0.2012002
0.18402778
0.16648584
0
0
0
0
0
0
0
0
0
0
0
0
0.0019248378
0
0
0
0
0
0
0.0091990932
0
0.015302021
0.00071761003
0
0
0
0
0
0
0
0
0
0.027003038
0.014690027
0.060412562
0.04830069
0.069437967
0.056570962
0.03571569
0.022675838
0.093723394
0.081828625
0.11526442
0.12416679
0.10308393
0.090403689
0.11118571
0.097723163
0.077244288
0.13177085
0.13804225
0.11799404
0.10375629
0.083800362
0.043246825
0.029484386
0.063625934
0.069437967
0.049568356
0.035090749
0.054656016
0.039473876
0.020211733
0.089079194
0.073983657
0.093058481
0.077244288
0.058489802
0.042616968
0.023910223
0.12347878
0.10847694
0.14295173
0.1464758
0.12761496
0.1118642
0.13038335
0.11390277
0.095721067
0.14859723
0.14930556
0.13177085
0.11458333
0.097055305
0.061054356
0.044507785
0.026383689
0.079206209
0.079861112
0.062339264
0.04513889
0.027622781
0
0
0
0
0
0
0
0
0
0
0.0049493149
0.007983013
0
0
0
0
0
0.0098076933
0.010416668
0
0
0
0
0
0
0
0
0
0.25105366
0.25105366
0.27477088
0.27560257
0.30015124
0.30015124
0.27560257
0.27477088
0.29757193
0.29929041
0.31936473
0.32202694
0.34647465
0.34832207
0.32380757
0.32469964
0.34924775
0.34924775
0.32469964
0.37283362
0.37379553
0.39834294
0.39834294
0.37379553
0.37283362
0.34832207
0.29929042
0.29757193
0.32380757
0.34647465
0.32202694
0.31936473
0.34004938
0.34371326
0.35951852
0.3642419
0.38840573
0.39236111
0.36804602
0.3709142
0.37765804
0.38349719
0.39434849
0.40135626
0.42498281
0.43130766
0.40742888
0.41253735
0.43663261
0.44092909
0.41665633
0.45512657
0.46068665
0.48469368
0.4893944
0.46517633
0.46856848
0.44417324
0.39534463
0.39734184
0.41976476
0.44634657
0.42184633
0.42288993
0.44743644
0.44743644
0.42288993
0.47084199
0.47198242
0.49652778
0.49652778
0.47198242
0.47084199
0.44634657
0.49294855
0.49533188
0.51357897
0.51731115
0.54165352
0.5442915
0.51981539
0.52107242
0.54561624
0.54561624
0.52107242
0.56875895
0.57015908
0.59470078
0.59470078
0.57015908
0.56875895
0.5442915
0.49533188
0.49294855
0.46856848
0.51981539
0.54165352
0.51731115
0.51357897
0.4893944
0.34371326
0.34004938
0.3709142
0.36804602
0.39236111
0.38840573
0.3642419
0.35951852
0.39734184
0.39534463
0.42184633
0.44417324
0.41976476
0.41665633
0.44092909
0.43663261
0.41253735
0.46517633
0.48469368
0.46068665
0.45512657
0.43130766
0.38349719
0.37765804
0.40742888
0.42498281
0.40135626
0.39434849
0.40946697
0.41769063
0.42288993
0.43236866
0.45512657
0.46405038
0.44092909
0.44852847
0.43449662
0.44525884
0.44417324
0.45623404
0.47772191
0.4893944
0.46743536
0.47772191
0.50013264
0.5098752
0.48703866
0.51110667
0.52233276
0.5442915
0.55499981
0.53253778
0.54165352
0.51856165
0.47198242
0.4788774
0.49533188
0.52613389
0.50255039
0.50864682
0.45181759
0.46517633
0.45734376
0.47198242
0.49176107
0.50619921
0.48586483
0.49892814
0.46068665
0.47656898
0.4788774
0.51357897
0.49533188
0.51110667
0.52996575
0.54561624
0.52613389
0.54827737
0.5829718
0.56458555
0.58009074
0.56045177
0.51981539
0.53253778
0.5403402
0.57438713
0.55364722
0.56597222
0.5873311
0.59918763
0.57722932
0.59470078
0.60831548
0.62886184
0.64209153
0.62082761
0.63212465
0.60985755
0.59918763
0.61452078
0.61766119
0.65234402
0.63376696
0.64889326
0.66831644
0.68318945
0.6629082
0.68701812
0.72168022
0.70282565
0.71738159
0.69680123
0.65408231
0.66470125
0.64209153
0.67566768
0.70897475
0.68701812
0.69680123
0.67381434
0.53253778
0.53772476
0.54961383
0.55635652
0.58009074
0.5858729
0.56182537
0.56597222
0.56458555
0.57297313
0.5873311
0.61924111
0.59619086
0.60372527
0.62724114
0.63376696
0.60985755
0.65061438
0.68129237
0.65758537
0.6629082
0.63873868
0.59026307
0.59321616
0.61452078
0.64209153
0.61766119
0.61924111
0.64377978
0.64377978
0.61924111
0.66650395
0.66831644
0.69285059
0.69285059
0.66831644
0.66650395
0.64209153
0.68701812
0.69089421
0.70486111
0.71105353
0.73499414
0.73958333
0.71525661
0.71738159
0.74190853
0.74190853
0.71738159
0.76386336
0.76643014
0.79094454
0.79094454
0.76643014
0.76386336
0.73958333
0.69089421
0.68701812
0.6629082
0.71525661
0.73499414
0.71105353
0.70486111
0.68129237
0.71952267
0.72825563
0.73048308
0.74190853
0.76386336
0.77430556
0.75142672
0.75881174
0.73727872
0.75142672
0.75632519
0.79094454
0.77165024
0.78525492
0.80589688
0.81874468
0.79679341
0.82552299
0.86003025
0.83993847
0.8516666
0.82901289
0.7824659
0.78808063
0.80589688
0.83621561
0.81221087
0.81544886
0.83993846
0.83993846
0.81544886
0.86003025
0.86440539
0.88883465
0.88883465
0.86440539
0.86003025
0.83621561
0.8736092
0.88353813
0.89439648
0.92841831
0.90650756
0.91319445
0.93740362
0.93740362
0.91319444
0.96117938
0.98263889
0.96117938
0.94791667
0.92841831
0.88353813
0.8736092
0.8516666
0.90650756
0.91319444
0.89439648
0.87847222
0.86003025
0.72825563
0.71952267
0.69680123
0.75881174
0.75142672
0.77430556
0.76386336
0.74190853
0.73048308
0.70897475
0.78808063
0.7824659
0.81221087
0.82901289
0.80589688
0.7967934
0.81874468
0.80589688
0.78525492
0.83993846
0.84375
0.82552299
0.80902778
0.79094454
0.75142672
0.73727872
0.71738159
0.77165024
0.77430556
0.75632519
0.73958333
0.72168022
0.41769063
0.40946697
0.44852847
0.44092909
0.46405038
0.45512657
0.43236866
0.42288993
0.4788774
0.47198242
0.50864682
0.50255039
0.52613389
0.51856165
0.49533188
0.48703866
0.5098752
0.50013264
0.47772191
0.54165352
0.53253778
0.55499981
0.5442915
0.52233276
0.51110667
0.4893944
0.44525884
0.43449662
0.46743536
0.47772191
0.45623404
0.44417324
0.53772476
0.53253778
0.56597222
0.56182537
0.5858729
0.58009074
0.55635652
0.54961383
0.59321616
0.59026307
0.61766119
0.63873868
0.61452078
0.60985755
0.63376696
0.62724114
0.60372527
0.65758537
0.67381434
0.65061438
0.64209153
0.61924111
0.57297313
0.56458555
0.59619086
0.60985755
0.5873311
0.57722932
0.59918763
0.5873311
0.56597222
0.63212465
0.62082761
0.64209153
0.62886184
0.60831548
0.59470078
0.57438713
0.66470125
0.65408231
0.68701812
0.69680123
0.67566768
0.6629082
0.68318945
0.66831644
0.64889326
0.70282565
0.70486111
0.68701812
0.67013889
0.65234402
0.61452078
0.59918763
0.58009074
0.63376696
0.63541667
0.61766119
0.60069444
0.5829718
0.46517633
0.45181759
0.49892814
0.48586483
0.50619921
0.49176107
0.47198242
0.45734376
0.53253778
0.51981539
0.55364722
0.56045177
0.5403402
0.52613389
0.54561624
0.52996575
0.51110667
0.56458555
0.56597222
0.54827737
0.53125
0.51357897
0.47656898
0.46068665
0.49533188
0.49652778
0.4788774
0.46180556
0.4788774
0.46068665
0.44417324
0.51357897
0.49533188
0.51110667
0.49176107
0.47656898
0.45734376
0.44200838
0.54827737
0.52996575
0.5829718
0.56458555
0.58009074
0.56045177
0.54561624
0.52613389
0.5403402
0.51981539
0.50619921
0.57438713
0.55364722
0.56597222
0.5442915
0.53253778
0.51110667
0.49892814
0.47198242
0.45181759
0.43770366
0.48586483
0.47772191
0.46517633
0.44417324
0.43130766
0.61766119
0.59918763
0.65234402
0.63376696
0.64889326
0.62886183
0.61452078
0.59470078
0.68701812
0.66831644
0.72168022
0.70282565
0.71738159
0.69680123
0.68318945
0.6629082
0.67566768
0.65408231
0.64209153
0.70897475
0.68701812
0.69680123
0.67381434
0.66470125
0.64209153
0.63212465
0.60831548
0.5873311
0.62082761
0.60985755
0.59918763
0.57722932
0.5873311
0.56458555
0.55499981
0.61924111
0.59619086
0.60372527
0.58009074
0.57297313
0.54961383
0.54165351
0.65061438
0.62724114
0.68129237
0.65758537
0.6629082
0.63873868
0.63376696
0.60985755
0.61452078
0.59026306
0.5858729
0.64209153
0.61766119
0.61924111
0.59470078
0.59321616
0.56875895
0.56597222
0.55635652
0.53253778
0.52613389
0.56182537
0.54165351
0.53772476
0.51357897
0.50864682
0.45623404
0.43449662
0.42288993
0.4893944
0.46743536
0.47772191
0.45512657
0.44525884
0.42288993
0.41253735
0.52233276
0.50013264
0.53253778
0.51856164
0.5098752
0.48703866
0.49533188
0.47198242
0.46405038
0.50255039
0.48469368
0.4788774
0.45512657
0.44852847
0.43236866
0.40946697
0.40035014
0.44092909
0.42498281
0.41769063
0.39434849
0.3864376
0.75632519
0.73727872
0.79094454
0.77165024
0.78525492
0.76386336
0.75142672
0.73048308
0.82552299
0.80589688
0.86003025
0.83993846
0.8516666
0.82901289
0.81874468
0.7967934
0.80589688
0.7824659
0.77430556
0.8362156
0.81221087
0.81544886
0.79094454
0.78808063
0.76386336
0.75881174
0.74190853
0.71952267
0.75142672
0.73499414
0.72825563
0.70486111
0.89439648
0.8736092
0.9284183
0.90650756
0.91319444
0.88883465
0.88353813
0.86003025
0.96117938
0.93740362
0.96117937
0.9284183
0.93740362
0.91319444
0.90650755
0.88353813
0.88883465
0.89439648
0.86003025
0.8736092
0.8516666
0.86003025
0.86440539
0.83993846
0.86440539
0.8362156
0.83993846
0.81544886
0.81221087
0.78808063
0.79094454
0.82901288
0.80589688
0.7967934
0.77430555
0.7824659
0.75881174
0.76386336
0.83993846
0.81874468
0.82552299
0.79094454
0.80589688
0.78525491
0.77165023
0.75142672
0.76386336
0.75632519
0.72168022
0.73727872
0.71738159
0.73048308
0.75142672
0.72825563
0.73499414
0.74190853
0.70897475
0.71952267
0.69680123
0.70486111
0.71105352
0.68701812
0.73958333
0.71525661
0.71738159
0.69285059
0.6908942
0.66650395
0.76643014
0.74190853
0.76643014
0.73958333
0.74190853
0.71738159
0.71525661
0.6908942
0.69285059
0.71105352
0.68129236
0.68701812
0.6629082
0.66650395
0.66831644
0.64377978
0.66831644
0.64209152
0.64377978
0.61924111
0.61766119
0.59321616
0.59470078
0.63873868
0.61452078
0.60985755
0.5858729
0.59026306
0.56597222
0.56875895
0.65758537
0.63376696
0.67381434
0.65061438
0.64209152
0.61924111
0.62724114
0.60372527
0.59619086
0.57297313
0.58009074
0.60985755
0.5873311
0.57722932
0.5549998
0.56458555
0.54165351
0.54961383
0.56182537
0.53772476
0.54165351
0.55635652
0.52613389
0.53253778
0.50864682
0.51357897
0.68701812
0.66470125
0.69680123
0.67566768
0.6629082
0.64209152
0.65408231
0.63212465
0.70282565
0.68318945
0.68701812
0.65234402
0.66831644
0.64889326
0.63376696
0.61452077
0.62886183
0.61766119
0.5829718
0.59918762
0.58009074
0.59470078
0.62082761
0.59918762
0.60831548
0.57438713
0.5873311
0.56597222
0.55364722
0.53253778
0.5442915
0.56045177
0.5403402
0.52613389
0.50619921
0.51981539
0.49892813
0.51110667
0.56458555
0.54561624
0.54827737
0.51357897
0.52996575
0.51110667
0.49533188
0.47656898
0.49176107
0.47887739
0.46068665
0.45734376
0.48586483
0.46517633
0.47772191
0.47198242
0.45181759
0.44417324
0.50255039
0.47887739
0.48469368
0.51856164
0.49533188
0.48703866
0.46405038
0.47198242
0.44852847
0.45512657
0.53253778
0.5098752
0.52233276
0.4893944
0.50013264
0.47772191
0.46743536
0.44525884
0.45512657
0.45623403
0.43449661
0.42288992
0.44092909
0.41769063
0.42498281
0.43236865
0.40135626
0.37765804
0.3709142
0.43130766
0.40742888
0.41253735
0.38840573
0.38349719
0.35951852
0.35389604
0.46068665
0.43663261
0.4893944
0.46517633
0.46856848
0.44417324
0.44092909
0.41665633
0.41976476
0.39534463
0.39236111
0.44634657
0.42184633
0.42288993
0.39834294
0.39734184
0.37283362
0.3709142
0.36424189
0.34004938
0.33549794
0.36804602
0.34647464
0.34371326
0.31936473
0.31583123
0.51731115
0.49294855
0.5442915
0.51981539
0.52107242
0.49652778
0.49533188
0.47084199
0.57015908
0.54561624
0.57015908
0.5442915
0.54561624
0.52107242
0.51981539
0.49533188
0.49652778
0.51731115
0.4893944
0.49294855
0.46856848
0.47084199
0.47198242
0.44743644
0.47198242
0.44634657
0.44743644
0.42288993
0.42184633
0.39734184
0.39834294
0.44417324
0.41976476
0.41665633
0.39236111
0.39534463
0.3709142
0.37283362
0.46517633
0.44092909
0.46068665
0.43130766
0.43663261
0.41253735
0.40742888
0.38840573
0.36804602
0.34371326
0.34647464
0.36424189
0.32202694
0.29757193
0.29500207
0.34832207
0.32380757
0.32469964
0.30015124
0.29929041
0.27477088
0.27311037
0.37379553
0.34924775
0.37379553
0.34832207
0.34924775
0.32469964
0.32380757
0.29929041
0.30015124
0.32202694
0.27477088
0.27560257
0.25105366
0.25024921
0.27560257
0.25105366
0.22650453
0
0
0
0
0
0
0
0
0
0
0.027622781
0.0098076932
0.026383689
0.0079830129
0
0
0
0
0
0.023910223
0.0049493147
0.020211733
0.0007176098
0
0
0
0
0
0
0
0
0
0.062339264
0.044507785
0.097055305
0.079206209
0.095721067
0.077244288
0.061054356
0.042616968
0.13177085
0.11390277
0.16648584
0.14859723
0.16504065
0.1464758
0.13038335
0.1118642
0.12761496
0.10847694
0.093058481
0.16215774
0.14295173
0.15785189
0.13804225
0.12347878
0.10375629
0.089079194
0.058489802
0.039473876
0.073983657
0.069437967
0.054656015
0.035090749
0.049568355
0.029484386
0.015302021
0.083800362
0.063625934
0.077244288
0.056570961
0.043246825
0.022675838
0.0091990929
0.11799404
0.097723163
0.15214476
0.13177085
0.14506443
0.12416679
0.11118571
0.090403688
0.10308393
0.081828624
0.069437967
0.13664467
0.11526442
0.12692424
0.1051025
0.093723394
0.072032777
0.060412561
0.03571569
0.014690027
0.0019248374
0.04830069
0.038846491
0.027003038
0.0055553137
0
0
0
0
0
0
0
0
0
0
0
0
0
0
0
0
0
0
0
0
0
0
0
0
0
0
0
0
0
0.2012002
0.18328934
0.23591385
0.21797878
0.2343376
0.21566965
0.19969232
0.18107803
0.27062668
0.25266517
0.30533858
0.28734806
0.30360517
0.28481493
0.26897558
0.25024921
0.26568452
0.24623981
0.2311948
0.30015124
0.28061287
0.29500207
0.27477088
0.26077539
0.24066223
0.22650453
0.19668505
0.17740571
0.21183615
0.20650036
0.19219513
0.17229185
0.34004938
0.32202694
0.37475892
0.35670114
0.37283362
0.35389604
0.33822505
0.31936473
0.40946697
0.39136986
0.42603211
0.42288993
0.40742888
0.38840573
0.4033736
0.38349719
0.36900063
0.41769063
0.41048865
0.39734184
0.37669017
0.36329442
0.33459139
0.31495071
0.34924775
0.34279537
0.32917781
0.30881843
0.32202694
0.30101312
0.28819444
0.35576475
0.33459139
0.34647465
0.32469964
0.31319304
0.29159008
0.2797754
0.38939217
0.36804602
0.40135626
0.39038021
0.37959832
0.35763889
0.36804602
0.34555289
0.33549794
0.37765804
0.36329442
0.35482972
0.33187912
0.32291667
0.30274008
0.28061287
0.26980067
0.31319304
0.30015124
0.29073965
0.26815143
0.25833301
0.18624711
0.16576293
0.22029474
0.19969232
0.21260136
0.19144924
0.17887267
0.15785189
0.25428015
0.23355069
0.2673282
0.25833301
0.24623981
0.22494742
0.2367032
0.21490145
0.20346738
0.24784101
0.23591385
0.22572559
0.20346738
0.19294172
0.17010983
0.14859723
0.18181447
0.17083653
0.16000206
0.13804225
0.14859723
0.12623406
0.11594604
0.18107803
0.158568
0.16793354
0.14506443
0.13594673
0.11322272
0.10375629
0.21336731
0.19070403
0.24544049
0.2226176
0.2311948
0.2080212
0.19969232
0.17667322
0.18476688
0.16143856
0.15356793
0.21566965
0.19219513
0.19893944
0.17521017
0.16865834
0.14506443
0.13804225
0.12210438
0.099060365
0.090403688
0.13038335
0.11458333
0.10712563
0.083800361
0.075938654
0.27726881
0.25428015
0.30881843
0.28565831
0.29329401
0.26980067
0.26240813
0.23907615
0.34004938
0.31671289
0.3473977
0.33007704
0.32380757
0.30015124
0.3062069
0.28229074
0.27643521
0.31143986
0.29159008
0.28734806
0.26322586
0.25833301
0.24623981
0.2226176
0.25266516
0.2343376
0.2288461
0.20498242
0.21030796
0.18624711
0.18107803
0.23907615
0.21490145
0.21875
0.19443696
0.19070403
0.16648584
0.16215774
0.2673282
0.24304759
0.27062668
0.24864288
0.24623981
0.22184254
0.22417004
0.19969232
0.19743581
0.22572559
0.2012002
0.17521017
0.17010983
0.14576982
0.14224866
0.17302046
0.14859723
0.12141799
0.091066659
0.067496597
0.060412561
0.12141799
0.097723163
0.10375628
0.079861111
0.073983656
0.050202822
0.043877097
0.15143407
0.12761496
0.15713638
0.13804225
0.13316057
0.10915336
0.11390277
0.089741199
0.085117213
0.11799404
0.097055304
0.093723393
0.069437966
0.065559261
0.055932214
0.031972093
0.026383688
0.061054355
0.041358494
0.036966788
0.012856321
0.0079830121
0
0
0
0
0
0
0
0
0
0
0
0
0
0
0
0
0
0
0
0
0
0
0
0
0
0
0
0
0
0
0
0
0.017140288
0
0.050202822
0.028242919
0.038846491
0.016527151
0.0061616824
0
0.083142644
0.061054356
0.093723394
0.081172318
0.071383395
0.048934311
0.058489802
0.03571569
0.026383688
0.067496597
0.05274494
0.044507785
0.021443009
0.012856322
0
0
0.0037384216
0
0
0
0
0
0
0
0
0
0
0
0
0
0.029484385
0.0061616822
0.036966789
0.020211732
0.013467178
0
0
0
0
0.0025289986
0
0
0
0
0
0
0
0
0
0
0
0
0
0
0
0
0
0
0
0
0
0
0
0
0
0
0
0
0
0
0
0
0
0
0
0
0
0
0
0
0
0
0
0
0
0
0
0
0
0
0
0
0
0
0
0
0
0
0
0
0
0
0
0
0
0
0
0
0
0
0
0
0
0
0
0
0
0
0
0
0
0
0
0
0
0
0
0
0
0
0
0
0
0
0
0
0
0
0
0
0
0
0
0
0
0
0
0
0
0
0
0
0
0
0
0
0
0
0
0
0
0
0
1.7241755e-05
0
0
4.6837628e-05
3.8072903e-05
0.0003623607
0
0
0
0
0
0
0
0
0
0
0
0
0
0
0
0
0
0
0
0
0
0
6.353113e-07
0.00028881764
0
0.00010439257
0
0
0
0
4.5708472e-06
0
0
0
0
0
0
0
0
0
0
0
0
0
0
0
0
0
0
0
0
0
0
0
0.00013385316
0.00094074518
0.00011866131
0.00085828622
7.8617761e-05
0
0
0
0.00070497353
3.0219772e-05
0.00050381482
0.0019198737
0.0036763631
0.0015175924
0.0022373092
0.0042086978
0.0024399113
0.0045847027
0.0025094792
0.0047790826
0.00026618151
0.00089903075
0.00063409275
0.001572071
0.0010717251
0.0023038281
0.0030251086
0
0
0
0
0
0
0
0
0
0
0
0
0
0
0
0
0
0
0
0
0
6.3531089e-07
0.00050381481
3.021977e-05
0.00070497352
7.8617759e-05
0
0
0
0.00085828622
0.00011866131
0.00094074518
0
0
0
0
0
0
0
0
0
0
0
0
0
0
0
0
0
0
0
0
0
0
0
0
4.5708455e-06
0
0
0
0
0.00010439256
0
0.00028881763
0.001071725
0.0030251086
0.0015175924
0.00063409273
0.002303828
0.0039377982
0.0049777331
0.0059248972
0.00026618149
0.001572071
3.8072896e-05
0.00089903072
0.0018594062
0.0044891098
0.0028726516
0.0059248972
0.0024399113
0.0047790826
0.0022373092
0.0045847027
0.0019198737
0.0042086978
0.0036763631
0
0
0
0
0
0
0
0
0
0
0
0
0
0
0
0
0
0
0
0
0
0
0
0
0
0
0
0
0
0
0
0
0
0
0
0
0
0
0
0
0
0
0
0
0
0
0
0
0
0
0
0
0
0
0
0
0
0
0
0
0
0.00036236068
0
4.683762e-05
0.00033690555
0.0018594061
0.00098343122
0.0031028844
0
0
0
0
0
0
0
0
0
0
0
0
0
0
0
0
0
0
0
0
0
0
0
0
0
0
0
0
0
0
0
0
0
0
0
0
0
0
0
0
0
0
0
0
0
0
0
0
0
0
0
0
0
0
0
0
0
0
0
0
0
0
0
0
0
0
0
0
0
0
0
0
0
0
0
0
0
0
0
0
0
0
0
0
0
0
0
0
0
0
0
0
0
0
0
0
0
0
0
0
0
0
0
0
0
0
0
0
0
0
0
0
0
0
0
0
0
0
0
0
0
0
0
0
0
0
0
0
0
0
0
0
0
0
0
0
0
0
0
0
0
0
0
0
0
0
0
0
0
0
0
0
0
0
0
0
0
0
0
0
0
0
0
0
0
0
0
0
0
0
0
0
0
0
0
0
0
0
0
0
0
0
0
0
0
0
0
0
0
0
0
0
0
0
0
0
0
0
0
0
0
0
0
0
0
0
0
0
0
0
0
0
0
0
0
0
0
0
0
0
0
0
0
0
0
0
0
0
0
0
0
0
0
0
0
0
0
0
0
0
0
0
0
0
0
0
0
0
0
0
0
0
0
0
0
0
0
0
0
0
0
0
0
0
0
0
0
0
0
0
0
0
0
0
0
0
0
0
0
0
0
0
0
0
0
0
0
0
0
0
0
0
0
0
0
0
0
0
0
0
0
0
0
0
0
0
0
0
0
0
0
0
0
0
0
0
0
0
0
0
0
0
0
0
0
0
0
0
0
0
0
0
0
0
0
0
0
0
0
0
0
0
0
0
0
0
0
0
0
0
0
0
0
0
0
0
0
0
0
0
0
0
0
0
0
0
0
0
0
0
0
0
0
0
0
0
0
0
0
0
0
0
0
0
0
0
0
0
0
0
0
0
0
0
0
0
0
0
0
0
0
0
0
0
0
0
0
0
0
0
0
0
0
0
0
0
0
0
0
0
0
0
0
0
0
0
0
0
0
0
0
0
0
0
0
0
0
0
0
0
0
0
0
0
0
0
0
0
0
0
0
0
0
0
0
0
0
0
0
0
0
0
0
0
0
0
0
0
0
0
0
0
0
0
0
0
0
0
0
0
0
0
0
0
0
0
0
0
0
0
0
0
0
0
0
0
0
0
0
0
0
0
0
0
0
0
0
0
0
0
0
0
0
0
0
0
0
0
0
0
0
0
0
0
0
0
0
0
0
0
0
0
0
0
0
0
0
0
0
0
0
0
0
0
0
0
0
0
0
0
0
0
0
0
0
0
0
0
0
0
0
0
0
0
0
0
0
0
0
0
0
0
0
0
0
0
0
0
0
0
0
0
0
0
0
0
0
0
0
0
0
0
0
0
0
0
0
0
0
0
0
0
0
0
0
0
0
0
0
0
0
0
0
0
0
0
0
0
0
0
0
0
0
0
0
0
0
0
0
0
0
0
0
0
0
0
0
0
0
0
0
0
0
0
0
0
0
0
0
0
0
0
0
0
0
0
0
0
0
0
0
0
0
0
0
0
0
0
0
0
0
0
0
0
0
0
0
0
0
0
0
0
0
0
0
0
0
0
0
0
0
0
0
0
0
0
0
0
0
0
0
0
0
0
0
0
0
0
0
0
0
0
0
0
0
0
0
0
0
0
0
0
0
0
0
0
0
0
0
0
0
0
0
0
0
0
0
0
0
0
0
0
0
0
0
0
0
0
0
0
0
0
0
0
0
0
0
0
0
0
0
0
0
0
0
0
0
0
0
0
0
0
0
0
0
0
0
0
0
0
0
0
0
0
0
0
0
0
0
0
0
0
0
0
0
0
0
0
0
0
0
0
0
0
0
0
0
0
0
0
0
0
0
0
0
0
0
0
0
0
0
0
0
0
0
0
0
0
0
0
0
0
0
0
0
0
0
0
0
0
0
0
0
0
0
0
0
0
0
0
0
0
0
0
0
0
0
0
0
0
0
0
0
0
0
0
0
0
0
0
0
0
0
0
0
0
0
0
0
0
0
0
0
0
0
0
0
0
0
0
0
0
0
0
0
0
0
0
0
0
0
0
0
0
0
0
0
0
0
0
0
0
0
0
0
0
0
0
0
0
0
0
0
0
0
0
0
0
0
0
0
0
0
0
0
0
0
0
0
0
0
0
0
0
0
0
0
0
0
0
0
0
0
0
0
0
0
0
0
0
0
0
0
0
0
0
0
0
0
0
0
0
0
0
0
0
0
0
0
0
0
0
0
0
0
0
0
0
0
0
0
0
0
0
0
0
0
0
0
0
0
0
0
0
0
0
0
0
0
0
0
0
0
0
0
0
0
0
0
0
0
0
0
0
0
0
0
0
0
0
0
0
0
0
0
0
0
0
0
0
0
0
0
0
0
0
0
0
0
0
0
0
0
0
0
0
0
0
0
0
0
0
0
0
0
0
0
0
0
0
0
0
0
0
0
0
0
0
0
0
0
0
0
0
0
0
0
0
0
0
0
0
0
0
0
0
0
0
0
0
0
0
0
0
0
0
0
0
0
0
0
0
0
0
0
0
0
0
0
0
0
0
0
0
0
0
0
0
0
0
0
0
0
0
0
0
0
0
0
0
0
0
0
0
0
0
0
0
0
0
0
0
0
0
0
0
0
0
0
0
0
0
0
0
0
0
0
0
0
0
0
0
0
0
0
0
0
0
0
0
0
0
0
0
0
0
0
0
0
0
0
0
0
0
0
0
0
0
0
0
0
0
0
0
0
0
0
0
0
0
0
0
0
0
0
0
0
0
0
0
0
0
0
0
0
0
0
0
0
0
0
0
0
0
0
0
0
0
0
0
0
0
0
0
0
0
0
0
0
0
0
0
0
0
0
0
0
0
0
0
0
0
0
0
0
0
0
0
0
0
0
0
0
0
0
0
0
0
0
0
0
0
0
0
0
0
0
0
0
0
0
0
0
0
0
0
0
0
0
0
0
0
0
0
0
0
0
0
0
0
0
0
0
0
0
0
0
0
0
0
0
0
0
0
0
0
0
0
0
0
0
0
0
0
0
0
0
0
0
0
0
0
0
0
0
0
0
0
0
0
0
0
0
0
0
0
0
0
0
0
0
0
0
0
0
0
0
0
0
0
0
0
0
0
0
0
0
0
0
0
0
0
0
0
0
0
0
0
0
0
0
0
0
0
0
0
0
0
0
0
0
0
0
0
0
0
0
0
0
0
0
0
0
0
0
0
0
0
0
0
0
0
0
0
0
0
0
0
0
0
0
0
0
0
0
0
0
0
0
0
0
0
0
0
0
0
0
0
0
0
0
0
0
0
0
0
0
0
0
0
0
0
0
0
0
0
0
0
0
0
0
0
0
0
0
0
0
0
0
0
0
0
0
0
0
0
0
0
0
0
0
0
0
0
0
0
0
0
0
0
0
0
0
0
0
0
0
0
0
0
0
0
0
0
0
0
0
0
0
0
0
0
0
0
0
0
0
0
0
0
0
0
0
0
0
0
0
0
0
0
0
0
0
0
0
0
0
0
0
0
0
0
0
0
0
0
0
0
0
0
0
0
0
0
0
0
0
0
0
0
0
0
0
0
0
0
0
0
0
0
0
0
0
0
0
0
0
0
0
0
0
0
0
0
0
0
0
0
0
0
0
0
0
0
0
0
0
0
0
0
0
0
0
0
0
0
0
0
0
0
0
0
0
0
0
0
0
0
0
0
0
0
0
0
0
0
0
0
0
0
0
0
0
0
0
0
0
0
0
0
0
0
0
0
0
0
0
0
0
0
0
0
0
0
0
0
0
0
0
0
0
0
0
0
0
0
0
0
0
0
0
0
0
0
0
0
0
0
0
0
0
0
0
0
0
0
0
0
0
0
0
0
0
0
0
0
0
0
0
0
0
0
0
0
0
0
0
0
0
0
0
0
0
0
0
0
0
0
0
0
0
0
0
0
0
0
0
0
0
0
0
0
0
0
0
0
0
0
0
0
0
0
0
0
0
0
0
0
0
0
0
0
0
0
0
0
0
0
0
0
0
0
0
0
0
0
0
0
0
0
0
0
0
0
0
0
0
0
0
0
0
0
0
0
0
0
0
0
0
0
0
0
0
0
0
0
0
0
0
0
0
0
0
0
0
0
0
0
0
0
0
0
0
0
0
0
0
0
0
0
0
0
0
0
0
0
0
0
0
0
0
0
0
0
0
0
0
0
0
0
0
0
0
0
0
0
0
0
0
0
0
0
0
0
0
0
0
0
0
0
0
0
0
0
0
0
0
0
0
0
0
0
0
0
0
0
0
0
0
0
0
0
0
0
0
0
0
0
0
0
0
0
0
0
0
0
0
0
0
0
0
0
0
0
0
0
0
0
0
0
0
0
0
0
0
0
0
0
0
0
0
0
0
0
0
0
0
0
0
0
0
0
0
0
0
0
0
0
0
0
0
0
0
0
0
0
0
0
0
0
0
0
0
0
0
0
0
0
0
0
0
0
0
0
0
0
0
0
0
0
0
0
0
0
0
0
0
0
0
0
0
0
0
0
0
0
0
0
0
0
0
0
0
0
0
0
0
0
0
0
0
0
0
0
0
0
0
0
0
0
0
0
0
0
0
0
0
0
0
0
0
0
0
0
0
0
0
0
0
0
0
0
0
0
0
0
0
0
0
0
0
0
0
0
0
0
0
0
0
0
0
0
0
0
0
0
0
0
0
0
0
0
0
0
0
0
0
0
0
0
0
0
0
0
0
0
0
0
0
0
0
0
0
0
0
0
0
0
0
0
0
0
0
0
0
0
0
0
0
0
0
0
0
0
0
0
0
0
0
0
0
0
0
0
0
0
0
0
0
0
0
0
0
0
0
0
0
0
0
0
0
0
0
0
0
0
0
0
0
0
0
0
0
0
0
0
0
0
0
0
0
0
0
0
0
0
0
0
0
0
0
0
0
0
0
0
0
0
0
0
0
0
0
0
0
0
0
0
0
0
0
0
0
0
0
0
0
0
0
0
0
0
0
0
0
0
0
0
0
0
0
0
0
0
0
0
0
0
0
0
0
0
0
0
0
0
0
0
0
0
0
0
0
0
0
0
0
0
0
0
0
0
0
0
0
0
0
0
0
0
0
0
0
0
0
0
0
0
0
0
0
0
0
0
0
0
0
0
0
0
0
0
0
0
0
0
0
0
0
0
0
0
0
0
0
0
0
0
0
0
0
0
0
0
0
0
0
0
0
0
0
0
0
0
0
0
0
0
0
0
0
0
0
0
0
0
0
0
0
0
0
0
0
0
0
0
0
0
0
0
0
0
0
0
0
0
0
0
0
0
0
0
0
0
0
0
0
0
0
0
0
0
0
0
0
0
0
0
0
0
0
0
0
0
0
0
0
0
0
0
0
0
0
0
0
0
0
0
0
0
0
0
0
0
0
0
0
0
0
0
0
0
0
0
0
0
0
0
0
0
0
0
0
0
0
0
0
0
0
0
0
0
0
0
0
0
0
0
0
0
0
0
0
0
0
0
0
0
0
0
0
0
0
0
0
0
0
0
0
0
0
0
0
0
0
0
0
0
0
0
0
0
0
0
0
0
0
0
0
0
0
0
0
0
0
0
0
0
0
0
0
0
0
0
0
0
0
0
0
0
0
0
0
0
0
0
0
0
0
0
0
0
0
0
0
0
0
0
0
0
0
0
0
0
0
0
0
0
0
0
0
0
0
0
0
0
0
0
0
0
0
0
0
0
0
0
0
0
0
0
0
0
0
0
0
0
0
0
0
0
0
0
0
0
0
0
0
0
0
0
0
0
0
0
0
0
0
0
0
0
0
0
0
0
0
0
0
0
0
0
0
0
0
0
0
0
0
0
0
0
0
0
0
0
0
0
0
0
0
0
0
0
0
0
0
0
0
0
0
0
0
0
0
0
0
0
0
0
0
0
0
0
0
0
0
0
0
0
0
0
0
0
0
0
0
0
0
0
0
0
0
0
0
0
0
0
0
0
0
0
0
0
0
0
0
0
0
0
0
0
0
0
0
0
0
0
0
0
0
0
0
0
0
0
0
0
0
0
0
0
0
0
0
0
0
0
0
0
0
0
0
0
0
0
0
0
0
0
0
0
0
0
0
0
0
0
0
0
0
0
0
0
0
0
0
0
0
0
0
0
0
0
0
0
0
0
0
0
0
0
0
0
0
0
0
0
0
0
0
0
0
0
0
0
0
0
0
0
0
0
0
0
0
0
0
0
0
0
0
0
0
0
0
0
0
0
0
0
0
0
0
0
0
0
0
0
0
0
0
0
0
0
0
0
0
0
0
0.39013305
0.39211315
0.42682035
0.42472078
0.38032749
0.38619203
0.42054447
0.41433584
0.36305777
0.37259337
0.40615863
0.39609281
0.33890859
0.35180018
0.38423098
0.37067469
0.35553086
0.33890859
0.32091642
0.30166023
0.28124161
0.25975675
0.18828683
0.21088068
0.23729574
0.21394226
0
0
0
0
0
0
0
0
0
0
0
0
0
0
0.041201301
0.017600393
0.042459568
0.066688886
0.091564206
0.066688886
0.090238021
0.139267
0.11577559
0.14066884
0.16486018
0.18977348
0.16486018
0.090238021
0.11577559
0.139267
0.11305279
0
0
0
0
0
0.017600393
0.041201301
0.015148987
0.037436371
0.064108892
0.086271017
0.058970124
0
0.010264389
0.031193999
0.002982361
0
0
0
0
0
0
0
0
0
0
0
0
0
0
0
0
0
0
0
0
0
0
0
0
0
0
0
0
0
0
0
0
0
0
0
0
0
0
0
0
0
0
0
0
0
0
0
0
0
0
0
0
0
0
0
0
0
0
0
0
0
0
0
0
0.30166023
0.32091642
0.32447651
0.30860043
0.33890859
0.35553086
0.35180018
0.33890859
0.37067469
0.38423098
0.37259337
0.36305777
0.39609281
0.40615863
0.38619203
0.38032749
0.41433584
0.42054447
0.39211315
0.39013305
0.42472078
0.42682035
0.46152561
0.45929127
0.49384098
0.49622854
0.45485005
0.44825526
0.48206827
0.48909934
0.5232802
0.51575258
0.54927934
0.55737678
0.53092861
0.52836536
0.56285839
0.56562514
0.4395829
0.42892763
0.46152561
0.47283936
0.41639805
0.40211197
0.4331657
0.44825526
0.47974569
0.46376926
0.49384098
0.51079851
0.50589412
0.49384098
0.52581596
0.53870381
0.57121219
0.55737678
0.58842814
0.60334515
0.54132483
0.5232802
0.55196223
0.57121219
0.60031721
0.579732
0.60639639
0.628456
0.63500354
0.61884551
0.64846429
0.66605236
0.60031721
0.59731203
0.63171522
0.63500354
0.59136798
0.58261058
0.61569542
0.62522512
0.65890829
0.64846429
0.68081986
0.69236033
0.66968233
0.66605236
0.70030076
0.70435093
0.38619203
0.36876184
0.39809251
0.41639805
0.34994287
0.32985212
0.35740432
0.37838494
0.40615863
0.38423098
0.41023306
0.4331657
0.44607444
0.42682035
0.45485005
0.47513137
0.30860043
0.31209678
0.33527119
0.31209678
0.2862915
0.30860043
0.33527119
0.36116773
0.33708739
0.36116773
0.38619203
0.41023306
0.38423098
0.40615863
0.43316571
0.35740432
0.32985212
0.34994287
0.37838494
0.39809251
0.36876184
0.38619203
0.41639805
0.45485005
0.42682035
0.44607444
0.47513137
0.50346008
0.48206827
0.5083402
0.53092861
0.45929127
0.43529667
0.45929127
0.48440131
0.5083402
0.48206827
0.50346008
0.53092861
0.55737678
0.53350594
0.55737678
0.58261058
0.60639639
0.579732
0.60031721
0.628456
0.55196223
0.5232802
0.54132483
0.57121219
0.58842814
0.55737678
0.57121219
0.60334515
0.64846429
0.61884551
0.63500354
0.66605236
0.49384098
0.46376926
0.47974569
0.51079851
0.43316571
0.40211197
0.41639805
0.44825526
0.46152561
0.42892763
0.4395829
0.47283936
0.52581596
0.49384098
0.50589412
0.53870381
0.54927934
0.51575258
0.5232802
0.55737678
0.48206827
0.44825526
0.45485005
0.48909934
0.49384098
0.45929127
0.46152561
0.49622854
0.56285839
0.52836536
0.53092861
0.56562514
0.68081986
0.64846429
0.65890829
0.69236033
0.61569542
0.58261058
0.59136798
0.62522512
0.63171522
0.59731203
0.60031721
0.63500354
0.70030076
0.66605236
0.66968233
0.70435093
0.73900527
0.73442607
0.76837389
0.77363881
0.72549673
0.71262248
0.74366627
0.7581877
0.7902249
0.77363881
0.80205288
0.82125642
0.80824026
0.80205288
0.83529804
0.84278845
0.69630459
0.67706467
0.70435093
0.72549673
0.65539178
0.63171522
0.65539178
0.68081986
0.70435093
0.67706467
0.69630459
0.72549673
0.75325225
0.72992449
0.75325225
0.77902913
0.80205288
0.77363881
0.7902249
0.82125642
0.74366627
0.71262248
0.72549673
0.7581877
0.76837389
0.73442607
0.73900527
0.77363881
0.83529804
0.80205288
0.80824026
0.84278845
0.87723841
0.86778172
0.8987682
0.91147536
0.85065408
0.82813377
0.85065408
0.87723841
0.8987682
0.86778172
0.87723841
0.91147536
0.94509935
0.92634304
0.94509935
0.97544768
0.28124161
0.30166023
0.29137737
0.32091642
0.33890859
0.30860043
0.32447651
0.35553086
0.37067469
0.33890859
0.35180018
0.38423098
0.30685886
0.31914335
0.32985212
0.30512166
0.33890859
0.39609281
0.36305777
0.37259337
0.40615863
0.2862915
0.28798276
0.41433584
0.38032749
0.38619203
0.42054447
0.34624408
0.31209678
0.31737489
0.35180018
0.35553086
0.32091642
0.32269413
0.35740432
0.42472078
0.39013305
0.39211315
0.42682035
0.42682035
0.39211315
0.39013305
0.42472078
0.35740432
0.32269413
0.32091642
0.35553086
0.35180018
0.31737489
0.31209678
0.34624408
0.42054447
0.38619203
0.38032749
0.41433584
0.28798276
0.2862915
0.28292096
0.27789464
0.27124681
0.26302135
0.25327038
0.24205278
0.40615863
0.37259337
0.36305777
0.39609281
0.33890858
0.30512166
0.29650001
0.32985212
0.31914335
0.2862915
0.27456311
0.30685886
0.38423098
0.35180018
0.33890858
0.37067469
0.35553086
0.32447651
0.30860043
0.33890858
0.2930808
0.32091642
0.29137737
0.27290307
0.30166023
0.28124161
0.25327038
0.23256819
0.25975675
0.97544768
0.94509935
0.92634304
0.94509935
0.91147536
0.87723841
0.86778172
0.8987682
0.87723841
0.85065407
0.82813377
0.85065407
0.91147535
0.8987682
0.86778172
0.87723841
0.84278845
0.80824026
0.80205288
0.83529804
0.77363881
0.73900527
0.73442607
0.76837389
0.7581877
0.72549673
0.71262248
0.74366627
0.82125642
0.7902249
0.77363881
0.80205288
0.77902913
0.75325225
0.72992449
0.75325225
0.72549673
0.69630459
0.67706467
0.70435093
0.68081986
0.65539178
0.63171522
0.65539178
0.72549673
0.70435093
0.67706467
0.69630459
0.84278845
0.83529804
0.80205288
0.80824026
0.82125642
0.80205288
0.7736388
0.7902249
0.7581877
0.74366627
0.71262248
0.72549673
0.7736388
0.76837389
0.73442607
0.73900527
0.70435093
0.66968233
0.66605236
0.70030076
0.63500354
0.60031721
0.59731203
0.63171522
0.62522512
0.59136798
0.58261058
0.61569542
0.69236033
0.65890829
0.64846429
0.68081986
0.56562514
0.53092861
0.52836536
0.56285839
0.49622854
0.46152561
0.45929127
0.49384098
0.48909934
0.45485005
0.44825526
0.48206827
0.55737678
0.5232802
0.51575258
0.54927934
0.53870381
0.50589412
0.49384098
0.52581596
0.47283936
0.4395829
0.42892763
0.46152561
0.44825526
0.41639804
0.40211197
0.4331657
0.51079851
0.47974569
0.46376926
0.49384098
0.66605236
0.63500354
0.61884551
0.64846429
0.60334515
0.57121219
0.55737678
0.58842814
0.57121219
0.54132483
0.5232802
0.55196223
0.628456
0.60031721
0.579732
0.60639639
0.58261058
0.55737678
0.53350594
0.55737678
0.53092861
0.50346008
0.48206827
0.5083402
0.4844013
0.45929127
0.43529667
0.45929127
0.53092861
0.5083402
0.48206827
0.50346008
0.47513137
0.44607444
0.42682035
0.45485005
0.41639804
0.38619203
0.36876184
0.39809251
0.37838494
0.34994287
0.32985212
0.35740432
0.4331657
0.40615863
0.38423098
0.41023306
0.38619203
0.36116773
0.33708739
0.36116773
0.33527119
0.30860043
0.2862915
0.31209678
0.28798275
0.26302134
0.33527119
0.31209678
0.47513137
0.45485005
0.42682035
0.44607444
0.4331657
0.41023306
0.38423098
0.40615863
0.37838494
0.35740432
0.41639804
0.39809251
0.70435093
0.70030075
0.66605236
0.66968233
0.69236033
0.68081985
0.64846429
0.65890829
0.62522512
0.61569542
0.58261058
0.59136797
0.63500354
0.63171522
0.59731203
0.60031721
0.66605236
0.64846429
0.61884551
0.63500354
0.628456
0.60639639
0.579732
0.60031721
0.57121219
0.55196222
0.5232802
0.54132483
0.60334515
0.58842814
0.55737678
0.57121219
0.53870381
0.52581596
0.49384098
0.50589411
0.51079851
0.49384098
0.46376926
0.47974569
0.44825526
0.4331657
0.47283936
0.46152561
0.56562514
0.56285839
0.52836536
0.53092861
0.55737678
0.54927934
0.51575258
0.5232802
0.48909934
0.48206827
0.44825526
0.45485005
0.49622854
0.49384098
0.45929127
0.46152561
0
0
0
0
0
0
0
0
0
0
0
0
0
0
0
0
0
0
0
0
0
0
0.011483276
0
0
0.028708284
0.044981075
0.013925569
0
0
0
0
0
0
0.010264389
0
0.028708284
0.060252181
0.074472019
0.042459568
0.055134388
0.087591436
0.099562329
0.066688886
0
0.02252165
0.033686109
0.00056680913
0
0
0
0
0
0
0
0
0
0
0
0
0
0
0
0
0.02252165
0.051314161
0.070572306
0.041201302
0.079697343
0.10763213
0.12813337
0.099562329
0.11850679
0.14771266
0.16630506
0.13647013
0.058970124
0.088913767
0.10628211
0.075775581
0.13507509
0.16197789
0.18384311
0.15624286
0.18828683
0.21394226
0.23729574
0.21088068
0.23256819
0.25975675
0.28124161
0.25327038
0.17649019
0.20479288
0.224753
0.19574758
0.21394226
0.24364511
0.26138724
0.2309988
0.27290307
0.30166023
0.32091642
0.29137737
0.30860043
0.33890859
0.35553086
0.32447651
0.24683986
0.27789464
0.2930808
0.26138724
0.091564206
0.12261953
0.13786743
0.10628211
0.15338991
0.18384311
0.20025744
0.16920235
0.18384311
0.21547753
0.2294326
0.19724805
0.11987557
0.15196703
0.16486018
0.13229174
0.14347942
0.17649019
0.18680289
0.15338991
0.20935434
0.24205278
0.25327038
0.22010148
0.2294326
0.26302135
0.27124681
0.23729574
0.16197789
0.19574758
0.2032782
0.16920235
0.27456311
0.30685886
0.31914335
0.2862915
0.33890859
0.37067469
0.38423098
0.35180018
0.36305777
0.39609281
0.40615863
0.37259337
0.29650002
0.32985212
0.33890859
0.30512166
0.31209678
0.34624408
0.35180018
0.31737489
0.38032749
0.41433584
0.42054447
0.38619203
0.39013305
0.42472078
0.42682035
0.39211315
0.32091642
0.35553086
0.35740432
0.32269413
0.17502748
0.20935434
0.21394226
0.17942345
0.24364511
0.27789464
0.28292096
0.24844233
0.25165757
0.2862915
0.28798276
0.25327038
0.18236723
0.21701581
0.21855712
0.18384311
0
0
0
0
0
0
0
0
0
0
0
0
0
0
0
0
0.010264389
0.04371949
0.052585859
0.018828393
0.077080983
0.11033834
0.11987557
0.086271017
0.0942224
0.12813337
0.13507509
0.10090227
0.026228913
0.060252181
0.066688886
0.032439252
0.037436371
0.07187039
0.075775581
0.041201302
0.10628211
0.14066884
0.14488817
0.11033834
0.11305279
0.14771266
0.14912842
0.11441314
0.04371949
0.078388234
0.079697343
0.044981075
0
0
0
0
0
0.0029823611
0.0066167024
0
0
0.0090470015
0.010264389
0
0
0
0
0
0.23887812
0.26302135
0.28798276
0.26302135
0.2862915
0.30860043
0.33527119
0.31209678
0.33708739
0.36116773
0.38619203
0.36116773
0.2862915
0.31209678
0.33527119
0.30860043
0.32985212
0.34994287
0.37838494
0.35740432
0.36876184
0.38619203
0.41639805
0.39809251
0.42682035
0.44607444
0.47513137
0.45485005
0.38423098
0.40615863
0.4331657
0.41023306
0.43529667
0.45929127
0.48440131
0.45929127
0.48206827
0.50346008
0.53092861
0.5083402
0.53350594
0.55737678
0.58261058
0.55737678
0.48206827
0.5083402
0.53092861
0.50346008
0.32985212
0.35740432
0.37838494
0.34994287
0.38423098
0.41023306
0.43316571
0.40615863
0.42682035
0.45485005
0.47513137
0.44607444
0.36876184
0.39809251
0.41639805
0.38619203
0.40211197
0.41639805
0.44825526
0.4331657
0.42892763
0.4395829
0.47283936
0.46152561
0.49384098
0.50589412
0.53870381
0.52581596
0.46376926
0.47974569
0.51079851
0.49384098
0.44825526
0.45485005
0.48909934
0.48206827
0.45929127
0.46152561
0.49622854
0.49384098
0.52836536
0.53092861
0.56562514
0.56285839
0.51575258
0.5232802
0.55737678
0.54927934
0.58261058
0.59136798
0.62522512
0.61569542
0.59731203
0.60031721
0.63500354
0.63171522
0.66605236
0.66968233
0.70435093
0.70030076
0.64846429
0.65890829
0.69236033
0.68081986
0.5232802
0.54132483
0.57121219
0.55196223
0.55737678
0.57121219
0.60334515
0.58842814
0.61884551
0.63500354
0.66605236
0.64846429
0.579732
0.60031721
0.628456
0.60639639
0.63171522
0.65539178
0.68081986
0.65539178
0.67706467
0.69630459
0.72549673
0.70435093
0.72992449
0.75325225
0.77902913
0.75325225
0.67706467
0.70435093
0.72549673
0.69630459
0.71262248
0.72549673
0.7581877
0.74366627
0.73442607
0.73900527
0.77363881
0.76837389
0.80205288
0.80824026
0.84278845
0.83529804
0.77363881
0.7902249
0.82125642
0.80205288
0.82813377
0.85065408
0.87723841
0.85065408
0.86778172
0.87723841
0.91147536
0.8987682
0.92634304
0.94509935
0.97544768
0.94509935
0.86778172
0.8987682
0.91147536
0.87723841
0.71262248
0.74366627
0.7581877
0.72549673
0.77363881
0.80205288
0.82125642
0.7902249
0.80205288
0.83529804
0.84278845
0.80824026
0.73442607
0.76837389
0.77363881
0.73900527
0.40211197
0.43316571
0.44825526
0.41639805
0.46376926
0.49384098
0.51079851
0.47974569
0.49384098
0.52581596
0.53870381
0.50589412
0.42892763
0.46152561
0.47283936
0.4395829
0.5232802
0.55196223
0.57121219
0.54132483
0.579732
0.60639639
0.628456
0.60031721
0.61884551
0.64846429
0.66605236
0.63500354
0.55737678
0.58842814
0.60334515
0.57121219
0.58261058
0.61569542
0.62522512
0.59136798
0.64846429
0.68081986
0.69236033
0.65890829
0.66605236
0.70030076
0.70435093
0.66968233
0.59731203
0.63171522
0.63500354
0.60031721
0.44825526
0.48206827
0.48909934
0.45485005
0.51575258
0.54927934
0.55737678
0.5232802
0.52836536
0.56285839
0.56562514
0.53092861
0.45929127
0.49384098
0.49622854
0.46152561
0.46152561
0.49622854
0.49384098
0.45929127
0.53092861
0.56562514
0.56285839
0.52836536
0.5232802
0.55737678
0.54927934
0.51575258
0.45485005
0.48909934
0.48206827
0.44825526
0.60031721
0.63500354
0.63171522
0.59731203
0.66968233
0.70435093
0.70030076
0.66605236
0.65890829
0.69236033
0.68081986
0.64846429
0.59136798
0.62522512
0.61569542
0.58261058
0.57121219
0.60334515
0.58842814
0.55737678
0.63500354
0.66605236
0.64846429
0.61884551
0.60031721
0.628456
0.60639639
0.579732
0.54132483
0.57121219
0.55196223
0.5232802
0.4395829
0.47283936
0.46152561
0.42892763
0.50589412
0.53870381
0.52581596
0.49384098
0.47974569
0.51079851
0.49384098
0.46376926
0.41639804
0.44825526
0.4331657
0.40211197
0.73900527
0.77363881
0.76837389
0.73442607
0.80824026
0.84278845
0.83529804
0.80205288
0.7902249
0.82125642
0.80205288
0.77363881
0.72549673
0.7581877
0.74366627
0.71262248
0.87723841
0.91147536
0.8987682
0.86778172
0.94509935
0.97544768
0.94509935
0.92634304
0.8987682
0.91147535
0.87723841
0.86778172
0.85065407
0.87723841
0.85065407
0.82813377
0.80205288
0.82125642
0.7902249
0.7736388
0.83529804
0.84278845
0.80824026
0.80205288
0.76837389
0.7736388
0.73900527
0.73442607
0.74366627
0.7581877
0.72549673
0.71262248
0.69630459
0.72549673
0.70435093
0.67706467
0.75325225
0.77902913
0.75325225
0.72992449
0.70435093
0.72549673
0.69630459
0.67706467
0.65539178
0.68081986
0.65539178
0.63171522
0.60639639
0.628456
0.60031721
0.579732
0.64846429
0.66605236
0.63500354
0.61884551
0.58842814
0.60334515
0.57121219
0.55737678
0.55196222
0.57121219
0.54132483
0.5232802
0.68081985
0.69236033
0.65890829
0.64846429
0.70030075
0.70435093
0.66968233
0.66605236
0.63171522
0.63500354
0.60031721
0.59731203
0.61569542
0.62522512
0.59136797
0.58261058
0.54927934
0.55737678
0.5232802
0.51575258
0.56285839
0.56562514
0.53092861
0.52836536
0.49384098
0.49622854
0.46152561
0.45929127
0.48206827
0.48909934
0.45485005
0.44825526
0.49384098
0.51079851
0.47974569
0.46376926
0.52581596
0.53870381
0.50589411
0.49384098
0.46152561
0.47283936
0.4395829
0.42892763
0.4331657
0.44825526
0.38619203
0.41639804
0.39809251
0.36876184
0.44607444
0.47513137
0.45485005
0.42682035
0.40615863
0.4331657
0.41023306
0.38423098
0.34994287
0.37838494
0.35740432
0.32985212
0.50346008
0.53092861
0.5083402
0.48206827
0.55737678
0.58261058
0.55737678
0.53350594
0.5083402
0.53092861
0.50346008
0.48206827
0.45929127
0.4844013
0.45929127
0.43529667
0.41023306
0.4331657
0.40615863
0.38423098
0.45485005
0.47513137
0.44607444
0.42682035
0.39809251
0.41639804
0.35740432
0.37838494
0.30860043
0.33527119
0.31209678
0.2862915
0.36116773
0.38619203
0.36116773
0.33708739
0.31209678
0.33527119
0.2862915
0.26302134
0.28798275
0.26302134
0.23887812
0
0
0
0
0
0.010264389
0.0090470014
0
0
0.0066167022
0.0029823609
0
0
0
0
0
0.044981075
0.079697343
0.078388234
0.04371949
0.11441314
0.14912842
0.14771266
0.11305279
0.11033834
0.14488817
0.14066884
0.10628211
0.041201301
0.07577558
0.071870389
0.037436371
0.032439251
0.066688886
0.060252181
0.026228913
0.10090227
0.13507509
0.12813337
0.094222399
0.086271017
0.11987557
0.11033834
0.077080983
0.018828393
0.052585858
0.04371949
0.010264389
0
0
0
0
0
0
0
0
0
0
0
0
0
0
0
0
0.18384311
0.21855712
0.21701581
0.18236723
0.25327038
0.28798276
0.2862915
0.25165757
0.24844233
0.28292096
0.27789464
0.24364511
0.17942345
0.21394226
0.20935434
0.17502747
0.32269413
0.35740432
0.35553086
0.32091642
0.39211315
0.42682035
0.42472078
0.39013305
0.38619203
0.42054447
0.41433584
0.38032749
0.31737489
0.35180018
0.34624408
0.31209678
0.30512166
0.33890858
0.32985212
0.29650001
0.37259337
0.40615863
0.39609281
0.36305777
0.35180018
0.38423098
0.37067469
0.33890858
0.2862915
0.31914335
0.30685886
0.27456311
0.16920235
0.2032782
0.19574758
0.16197789
0.23729574
0.27124681
0.26302135
0.2294326
0.22010148
0.25327038
0.24205278
0.20935434
0.15338991
0.18680289
0.17649019
0.14347942
0.13229174
0.16486018
0.15196703
0.11987557
0.19724805
0.2294326
0.21547753
0.18384311
0.16920235
0.20025744
0.18384311
0.15338991
0.10628211
0.13786743
0.12261953
0.091564205
0.26138724
0.2930808
0.27789464
0.24683986
0.32447651
0.35553086
0.33890858
0.30860043
0.29137737
0.32091642
0.30166023
0.27290307
0.2309988
0.26138724
0.24364511
0.21394226
0.19574758
0.224753
0.20479288
0.17649019
0.25327038
0.28124161
0.25975675
0.23256819
0.21088068
0.23729574
0.21394226
0.18828682
0.15624286
0.18384311
0.16197789
0.13507509
0.07577558
0.10628211
0.088913767
0.058970123
0.13647013
0.16630506
0.14771266
0.11850679
0.099562328
0.12813337
0.10763213
0.079697342
0.041201301
0.070572305
0.05131416
0.022521649
0
0
0
0
0
0
0
0
0
0
0
0
0
0
0
0
0.00056680863
0.033686108
0.022521649
0
0.066688886
0.099562328
0.087591435
0.055134388
0.042459568
0.074472019
0.060252181
0.028708283
0
0.010264388
0
0
0
0
0
0
0.013925568
0.044981074
0.028708283
0
0
0.011483275
0
0
0
0
0
0
0
0
0
0
0
0
0
0
0
0
0
0
0
0
0
0
0
0
0
0
0
0
0
0
0
0
0
0
0
0
0
0
0
0
0
0
0
0
0
0
0
0
0
0
0
0
0
0
0
0
0
0
0
0
0
0
0
0
0
3.9635406e-07
0
0
0
0
0
0
0
0
0
0
0
0
0
0
0
0
0
0
0
0
0
0
0
0
0
0
0
0
0.00012996857
0.00010096942
0
0
5.4010391e-05
1.0973042e-05
0.0017270169
0.0020913427
0.0023543829
0.0024919917
0.00012996857
0.0004372297
0.00084825145
0.0012971061
0
0
0
0
0
0
0
0
0
0
1.097304e-05
5.4010389e-05
0
0
0.00010096942
0.00012996856
0
0
0
0
0
0
0
0
0
0
0
0
0
0
0
0
0.0012971061
0.00084825143
0.0044653776
0.0054667286
0.00043722968
0.00012996856
0.0023543829
0.0034037663
0.0024919917
0.0023543829
0.0020913426
0.0017270169
0.0063454721
0
0
0
0
0
0
0
0
0
0
0
0
0
0
0
0
0
0
0
0
0
0
0
0
0
0
0
0
0
0
0
0
3.9635337e-07
0
0.00062550236
0.0013986404
0
0
0
0
0
0
0
0
0
0
0
0
0
0
0
0
0
0
0
0
0
0.0029823601
