MFEM mesh v1.0

#
# MFEM Geometry Types (see fem/geom.hpp):
#
# POINT       = 0
# SEGMENT     = 1
# TRIANGLE    = 2
# SQUARE      = 3
# TETRAHEDRON = 4
# CUBE        = 5
# PRISM       = 6
#

dimension
1

elements
26
1 1 0 13
1 1 1 14
1 1 2 15
1 1 3 16
1 1 4 17
1 1 5 18
1 1 6 19
1 1 7 20
1 1 8 22
1 1 9 23
1 1 10 24
1 1 11 25
1 1 12 26
1 1 13 7
1 1 14 8
1 1 15 9
1 1 16 10
1 1 17 11
1 1 19 12
1 1 20 3
1 1 21 4
1 1 22 5
1 1 23 6
1 1 24 1
1 1 25 2
1 1 26 0

boundary
0

vertices
27

nodes
FiniteElementSpace
FiniteElementCollection: L2_T1_1D_P1
VDim: 1
Ordering: 1

0.5
0.5078125
0.5625
0.5703125
0.4375
0.4453125
0.53125
0.5390625
0.40625
0.4140625
0.59375
0.6015625
0.46875
0.4765625
0.515625
0.5234375
0.578125
0.5859375
0.453125
0.4609375
0.546875
0.5546875
0.421875
0.4296875
0.484375
0.4921875
0.5078125
0.515625
0.5703125
0.578125
0.4453125
0.453125
0.5390625
0.546875
0.4140625
0.421875
0.4765625
0.484375
0.5234375
0.53125
0.3984375
0.40625
0.5859375
0.59375
0.4609375
0.46875
0.5546875
0.5625
0.4296875
0.4375
0.4921875
0.5
