./LS-helmholtzp_lor  -o 4  -m ../../data/inline-quad.mesh




omega/2pi |   dof_H1  | dof_RT  |    H1_err    |    Hdiv_err  |   Exact LOR   |  Inexact LOR  |   AMG/AMS ho  |
--------------------------------------------------------------------------------------------------------------   
5         |   1089    | 2112    | 7.5044e-02   |  6.8128e-02  | 47 (0.551404) | 180 (0.16153) | 155 (0.914495)
10        |   4225    | 8320    | 7.2461e-02   |  6.6677e-02  | 64 (2.23832)  | 197 (0.931944)| 164 (0.918901)
20        |   16641   | 33024   | 7.1488e-02   |  6.6131e-02  | 79 (9.42402)  | 292 (4.14552) | 246 (11.3769)
40        |   66049   | 131584  | 6.9699e-02   |  6.5160e-02  | 87 (39.8902)  | 380 (25.3352) | 251 (48.977)
80        |  263169   | 525312  | 6.7949e-02   |  6.4224e-02  | 98 (179.461)  | 401 (114.649) | 316 (271.633)
160       |  1050625  | 2099200 | 6.7005e-02   |  6.3724e-02  | 96 (1791.43)  | 377 (569.546) | 299 (1277.63) 


omega/2pi |   dof_H1  |   H1_err |   Exact LOR  |
--------------------------------------------------------------------------------------------------------------   
5         |    1089   | 4.2337e-02 |  16 (0.176056)
10        |    4225   | 4.2329e-02 |  30 (1.02578)
20        |   16641   | 4.2328e-02 |  209 (16.7772)
40        |   66049   | 4.2327e-02 | >2000 (600.249)
80        |  263169   |     *      | >2000 (2818.08) 
160       | 1050625   |     *      |   


srun -n 4 ./LS_maxwellp -rnum 2.0 -o 3 -sr 2 -pr 0 -no-vis -m ../data/inline-hex.mesh -solution 1
omega/2pi |   dof (x4) |  L2 err rel | ranks |  AMG/AMS ho  |
--------------------------------------------------------------------------------------------------------------   
2         |   45000    |  0.0129377  |    4  |  143 (31.2249)|
4         |   345744   |  0.0345918  |   32  |  262 (108.072)| 
8         |  2709792   |  0.0547445  |  256  |  354 (244.849)| 
16        |

// Complex indefinite Helmholtz
./LS_complex_helmholtzp -o 5 -solution 1 -sr 0 -rnum 4.0
omega/2pi |   dof_H1  | dof_RT  |    H1_err    |    Hdiv_err  |   Exact LOR   |  Inexact LOR  |   AMG/AMS ho  |
--------------------------------------------------------------------------------------------------------------   
4         |   1681    | 3280    | 1.0107e-03   |  8.8146e-04  |  71 (2.2144)  | 426 (1.35841) | 329 (3.65064) 
8         |   6561    | 12960   | 1.4215e-03   |  1.2339e-03  | 128 (13.258)  | 625 (8.7082)  | 481 (24.1927)
16        |   25921   | 51520   | 2.3111e-02   |  9.9057e-03  | 239 (88.5967) |1045 (57.6934) | 724 (149.518)
32        |   103041  | 205440  | 1.4054e-02   |  1.4147e-02  | 286 (408.915) |1153 (279.299) | 860 (748.056)
64        |   410881  | 820480  | 7.9836e-01   |  2.8242e-02  | 574 (3819.05) |2798 (2860.15) | 1974 (6881.4)