0 7824
1.33412 7824
1.33412 1950
2.66824 1950
2.66824 1302
4.00236 1302
4.00236 446
5.33648 446
5.33648 551
6.6706 551
6.6706 332
8.00471 332
8.00471 59
9.33883 59
9.33883 106
10.673 106
10.673 37
12.0071 37
12.0071 98
13.3412 98
13.3412 80
14.6753 80
14.6753 31
16.0094 31
16.0094 84
17.3435 84
17.3435 44
18.6777 44
18.6777 110
20.0118 110
20.0118 5
21.3459 5
21.3459 146
22.68 146
22.68 2
24.0141 2
24.0141 204
25.3483 204
25.3483 49
26.6824 49
26.6824 110
28.0165 110
28.0165 0
29.3506 0
29.3506 0
30.6847 0
30.6847 1
32.0189 1
32.0189 0
