4
-1.000000000000000
-0.447213595499958
0.447213595499958
1.000000000000000
9
-1.000000000000000
-0.899757995411457
-0.677186279510741
-0.363117463826178
-0.000000000000000
0.363117463826178
0.677186279510739
0.899757995411461
1.000000000000000
0.999240258902359
0.706724169951795
0.233460036359629
-0.099815126606619
-0.147603216154192
-0.027300558109730
0.052169986044897
0.038119249468791
-0.000086726894327
1.000223401716758
0.723955207249215
0.271056585402102
-0.057949072543675
-0.124929892071946
-0.023705273024985
0.067171454699019
0.045750017534327
0.000750202833473
-0.000413835671314
0.358136116723103
0.850782569789336
0.982936386622895
0.624705421296566
0.073745687823689
-0.223648225884641
-0.141848009931194
-0.002001868380122
0.001510200095074
0.391581548963527
0.919580669990286
1.053567147563636
0.649012044366794
0.102205502512636
-0.174009141236334
-0.120210573441106
0.000277160848884
-0.002001868380122
-0.141848009931194
-0.223648225884641
0.073745687823689
0.624705421296566
0.982936386622895
0.850782569789336
0.358136116723103
-0.000413835671314
0.000277160848884
-0.120210573441106
-0.174009141236334
0.102205502512636
0.649012044366794
1.053567147563636
0.919580669990286
0.391581548963527
0.001510200095074
-0.000086726894327
0.038119249468791
0.052169986044897
-0.027300558109730
-0.147603216154192
-0.099815126606619
0.233460036359629
0.706724169951795
0.999240258902359
0.000750202833473
0.045750017534327
0.067171454699019
-0.023705273024985
-0.124929892071946
-0.057949072543675
0.271056585402102
0.723955207249215
1.000223401716758
