4
-1.000000000000000
-0.447213595499958
0.447213595499958
1.000000000000000
8
-1.000000000000000
-0.900968867902419
-0.623489801858734
-0.222520933956314
0.222520933956314
0.623489801858733
0.900968867902419
1.000000000000000
0.999894884874185
0.702878084934001
0.131237223237416
-0.168948395506167
-0.084749887938249
0.044335453646714
0.037862618808724
-0.000105115125814
1.000365052172011
0.726962945132612
0.191802539483377
-0.114980481712450
-0.072771083989596
0.058606153636480
0.055359849078181
0.000365052172010
-0.000597550699684
0.354521529503779
0.914198660207447
0.889635757934672
0.275642844100577
-0.223405512539681
-0.152290495843338
-0.000610174047684
0.000347803384666
0.397975141826544
1.029569421556509
0.968391291958760
0.298726885520318
-0.150369076019806
-0.119379516127383
0.000305190971221
-0.000610174047684
-0.152290495843338
-0.223405512539681
0.275642844100577
0.889635757934672
0.914198660207447
0.354521529503779
-0.000597550699684
0.000305190971221
-0.119379516127383
-0.150369076019806
0.298726885520318
0.968391291958760
1.029569421556509
0.397975141826544
0.000347803384666
-0.000105115125814
0.037862618808724
0.044335453646714
-0.084749887938249
-0.168948395506167
0.131237223237416
0.702878084934001
0.999894884874185
0.000365052172010
0.055359849078181
0.058606153636480
-0.072771083989596
-0.114980481712450
0.191802539483377
0.726962945132612
1.000365052172011
