7
-1.000000000000000
-0.830223896278567
-0.468848793470714
0.000000000000000
0.468848793470714
0.830223896278567
1.000000000000000
19
-1.000000000000000
-0.940976287437643
-0.868945152341602
-0.778902070934158
-0.664566384403996
-0.550460610617010
-0.420498683384772
-0.272512138916060
-0.135973575461016
0.000000000000000
0.135973575461016
0.272512138916060
0.420498683384772
0.550460610617010
0.664566384403996
0.778902070934158
0.868945152341602
0.940976287437643
1.000000000000000
0.975326218564820
0.462672600850697
0.089441790680329
-0.119572588308074
-0.140828002484997
-0.056732065565497
0.027105635769200
0.064024679051942
0.042884940568350
-0.002009503094943
-0.036949509507117
-0.040733702900770
-0.012741457582901
0.016271905121698
0.025162616625531
0.011189761103906
-0.009708497926279
-0.018288161904627
-0.003622290454820
1.001667952488012
0.491857200657827
0.118263300750849
-0.090622274538694
-0.123895435374036
-0.054568032699898
0.038006121211997
0.074605852395296
0.046572932467319
0.001650368675703
-0.031135819138193
-0.035001702315777
-0.009326240519358
0.020233812134824
0.030127301310956
0.015217066671202
-0.006657668074143
-0.013437292722152
0.001667952488010
-0.003039458677023
0.632010070299540
0.961878087098634
0.946538039859832
0.608857394711141
0.200187416528871
-0.130585836169277
-0.231526049963526
-0.136327280718849
-0.002967241013968
0.089963112926680
0.098980544495210
0.026865807272848
-0.053523238916774
-0.079304163660236
-0.039136934544726
0.019043313766241
0.036872443843922
-0.003039458677026
0.048274897099787
0.683116769382631
1.012478545559599
0.987211682099979
0.622428501871323
0.219406841983006
-0.092574681581937
-0.201234016462261
-0.128478557390720
0.006770477206758
0.105274297319325
0.113205557334296
0.034789631086996
-0.043828124920366
-0.067324346321708
-0.029583331636274
0.026042666073549
0.048540316365374
0.009759599698272
-0.038447713120449
-0.218563358186478
-0.146229243880551
0.187235389292308
0.646258219407148
0.938129797484171
0.979667703478587
0.713590211052847
0.328713486141429
-0.023045079584347
-0.209833566362581
-0.208941417928397
-0.057922646225502
0.074280037550751
0.110987026830118
0.047703008673533
-0.041448738632288
-0.076066985189773
-0.014959600942822
0.001940458856474
-0.185151201042095
-0.115472705823619
0.197924114321963
0.669417520871596
0.975932179335372
1.023127417739832
0.738775806896464
0.338045907508511
0.001475983811122
-0.183696379573494
-0.187530281118866
-0.049325983339857
0.088495480807285
0.126767004109675
0.060007106448616
-0.033102897320508
-0.060683541821666
0.001940458856464
-0.001001171701567
0.098726007333871
0.056383019829628
-0.097950315308987
-0.224678243607778
-0.175503901668596
0.100801700088272
0.546060499900150
0.874557001491166
0.999914663784989
0.874557001491166
0.546060499897736
0.100801700555159
-0.175503902165079
-0.224678243177978
-0.097950315710846
0.056383019834261
0.098726007333809
-0.001001171701566
0.021333879482063
0.120241207057858
0.067260420465392
-0.082273592498264
-0.202422963346428
-0.147752450019375
0.120154948554946
0.557189738932513
0.904452699467162
1.032873549205481
0.904452699467161
0.557189738932512
0.120154948555025
-0.147752450019375
-0.202422963346427
-0.082273592497991
0.067260420437963
0.120241207090511
0.021333879452542
-0.014959600942822
-0.076066985189773
-0.041448738632288
0.047703008673533
0.110987026830118
0.074280037550751
-0.057922646225502
-0.208941417928397
-0.209833566362581
-0.023045079584347
0.328713486141429
0.713590211052847
0.979667703478587
0.938129797484171
0.646258219407148
0.187235389292308
-0.146229243880551
-0.218563358186478
-0.038447713120449
0.001940458856464
-0.060683541821666
-0.033102897320508
0.060007106448616
0.126767004109675
0.088495480807285
-0.049325983339857
-0.187530281118866
-0.183696379573494
0.001475983811122
0.338045907508511
0.738775806896464
1.023127417739832
0.975932179335372
0.669417520871596
0.197924114321963
-0.115472705823619
-0.185151201042095
0.001940458856474
-0.003039458677026
0.036872443843922
0.019043313766241
-0.039136934544726
-0.079304163660236
-0.053523238916774
0.026865807272848
0.098980544495210
0.089963112926680
-0.002967241013968
-0.136327280718849
-0.231526049963526
-0.130585836169277
0.200187416528871
0.608857394711141
0.946538039859832
0.961878087098634
0.632010070299540
-0.003039458677023
0.009759599698272
0.048540316365374
0.026042666073549
-0.029583331636274
-0.067324346321708
-0.043828124920366
0.034789631086996
0.113205557334296
0.105274297319325
0.006770477206758
-0.128478557390720
-0.201234016462261
-0.092574681581937
0.219406841983006
0.622428501871323
0.987211682099979
1.012478545559599
0.683116769382631
0.048274897099787
-0.003622290454820
-0.018288161904627
-0.009708497926279
0.011189761103906
0.025162616625531
0.016271905121698
-0.012741457582901
-0.040733702900770
-0.036949509507117
-0.002009503094943
0.042884940568350
0.064024679051942
0.027105635769200
-0.056732065565497
-0.140828002484997
-0.119572588308074
0.089441790680329
0.462672600850697
0.975326218564820
0.001667952488010
-0.013437292722152
-0.006657668074143
0.015217066671202
0.030127301310956
0.020233812134824
-0.009326240519358
-0.035001702315777
-0.031135819138193
0.001650368675703
0.046572932467319
0.074605852395296
0.038006121211997
-0.054568032699898
-0.123895435374036
-0.090622274538694
0.118263300750849
0.491857200657827
1.001667952488012
