8
-1.000000000000000
-0.871740148509605
-0.591700181433143
-0.209299217902479
0.209299217902479
0.591700181433143
0.871740148509605
1.000000000000000
19
-1.000000000000000
-0.978611766215661
-0.928901528167979
-0.852460577782618
-0.751494202559026
-0.628908137263668
-0.488229285680921
-0.333504847824481
-0.169186023409282
-0.000000000000000
0.169186023409282
0.333504847824491
0.488229285680759
0.628908137265041
0.751494202553092
0.852460577795727
0.928901528153608
0.978611766221633
1.000000000000000
0.999105550480982
0.708439609527050
0.238526277064544
-0.099046879303273
-0.149759805832038
-0.031992475842115
0.056557108685616
0.046454882562169
-0.020666009212907
-0.048718988780925
-0.010994961165734
0.023100795314768
0.019268815269419
-0.009756422082056
-0.022980528633240
-0.005253401490210
0.010140984226184
0.007740944121521
-0.000254409437271
1.002227000240564
0.728832995730647
0.279450649883244
-0.051803855949082
-0.126166071869337
-0.023241138872592
0.076332818398561
0.055432500285248
-0.011763002770000
-0.036970912985008
-0.007296531268450
0.031836072027220
0.025611549607504
-0.005058240722754
-0.015976891756546
-0.002004741548014
0.014774883079578
0.012196024449974
0.002272280165500
-0.003933288022692
0.352756672144627
0.844260088848398
0.983844088736181
0.639328390929801
0.070937124224488
-0.243022290773017
-0.160816612933147
0.036251297039336
0.105273753120075
0.021626774053510
-0.083682936177472
-0.065819731426949
0.015277882224839
0.043776055887726
0.007109260096556
-0.036673379694410
-0.029743369809139
-0.004057532012003
0.002114036378266
0.390093355555537
0.916782829217932
1.055216979098480
0.657674934336698
0.118113805074923
-0.183318337232558
-0.139693375878640
0.060304606703290
0.135755153800825
0.029425890456861
-0.061980259034294
-0.051102582368245
0.025967560207073
0.060291025836927
0.013791168036828
-0.026263691410440
-0.019980636775623
0.000785517148076
-0.003058068403424
-0.148361305063559
-0.233298969318242
0.071075731235995
0.614603322093244
0.979527383934161
0.863843695665641
0.356481081082414
-0.141399579666473
-0.245334723661393
-0.050189895840966
0.102703636505106
0.081778691134554
-0.040997664819825
-0.092953062474970
-0.020747764435649
0.039419879671422
0.029796753537647
-0.001337158373940
0.002170321584978
-0.124104585458313
-0.182098543357459
0.094686295754198
0.652899168015145
1.060236934489658
0.914323468476315
0.374574740280056
-0.082850094283129
-0.202470664592323
-0.039888583101030
0.135399306447137
0.099818843377650
-0.027895221805883
-0.071188752506089
-0.014562983645062
0.051783107436370
0.040603794668283
0.002379414447645
-0.001074085010098
0.068792976852210
0.093707059456841
-0.047081252325276
-0.240977607882241
-0.145681222485810
0.345224924106379
0.850686673049880
0.983443217188351
0.633476000835416
0.069818410229136
-0.252025507555630
-0.161889676045754
0.047131760583992
0.111690817988290
0.023690839644108
-0.074551643628754
-0.056365274558530
-0.001464120414747
0.001801583693488
0.084811888236709
0.118923361358169
-0.038533313354053
-0.198796735951029
-0.095507737351604
0.357743532740325
0.909060614141740
1.058634771663855
0.661962443706368
0.105329362200730
-0.194040899603874
-0.140386925253308
0.065825663216479
0.141787045225614
0.029068286266219
-0.058883101807457
-0.044255764273794
0.000997420807504
-0.001464120414747
-0.056365274558530
-0.074551643628754
0.023690839644108
0.111690817988290
0.047131760583992
-0.161889676045754
-0.252025507555630
0.069818410229136
0.633476000835416
0.983443217188351
0.850686673049880
0.345224924106379
-0.145681222485810
-0.240977607882241
-0.047081252325276
0.093707059456841
0.068792976852210
-0.001074085010098
0.000997420807504
-0.044255764273794
-0.058883101807457
0.029068286266219
0.141787045225614
0.065825663216479
-0.140386925253308
-0.194040899603874
0.105329362200730
0.661962443706368
1.058634771663855
0.909060614141740
0.357743532740325
-0.095507737351604
-0.198796735951029
-0.038533313354053
0.118923361358169
0.084811888236709
0.001801583693488
-0.001337158373940
0.029796753537647
0.039419879671422
-0.020747764435649
-0.092953062474970
-0.040997664819825
0.081778691134554
0.102703636505106
-0.050189895840966
-0.245334723661393
-0.141399579666473
0.356481081082414
0.863843695665641
0.979527383934161
0.614603322093244
0.071075731235995
-0.233298969318242
-0.148361305063559
-0.003058068403424
0.002379414447645
0.040603794668283
0.051783107436370
-0.014562983645062
-0.071188752506089
-0.027895221805883
0.099818843377650
0.135399306447137
-0.039888583101030
-0.202470664592323
-0.082850094283129
0.374574740280056
0.914323468476315
1.060236934489658
0.652899168015145
0.094686295754198
-0.182098543357459
-0.124104585458313
0.002170321584978
-0.004057532012003
-0.029743369809139
-0.036673379694410
0.007109260096556
0.043776055887726
0.015277882224839
-0.065819731426949
-0.083682936177472
0.021626774053510
0.105273753120075
0.036251297039336
-0.160816612933147
-0.243022290773017
0.070937124224488
0.639328390929801
0.983844088736181
0.844260088848398
0.352756672144627
-0.003933288022692
0.000785517148076
-0.019980636775623
-0.026263691410440
0.013791168036828
0.060291025836927
0.025967560207073
-0.051102582368245
-0.061980259034294
0.029425890456861
0.135755153800825
0.060304606703290
-0.139693375878640
-0.183318337232558
0.118113805074923
0.657674934336698
1.055216979098480
0.916782829217932
0.390093355555537
0.002114036378266
-0.000254409437271
0.007740944121521
0.010140984226184
-0.005253401490210
-0.022980528633240
-0.009756422082056
0.019268815269419
0.023100795314768
-0.010994961165734
-0.048718988780925
-0.020666009212907
0.046454882562169
0.056557108685616
-0.031992475842115
-0.149759805832038
-0.099046879303273
0.238526277064544
0.708439609527050
0.999105550480982
0.002272280165500
0.012196024449974
0.014774883079578
-0.002004741548014
-0.015976891756546
-0.005058240722754
0.025611549607504
0.031836072027220
-0.007296531268450
-0.036970912985008
-0.011763002770000
0.055432500285248
0.076332818398561
-0.023241138872592
-0.126166071869337
-0.051803855949082
0.279450649883244
0.728832995730647
1.002227000240564
