4
-1.000000000000000
-0.447213595499958
0.447213595499958
1.000000000000000
17
-1.000000000000000
-0.987992518020485
-0.937273392400706
-0.848206583410427
-0.724417731360170
-0.570972172608539
-0.394151347077563
-0.201194093997435
0.000000000000000
0.201194093997435
0.394151347077563
0.570972172608539
0.724417731360170
0.848206583410427
0.937273392400706
0.987992518020485
1.000000000000000
0.999931395319352
0.963682525778143
0.818415966026903
0.593527881915357
0.340110068628352
0.111781683490401
-0.051020081696979
-0.129813258599304
-0.131621003205705
-0.082213198344920
-0.016964725558515
0.033769381187093
0.055938936521825
0.049251723171488
0.026569914780906
0.005756265037926
-0.000068604680648
1.000201200183267
0.964537566609173
0.821622318151910
0.600143758551479
0.350037375364444
0.123760292780495
-0.038881511730407
-0.119560087246767
-0.124899220183696
-0.079440431486101
-0.015593759148917
0.037370799188390
0.059704383040627
0.052455721722033
0.028164230556790
0.006359641836432
0.000201200183267
-0.000366712691518
0.047513453087406
0.234913019250403
0.507711265254334
0.778124675174272
0.958989796850890
0.993096568832977
0.869131746332989
0.624715115971107
0.326965251527644
0.052814451159248
-0.129350864305788
-0.196689095702311
-0.166067416084446
-0.087872267976644
-0.019213415595230
-0.000366712691519
0.000234117188900
0.049302442910902
0.241007918923902
0.520508990963976
0.796353804283740
0.980767795049557
1.013329020361559
0.884712708391504
0.631809383461746
0.330138536339562
0.062759539252992
-0.116519470818478
-0.184100987060542
-0.157106746977301
-0.083105252183219
-0.017807284734507
0.000234117188899
-0.000366712691519
-0.019213415595230
-0.087872267976644
-0.166067416084446
-0.196689095702311
-0.129350864305788
0.052814451159248
0.326965251527644
0.624715115971107
0.869131746332989
0.993096568832977
0.958989796850890
0.778124675174272
0.507711265254334
0.234913019250403
0.047513453087406
-0.000366712691518
0.000234117188899
-0.017807284734507
-0.083105252183219
-0.157106746977301
-0.184100987060542
-0.116519470818478
0.062759539252992
0.330138536339562
0.631809383461746
0.884712708391504
1.013329020361559
0.980767795049557
0.796353804283740
0.520508990963976
0.241007918923902
0.049302442910902
0.000234117188900
-0.000068604680648
0.005756265037926
0.026569914780906
0.049251723171488
0.055938936521825
0.033769381187093
-0.016964725558515
-0.082213198344920
-0.131621003205705
-0.129813258599304
-0.051020081696979
0.111781683490401
0.340110068628352
0.593527881915357
0.818415966026903
0.963682525778143
0.999931395319352
0.000201200183267
0.006359641836432
0.028164230556790
0.052455721722033
0.059704383040627
0.037370799188390
-0.015593759148917
-0.079440431486101
-0.124899220183696
-0.119560087246767
-0.038881511730407
0.123760292780495
0.350037375364444
0.600143758551479
0.821622318151910
0.964537566609173
1.000201200183267
