7
-1.000000000000000
-0.830223896278567
-0.468848793470714
0.000000000000000
0.468848793470714
0.830223896278567
1.000000000000000
17
-1.000000000000000
-0.936953250408593
-0.854968436820801
-0.752917462326055
-0.618479550123868
-0.474718254753947
-0.332289220178879
-0.159948260331844
0.000000000000000
0.159948260331844
0.332289220178879
0.474718254753947
0.618479550123868
0.752917462326055
0.854968436820801
0.936953250408593
1.000000000000000
0.975211282220004
0.427743459610481
0.035285702937595
-0.145349414316612
-0.116883756813128
-0.003838112221918
0.057823042125431
0.049147929192352
-0.002051931407236
-0.043194656715902
-0.033969708286463
0.001109249581718
0.024133214191024
0.016100911815877
-0.006920299445489
-0.019093358028274
-0.003899808915934
1.001793912280153
0.464582522289985
0.070107336929128
-0.114752893446823
-0.101350115644538
0.002485138293441
0.071987845856573
0.058357890653518
0.001752785739581
-0.034024431683448
-0.027244314180288
0.004354330360444
0.031021458050491
0.021389857417082
-0.003695841469039
-0.013477607758034
0.001793912280151
-0.003261965908372
0.661687940401345
0.984389184403902
0.888805974969814
0.428661123910856
-0.021102520649464
-0.224366334891343
-0.176313031389269
-0.003087414682577
0.097918339642640
0.076969100283955
-0.010545378563186
-0.081997109721865
-0.055442577841461
0.011310574332635
0.037097715522930
-0.003261965908376
0.049642097915793
0.724711341351192
1.045569462131670
0.927163106286930
0.448615784157192
0.013397908487232
-0.186954216147318
-0.148469992624115
0.007235578971305
0.121940263150314
0.093618439775123
-0.002945394692226
-0.064916771328957
-0.042881468334596
0.018451722526277
0.050662963145966
0.010233425511004
-0.039592280352340
-0.229408899967730
-0.112579064918283
0.300056421441792
0.791061674105043
0.999688829640806
0.850913774986122
0.395848775708740
-0.029247070754161
-0.235005977638251
-0.169287749191585
0.005419164541893
0.108249554424658
0.069560367305551
-0.029493018371942
-0.079306388645112
-0.015591935268267
0.002037398995964
-0.188409609805597
-0.077811017337020
0.309110869092380
0.842437357076392
1.049455812198360
0.882093071646455
0.413186281803134
0.001474051051663
-0.197031450691643
-0.143303954483077
0.016204954108957
0.133206101477683
0.085638635815956
-0.021140616215311
-0.061328078454786
0.002037398995954
-0.001065759155081
0.099993558357222
0.037137123473504
-0.142795240492250
-0.243779452915077
-0.043827301151502
0.369202589724356
0.828742175286320
0.999999000000002
0.828742175286347
0.369202589748146
-0.043827301215349
-0.243779452845269
-0.142795240546965
0.037137123474165
0.099993558357215
-0.001065759155080
0.022581260774109
0.125680509342180
0.048730991053485
-0.120782977930778
-0.203394748481988
-0.012939062147928
0.378760570555330
0.866361762656701
1.046940617635029
0.866361762656701
0.378760570555329
-0.012939062147791
-0.203394748481989
-0.120782977931668
0.048730991305387
0.125680509034765
0.022581261020443
-0.015591935268267
-0.079306388645112
-0.029493018371942
0.069560367305551
0.108249554424658
0.005419164541893
-0.169287749191585
-0.235005977638251
-0.029247070754161
0.395848775708740
0.850913774986122
0.999688829640806
0.791061674105043
0.300056421441792
-0.112579064918283
-0.229408899967730
-0.039592280352340
0.002037398995954
-0.061328078454786
-0.021140616215311
0.085638635815956
0.133206101477683
0.016204954108957
-0.143303954483077
-0.197031450691643
0.001474051051663
0.413186281803134
0.882093071646455
1.049455812198360
0.842437357076392
0.309110869092380
-0.077811017337020
-0.188409609805597
0.002037398995964
-0.003261965908376
0.037097715522930
0.011310574332635
-0.055442577841461
-0.081997109721865
-0.010545378563186
0.076969100283955
0.097918339642640
-0.003087414682577
-0.176313031389269
-0.224366334891343
-0.021102520649464
0.428661123910856
0.888805974969814
0.984389184403902
0.661687940401345
-0.003261965908372
0.010233425511004
0.050662963145966
0.018451722526277
-0.042881468334596
-0.064916771328957
-0.002945394692226
0.093618439775123
0.121940263150314
0.007235578971305
-0.148469992624115
-0.186954216147318
0.013397908487232
0.448615784157192
0.927163106286930
1.045569462131670
0.724711341351192
0.049642097915793
-0.003899808915934
-0.019093358028274
-0.006920299445489
0.016100911815877
0.024133214191024
0.001109249581718
-0.033969708286463
-0.043194656715902
-0.002051931407236
0.049147929192352
0.057823042125431
-0.003838112221918
-0.116883756813128
-0.145349414316612
0.035285702937595
0.427743459610481
0.975211282220004
0.001793912280151
-0.013477607758034
-0.003695841469039
0.021389857417082
0.031021458050491
0.004354330360444
-0.027244314180288
-0.034024431683448
0.001752785739581
0.058357890653518
0.071987845856573
0.002485138293441
-0.101350115644538
-0.114752893446823
0.070107336929128
0.464582522289985
1.001793912280153
