5
-1.000000000000000
-0.654653670707977
0.000000000000000
0.654653670707977
1.000000000000000
18
-1.000000000000000
-0.882352941176471
-0.764705882352941
-0.647058823529412
-0.529411764705882
-0.411764705882353
-0.294117647058824
-0.176470588235294
-0.058823529411765
0.058823529411765
0.176470588235294
0.294117647058824
0.411764705882353
0.529411764705882
0.647058823529412
0.764705882352941
0.882352941176471
1.000000000000000
0.974250952904060
0.487479358815554
0.168342332392581
-0.021652519929896
-0.113540124638047
-0.137483648471580
-0.116810284719308
-0.073249929988856
-0.023232497483749
0.020541136397390
0.050527002174077
0.062139060583566
0.054853569273672
0.032261739698697
0.001279532354086
-0.026813740632173
-0.036975331302356
-0.007496944911239
1.000474712274591
0.508782391410270
0.184445630691682
-0.009012657520961
-0.104627480090873
-0.131331880090261
-0.113510431574314
-0.071744679782411
-0.021902033930258
0.022896327202904
0.053401629031722
0.065063184838462
0.057386830187892
0.033892764036377
0.002441761150277
-0.024171735656045
-0.031377045232293
0.000474712274589
-0.000808454081255
0.612921270629516
0.920141515061881
0.999303720973029
0.920376651665561
0.743757373730361
0.519637789875764
0.285936610461497
0.078210285717222
-0.079836749133907
-0.176187322454243
-0.206044485539402
-0.176246221266491
-0.100882326138500
-0.006600347412438
0.070702344252188
0.090212058071513
-0.000808454081253
0.048618971468011
0.652211595865162
0.948043429601479
1.020057035147181
0.933028525318270
0.750964184396979
0.521354792555180
0.290288831963947
0.085567417377325
-0.071155251426088
-0.166894612157124
-0.197769116778846
-0.169428914369664
-0.097218564725249
-0.003379721848753
0.078088242026720
0.105496969610186
0.020765684812453
-0.035841851009673
-0.208349063923376
-0.167402355519812
0.003614096666651
0.247062139761452
0.501732734649329
0.729109044180504
0.898443562646780
0.988348148844572
0.988348148844572
0.898443562646781
0.729109044180505
0.501732734649330
0.247062139760043
0.003614096669174
-0.167402355522684
-0.208349063919281
-0.035841851014249
0.000446933932149
-0.180759225042090
-0.151338184157277
0.013632123785302
0.249469631136057
0.505941909975899
0.737067870405929
0.909080451468715
1.000443595402349
1.000443592446597
0.909080454280143
0.737067867951016
0.505941911947805
0.249469631136057
0.013632123785302
-0.151338184157277
-0.180759225042092
0.000446933932146
-0.000808454081253
0.090212058071513
0.070702344252188
-0.006600347412438
-0.100882326138500
-0.176246221266491
-0.206044485539402
-0.176187322454243
-0.079836749133907
0.078210285717222
0.285936610461497
0.519637789875764
0.743757373730361
0.920376651665561
0.999303720973029
0.920141515061881
0.612921270629516
-0.000808454081255
0.020765684812453
0.105496969610186
0.078088242026720
-0.003379721848753
-0.097218564725249
-0.169428914369664
-0.197769116778846
-0.166894612157124
-0.071155251426088
0.085567417377325
0.290288831963947
0.521354792555180
0.750964184396979
0.933028525318270
1.020057035147181
0.948043429601479
0.652211595865162
0.048618971468011
-0.007496944911239
-0.036975331302356
-0.026813740632173
0.001279532354086
0.032261739698697
0.054853569273672
0.062139060583566
0.050527002174077
0.020541136397390
-0.023232497483749
-0.073249929988856
-0.116810284719308
-0.137483648471580
-0.113540124638047
-0.021652519929896
0.168342332392581
0.487479358815554
0.974250952904060
0.000474712274589
-0.031377045232293
-0.024171735656045
0.002441761150277
0.033892764036377
0.057386830187892
0.065063184838462
0.053401629031722
0.022896327202904
-0.021902033930258
-0.071744679782411
-0.113510431574314
-0.131331880090261
-0.104627480090873
-0.009012657520961
0.184445630691682
0.508782391410270
1.000474712274591
