5
-1.000000000000000
-0.654653670707977
0.000000000000000
0.654653670707977
1.000000000000000
13
-1.000000000000000
-0.833333333333333
-0.666666666666667
-0.500000000000000
-0.333333333333333
-0.166666666666667
0.000000000000000
0.166666666666667
0.333333333333333
0.500000000000000
0.666666666666667
0.833333333333333
1.000000000000000
0.949143106474089
0.316454471429474
-0.009360312377446
-0.133618227983768
-0.130388790476056
-0.070185229543899
-0.000012939781676
0.048706561728395
0.061669750334277
0.039045304430612
-0.004106462634349
-0.040980589229329
-0.014265837686959
1.000533083160563
0.355443384772738
0.015433098765432
-0.116807533702183
-0.122923706962895
-0.067680334986553
0.003385513014304
0.054100679335152
0.067081521606660
0.042482762588661
-0.002568824894598
-0.031898745461362
0.000533083160561
-0.000937329788656
0.773557058621012
0.999041631952312
0.883275948547176
0.596733820804239
0.263444447929265
-0.016304781371527
-0.178627528161663
-0.210509841412178
-0.126361597133431
0.008205308091045
0.092294242819021
-0.000937329788653
0.095796859242657
0.844507502969934
1.039236793733016
0.907143054224015
0.601748867227623
0.271952975919210
0.000001000000000
-0.161336807582422
-0.194084591235893
-0.118227981154729
0.013011037013676
0.117853158781305
0.039603482605965
-0.070902834108094
-0.237430385178800
-0.038951502345605
0.308751409076663
0.657891301192723
0.908881407681750
0.999998999999999
0.908881407681750
0.657891301192724
0.308751409086426
-0.038951502361441
-0.237430385155191
-0.070902834133836
0.000647820821264
-0.189556613168723
-0.020250680360264
0.313740156105926
0.672377664167194
0.930647951996608
1.024604180577061
0.930647951996608
0.672377664170324
0.313740156104640
-0.020250680360277
-0.189556613168724
0.000647820821262
-0.000937329788653
0.092294242819021
0.008205308091045
-0.126361597133431
-0.210509841412178
-0.178627528161663
-0.016304781371527
0.263444447929265
0.596733820804239
0.883275948547176
0.999041631952312
0.773557058621012
-0.000937329788656
0.039603482605965
0.117853158781305
0.013011037013676
-0.118227981154729
-0.194084591235893
-0.161336807582422
0.000001000000000
0.271952975919210
0.601748867227623
0.907143054224015
1.039236793733016
0.844507502969934
0.095796859242657
-0.014265837686959
-0.040980589229329
-0.004106462634349
0.039045304430612
0.061669750334277
0.048706561728395
-0.000012939781676
-0.070185229543899
-0.130388790476056
-0.133618227983768
-0.009360312377446
0.316454471429474
0.949143106474089
0.000533083160561
-0.031898745461362
-0.002568824894598
0.042482762588661
0.067081521606660
0.054100679335152
0.003385513014304
-0.067680334986553
-0.122923706962895
-0.116807533702183
0.015433098765432
0.355443384772738
1.000533083160563
