8
-1.000000000000000
-0.871740148509605
-0.591700181433143
-0.209299217902479
0.209299217902479
0.591700181433142
0.871740148509605
1.000000000000000
16
-1.000000000000000
-0.931023126427461
-0.839046154472835
-0.704730799537256
-0.574459305424722
-0.412760792107403
-0.254187998953247
-0.088145581733093
0.088145581733093
0.254187998953247
0.412760792107403
0.574459305424722
0.704730799537256
0.839046154472835
0.931023126427461
1.000000000000000
0.938736314215626
0.234285534238961
-0.140967455273831
-0.124583981318788
0.013053394633770
0.063395676184078
0.015901467534525
-0.044402776534391
-0.034575876180353
0.010014411354375
0.026107150748986
0.003123670418104
-0.023223667073847
-0.011553072716748
0.010301100828461
-0.000361360971235
1.002943380909987
0.294129061469695
-0.079395997018522
-0.097080010283944
0.032604356256802
0.083258116776088
0.020301540522813
-0.031037704765781
-0.025474060604916
0.016720006402465
0.035966975929928
0.007641216489750
-0.014448331157297
-0.004124554855702
0.016825677428757
0.009722179396551
-0.005254940741957
0.831237395120035
0.960205335584045
0.413863707517763
-0.120657169246831
-0.248001899509577
-0.056140550813617
0.090819417074678
0.072981687778864
-0.042942062374009
-0.093275679338277
-0.017494714500562
0.040426686417758
0.013197201102203
-0.041284820780368
-0.022930651722827
0.106122515024417
0.946065433327954
1.042217104074756
0.431969323222161
-0.045387575343548
-0.196843314651171
-0.044506797746258
0.126377841101753
0.094512926386994
-0.026743727801894
-0.069372137154019
-0.007819094812531
0.061470522475612
0.030384603042807
-0.026406273675520
0.001334994567971
-0.072391479023331
-0.266473399339185
0.144503782386004
0.805826322273036
0.995800618841909
0.642896243030987
0.082460052062598
-0.249085674265518
-0.163872025616423
0.046097587520399
0.113540127339244
0.012619641466656
-0.094896610273349
-0.044944684351587
0.040294086909952
-0.001495845433934
0.002969831218518
-0.184781594175063
0.177372453893529
0.863520644116693
1.075154869980892
0.685769037430743
0.120815624409561
-0.187481583187485
-0.137512505437249
0.068349665915747
0.145773446591930
0.021081691327067
-0.067713584045285
-0.025096439884562
0.057228930295483
0.029326954786343
-0.001493298076184
0.095528647186895
-0.101761481203458
-0.266539974053247
0.024759895732928
0.621598935626063
0.980210960051453
0.864993901363480
0.339777727607030
-0.148191096455453
-0.244756219956861
-0.029933651075277
0.108785306032121
0.040603542159320
-0.081336978770978
-0.039076007809290
0.056500770495502
0.128638830903831
-0.068530650097193
-0.202172064861332
0.052632855753155
0.654027490466031
1.054620137829954
0.920585018296842
0.356157742535483
-0.094296923275480
-0.202724106469049
-0.019675930000249
0.147427125315286
0.064808027293976
-0.059907494796047
0.001463722004002
-0.039076007809290
-0.081336978770978
0.040603542159320
0.108785306032121
-0.029933651075277
-0.244756219956861
-0.148191096455453
0.339777727607030
0.864993901363480
0.980210960051453
0.621598935626063
0.024759895732928
-0.266539974053247
-0.101761481203458
0.095528647186895
-0.001493298076184
0.001463722004002
-0.059907494796047
0.064808027293976
0.147427125315286
-0.019675930000249
-0.202724106469049
-0.094296923275480
0.356157742535483
0.920585018296842
1.054620137829954
0.654027490466031
0.052632855753155
-0.202172064861332
-0.068530650097193
0.128638830903831
0.056500770495502
-0.001495845433934
0.040294086909952
-0.044944684351587
-0.094896610273349
0.012619641466656
0.113540127339244
0.046097587520399
-0.163872025616423
-0.249085674265518
0.082460052062598
0.642896243030987
0.995800618841909
0.805826322273036
0.144503782386004
-0.266473399339185
-0.072391479023331
0.029326954786343
0.057228930295483
-0.025096439884562
-0.067713584045285
0.021081691327067
0.145773446591930
0.068349665915747
-0.137512505437249
-0.187481583187485
0.120815624409561
0.685769037430743
1.075154869980892
0.863520644116693
0.177372453893529
-0.184781594175063
0.002969831218518
-0.022930651722827
-0.041284820780368
0.013197201102203
0.040426686417758
-0.017494714500562
-0.093275679338277
-0.042942062374009
0.072981687778864
0.090819417074678
-0.056140550813617
-0.248001899509577
-0.120657169246831
0.413863707517763
0.960205335584045
0.831237395120035
-0.005254940741957
0.001334994567971
-0.026406273675520
0.030384603042807
0.061470522475612
-0.007819094812531
-0.069372137154019
-0.026743727801894
0.094512926386994
0.126377841101753
-0.044506797746258
-0.196843314651171
-0.045387575343548
0.431969323222161
1.042217104074756
0.946065433327954
0.106122515024417
-0.000361360971235
0.010301100828461
-0.011553072716748
-0.023223667073847
0.003123670418104
0.026107150748986
0.010014411354375
-0.034575876180353
-0.044402776534391
0.015901467534525
0.063395676184078
0.013053394633770
-0.124583981318788
-0.140967455273831
0.234285534238961
0.938736314215626
0.009722179396551
0.016825677428757
-0.004124554855702
-0.014448331157297
0.007641216489750
0.035966975929928
0.016720006402465
-0.025474060604916
-0.031037704765781
0.020301540522813
0.083258116776088
0.032604356256802
-0.097080010283944
-0.079395997018522
0.294129061469695
1.002943380909987
