7
-1.000000000000000
-0.830223896278567
-0.468848793470714
0.000000000000000
0.468848793470714
0.830223896278567
1.000000000000000
4
-1.000000000000000
-0.223916205077586
0.223916205077586
1.000000000000000
-0.161975420903818
-0.085507364790489
-0.039094954512290
-0.013009399219457
1.000002130232983
0.061458132178085
-0.004094986778545
0.051791542909495
-0.000003150664376
-0.221140825955097
0.040037686056552
-0.169891084534244
1.397757492083698
-0.177996125876621
0.182175184370180
0.027913284841401
-0.276813487781724
0.503058203594294
-0.511145429260086
-0.028581026086853
0.442415624332721
1.306137973687073
-0.169237343487032
0.411638460449945
-0.748873863005905
0.288712107289704
0.288712031397554
-0.748873756982308
0.034747716729990
1.000001000000001
1.000001000000002
0.034747710975101
-0.028581026086853
-0.511145429260086
0.503058203594294
-0.276813487781724
0.411638460449945
-0.169237343487032
1.306137973687073
0.442415624332721
-0.169891084534244
0.040037686056552
-0.221140825955097
-0.000003150664376
0.027913284841401
0.182175184370180
-0.177996125876621
1.397757492083698
-0.013009399219457
-0.039094954512290
-0.085507364790489
-0.161975420903818
0.051791542909495
-0.004094986778545
0.061458132178085
1.000002130232983
