6
-1.000000000000000
-0.765055323929465
-0.285231516480645
0.285231516480645
0.765055323929466
1.000000000000000
5
-1.000000000000000
-0.774596669241483
0.000000000000000
0.774596669241483
1.000000000000000
0.883818515155672
-0.191415324482048
0.028299491134680
-0.078568858408411
-0.000008538950961
1.001641466402652
0.017746966692413
0.068561475519957
0.004206366485095
0.052638186374625
-0.000002054654126
0.842402657567297
-0.491006310082170
-0.006431449264907
-0.145233173425323
0.540659740375845
1.079185126707631
-0.177280806692204
0.318811382183278
0.000010073031438
-0.494898307749936
-0.028326702266627
0.439725540328763
-0.762964049918329
-0.000008482472781
0.000003062867985
0.831061632094317
1.107661263581321
0.011264302572757
0.254309399325145
-0.000008482472781
-0.762964049918329
0.439725540328763
-0.028326702266627
-0.494898307749936
0.254309399325145
0.011264302572757
1.107661263581321
0.831061632094317
0.000003062867985
-0.145233173425323
-0.006431449264907
-0.491006310082170
0.842402657567297
-0.000002054654126
0.000010073031438
0.318811382183278
-0.177280806692204
1.079185126707631
0.540659740375845
-0.000008538950961
-0.078568858408411
0.028299491134680
-0.191415324482048
0.883818515155672
0.052638186374625
0.004206366485095
0.068561475519957
0.017746966692413
1.001641466402652
