7
-1.000000000000000
-0.830223896278567
-0.468848793470714
0.000000000000000
0.468848793470714
0.830223896278567
1.000000000000000
17
-1.000000000000000
-0.875000000000000
-0.750000000000000
-0.625000000000000
-0.500000000000000
-0.375000000000000
-0.250000000000000
-0.125000000000000
0.000000000000000
0.125000000000000
0.250000000000000
0.375000000000000
0.500000000000000
0.625000000000000
0.750000000000000
0.875000000000000
1.000000000000000
0.873691186314087
0.061758040356803
-0.143826100721547
-0.118766246582815
-0.020534569457898
0.046175106756417
0.063551856445311
0.039805336369796
-0.001553940623724
-0.034503983797814
-0.041610080125298
-0.022717188957353
0.006744701706897
0.024625979187412
0.016723070152282
-0.015339077448462
-0.015284635897696
1.002079544180690
0.141017244888306
-0.115704242511182
-0.104977365799745
-0.014679826788365
0.055678837026830
0.070818146487066
0.044376090226875
0.002053750602291
-0.028964113900633
-0.036132244893361
-0.018933806106715
0.010020884666785
0.030990894910889
0.021752529065532
-0.007378806646763
0.002079544180687
-0.003285373830917
0.949173324788167
0.880508254471824
0.460613629253167
0.045922449637629
-0.179269119819909
-0.218848305914710
-0.127000423394327
-0.003203550671371
0.084867020759302
0.103327600158414
0.054514401630743
-0.025105178465210
-0.081072919584758
-0.055744693951405
0.021794287671061
-0.003285373830920
0.231680051134794
1.086270634905094
0.912355312676821
0.473409137240582
0.074868609829246
-0.152869007723815
-0.197976890793593
-0.119002591423446
0.005247016503348
0.098345255028563
0.115969040968204
0.062371720199149
-0.018239523810484
-0.066197798464654
-0.044546443299849
0.040770104223535
0.040375248372072
-0.164440953431373
-0.214353616347865
0.314439398583040
0.772621550922111
0.991145764856405
0.926413597394632
0.655404742894925
0.298582797912920
-0.018752395817707
-0.197687481504781
-0.216952535084258
-0.108866502660610
0.031398546347087
0.110067982096412
0.072198605558194
-0.064522027683754
-0.062743883579046
0.001513193970757
-0.130680740026377
0.322850534018688
0.810704840790392
1.028976518667015
0.956840990860738
0.666571614436138
0.307200474768719
0.001075001208143
-0.175568536650462
-0.198563512572770
-0.101567419173130
0.040054661280869
0.130642186476629
0.085927531758082
-0.038248620300629
0.001513193970751
-0.000851626658434
0.064132521343880
-0.144898881725507
-0.238513345897991
-0.088465838247822
0.237172630572537
0.609536608504822
0.892901121731662
0.999999000000002
0.892901121731668
0.609536608498784
0.237172631169654
-0.088465839022015
-0.238513344990524
-0.144898882469077
0.064132521350643
-0.000851626658431
0.097421628288514
0.104803807320382
-0.125082861314794
-0.205157233642575
-0.065366227903874
0.246833051109211
0.621450846337010
0.918653397014529
1.028128643047303
0.918653397014529
0.621450846337349
0.246833051109211
-0.065366227903874
-0.205157233642574
-0.125082861314792
0.104803807320413
0.097421628288483
-0.062743883579046
-0.064522027683754
0.072198605558194
0.110067982096412
0.031398546347087
-0.108866502660610
-0.216952535084258
-0.197687481504781
-0.018752395817707
0.298582797912920
0.655404742894925
0.926413597394632
0.991145764856405
0.772621550922111
0.314439398583040
-0.214353616347865
-0.164440953431373
0.001513193970751
-0.038248620300629
0.085927531758082
0.130642186476629
0.040054661280869
-0.101567419173130
-0.198563512572770
-0.175568536650462
0.001075001208143
0.307200474768719
0.666571614436138
0.956840990860738
1.028976518667015
0.810704840790392
0.322850534018688
-0.130680740026377
0.001513193970757
-0.003285373830920
0.021794287671061
-0.055744693951405
-0.081072919584758
-0.025105178465210
0.054514401630743
0.103327600158414
0.084867020759302
-0.003203550671371
-0.127000423394327
-0.218848305914710
-0.179269119819909
0.045922449637629
0.460613629253167
0.880508254471824
0.949173324788167
-0.003285373830917
0.040375248372072
0.040770104223535
-0.044546443299849
-0.066197798464654
-0.018239523810484
0.062371720199149
0.115969040968204
0.098345255028563
0.005247016503348
-0.119002591423446
-0.197976890793593
-0.152869007723815
0.074868609829246
0.473409137240582
0.912355312676821
1.086270634905094
0.231680051134794
-0.015284635897696
-0.015339077448462
0.016723070152282
0.024625979187412
0.006744701706897
-0.022717188957353
-0.041610080125298
-0.034503983797814
-0.001553940623724
0.039805336369796
0.063551856445311
0.046175106756417
-0.020534569457898
-0.118766246582815
-0.143826100721547
0.061758040356803
0.873691186314087
0.002079544180687
-0.007378806646763
0.021752529065532
0.030990894910889
0.010020884666785
-0.018933806106715
-0.036132244893361
-0.028964113900633
0.002053750602291
0.044376090226875
0.070818146487066
0.055678837026830
-0.014679826788365
-0.104977365799745
-0.115704242511182
0.141017244888306
1.002079544180690
