6
-1.000000000000000
-0.765055323929465
-0.285231516480645
0.285231516480645
0.765055323929466
1.000000000000000
16
-1.000000000000000
-0.916984528381046
-0.824868650662711
-0.710906411542039
-0.576339903904571
-0.420329658244980
-0.260322527228290
-0.098040899847387
0.098040899847387
0.260322527228290
0.420329658244980
0.576339903904571
0.710906411542039
0.824868650662711
0.916984528381046
1.000000000000000
0.969814142800067
0.464989830556057
0.110541556115163
-0.100681667710286
-0.145548635014448
-0.076568451297023
0.011556068617283
0.059524617699174
0.048786065873065
0.005772536103575
-0.034488022222074
-0.039959993080788
-0.014034938048070
0.012971525034924
0.021122345103386
-0.000173271972209
1.001145374132774
0.488344381106093
0.136645342561537
-0.075602218387343
-0.130432775313788
-0.071475982680377
0.017052732133150
0.069949706852958
0.057342880674317
0.007944909645619
-0.028560383268919
-0.034248864907882
-0.011722268697452
0.015778951806602
0.026380853938576
0.006328977395762
-0.002096690929668
0.635779618966618
0.951430192280012
0.966965442012784
0.700703122758670
0.271775867728060
-0.065308181139024
-0.221724709375461
-0.171761546999348
-0.021980430890613
0.082724333694224
0.097007372065826
0.033438484290491
-0.042242105136741
-0.070557245653072
-0.015994299350528
0.055304865348247
0.679618789277819
0.994724567971362
1.006173506842513
0.714434765419831
0.291238357226559
-0.040590514755360
-0.191786250540553
-0.147849366322159
-0.015976168449358
0.098776767829094
0.111690281334345
0.038570324460026
-0.035421853204918
-0.057299061573379
0.000530263872212
-0.042361183739101
-0.214782556057256
-0.153068139918761
0.136970352618375
0.551005213306133
0.898798520756447
0.996650542325622
0.827060723478560
0.401314782668625
0.025169262956864
-0.200112955400923
-0.210325381277858
-0.066695757546639
0.061541431520557
0.097152076258393
-0.000821627952881
0.001349985818579
-0.185127689705296
-0.127188945498380
0.150238803705643
0.569127312875301
0.937791773554059
1.031474086435109
0.854421537870479
0.412951618461625
0.046475343109259
-0.171311231924761
-0.185467632855477
-0.062376140674342
0.072218767932114
0.116257010474207
0.024649524112558
-0.000821627952881
0.097152076258393
0.061541431520557
-0.066695757546639
-0.210325381277858
-0.200112955400923
0.025169262956864
0.401314782668625
0.827060723478560
0.996650542325622
0.898798520756447
0.551005213306133
0.136970352618375
-0.153068139918761
-0.214782556057256
-0.042361183739101
0.024649524112558
0.116257010474207
0.072218767932114
-0.062376140674342
-0.185467632855477
-0.171311231924761
0.046475343109259
0.412951618461625
0.854421537870479
1.031474086435109
0.937791773554059
0.569127312875301
0.150238803705643
-0.127188945498380
-0.185127689705296
0.001349985818579
-0.015994299350528
-0.070557245653072
-0.042242105136741
0.033438484290491
0.097007372065826
0.082724333694224
-0.021980430890613
-0.171761546999348
-0.221724709375461
-0.065308181139024
0.271775867728060
0.700703122758670
0.966965442012784
0.951430192280012
0.635779618966618
-0.002096690929668
0.000530263872212
-0.057299061573379
-0.035421853204918
0.038570324460026
0.111690281334345
0.098776767829094
-0.015976168449358
-0.147849366322159
-0.191786250540553
-0.040590514755360
0.291238357226559
0.714434765419831
1.006173506842513
0.994724567971362
0.679618789277819
0.055304865348247
-0.000173271972209
0.021122345103386
0.012971525034924
-0.014034938048070
-0.039959993080788
-0.034488022222074
0.005772536103575
0.048786065873065
0.059524617699174
0.011556068617283
-0.076568451297023
-0.145548635014448
-0.100681667710286
0.110541556115163
0.464989830556057
0.969814142800067
0.006328977395762
0.026380853938576
0.015778951806602
-0.011722268697452
-0.034248864907882
-0.028560383268919
0.007944909645619
0.057342880674317
0.069949706852958
0.017052732133150
-0.071475982680377
-0.130432775313788
-0.075602218387343
0.136645342561537
0.488344381106093
1.001145374132774
