4
-1.000000000000000
-0.447213595499958
0.447213595499958
1.000000000000000
9
-1.000000000000000
-0.923879532511287
-0.707106781186548
-0.382683432365090
-0.000000000000000
0.382683432365090
0.707106781186547
0.923879532511287
1.000000000000000
0.999890020660028
0.771184062110015
0.280465424953018
-0.094062681491197
-0.150147354657372
-0.020760097931922
0.054916478527523
0.030986916612757
-0.000109979339972
1.000351418184539
0.786192036604549
0.320162141439621
-0.046278616200185
-0.124807865780738
-0.015838880671931
0.072333803457998
0.037459684756518
0.000384158157073
-0.000609347159073
0.280021479998502
0.806503668932237
0.989964182612553
0.624510919687888
0.043477577824813
-0.236942640557323
-0.115397104090885
-0.000711935564652
0.000345312812579
0.308723465074173
0.880563497688855
1.070355696074591
0.652538967049778
0.077008386313670
-0.181604884401309
-0.097223028717736
0.000345312812578
-0.000711935564652
-0.115397104090885
-0.236942640557323
0.043477577824813
0.624510919687888
0.989964182612553
0.806503668932237
0.280021479998502
-0.000609347159073
0.000345312812578
-0.097223028717736
-0.181604884401309
0.077008386313670
0.652538967049778
1.070355696074591
0.880563497688855
0.308723465074173
0.000345312812579
-0.000109979339972
0.030986916612757
0.054916478527523
-0.020760097931922
-0.150147354657372
-0.094062681491197
0.280465424953018
0.771184062110015
0.999890020660028
0.000384158157073
0.037459684756518
0.072333803457998
-0.015838880671931
-0.124807865780738
-0.046278616200185
0.320162141439621
0.786192036604549
1.000351418184539
