8
-1.000000000000000
-0.871740148509605
-0.591700181433143
-0.209299217902479
0.209299217902479
0.591700181433143
0.871740148509605
1.000000000000000
5
-1.000000000000000
-0.654653670707977
0.000000000000000
0.654653670707977
1.000000000000000
-0.013119329286504
-0.206405766504580
-0.039063500000000
-0.017381135599892
-0.021939464406508
1.000003321758922
0.053321044148791
0.086174947483855
-0.003236786187884
0.014169517230453
-0.000004908097530
-0.217873609672576
-0.169974263387093
-0.016059319282078
-0.031946229332277
1.611164074701931
0.291809361872658
0.108841023398811
0.045663393356258
0.057363077773461
-0.555047798379582
0.937489076131705
-0.444704919691964
-0.062552148994879
-0.119948958109330
0.000005363000872
1.189942238535359
-0.063129460228238
0.265349984772754
0.016015179698645
-0.255572135204073
-0.195956645162364
0.292297235657189
-0.712900515289865
-0.004046827468977
0.036703597515869
0.591711563206280
1.227251942183735
0.090358985327904
0.223140961348482
-0.004046827468977
-0.712900515289865
0.292297235657189
-0.195956645162364
-0.255572135204073
0.223140961348482
0.090358985327904
1.227251942183735
0.591711563206280
0.036703597515869
-0.119948958109330
-0.062552148994879
-0.444704919691964
0.937489076131705
-0.555047798379582
0.016015179698645
0.265349984772754
-0.063129460228238
1.189942238535359
0.000005363000872
-0.031946229332277
-0.016059319282078
-0.169974263387093
-0.217873609672576
-0.000004908097530
0.057363077773461
0.045663393356258
0.108841023398811
0.291809361872658
1.611164074701931
-0.021939464406508
-0.017381135599892
-0.039063500000000
-0.206405766504580
-0.013119329286504
0.014169517230453
-0.003236786187884
0.086174947483855
0.053321044148791
1.000003321758922
