7
-1.000000000000000
-0.830223896278567
-0.468848793470714
0.000000000000000
0.468848793470714
0.830223896278567
1.000000000000000
17
-1.000000000000000
-0.973132176630162
-0.910879995918609
-0.815696251218936
-0.691028980629032
-0.541385399329780
-0.372174433565508
-0.189511973518317
-0.000000000000000
0.189511973518318
0.372174433565472
0.541385399330124
0.691028980627669
0.815696251221731
0.910879995915640
0.973132176631392
1.000000000000000
0.999090733861249
0.725272019602882
0.269588413750669
-0.075245064076535
-0.156057822212976
-0.050833197283485
0.047165087712945
0.055672882011919
-0.003902220380197
-0.047611348674598
-0.024988887668791
0.014653118648827
0.023863095363085
0.002829039755183
-0.017855241097809
-0.012542457545450
-0.000334603294971
1.001618985997333
0.743044057673366
0.307466995733843
-0.031104802759257
-0.130496674688947
-0.045469774375776
0.064720097528982
0.066414933180398
0.001589703616234
-0.036493038745569
-0.020003011810068
0.020314436333224
0.031235215717284
0.005323137473204
-0.012822722005851
-0.008582843317642
0.001618985997331
-0.002881495434202
0.334891177554840
0.819120256572057
0.992837483539108
0.701326567680865
0.154606419789977
-0.212956157685139
-0.197130266238746
-0.002764399389035
0.104313782165346
0.056600399412601
-0.053710155541585
-0.082194340371239
-0.012609611605645
0.035335208664701
0.024030656932178
-0.002881495434204
0.001860800468120
0.368976399660318
0.884832796034350
1.063449569358082
0.724532597152732
0.191952454345180
-0.155871534320022
-0.169739603386293
0.012803177777990
0.134193274559146
0.068073626196778
-0.039579597969433
-0.063824784976744
-0.007287286644047
0.047370702937183
0.033220027147238
0.001017931845736
-0.002391631345241
-0.139307593326298
-0.234607908407329
0.028985024854616
0.550280941331997
0.950757845077694
0.922317762962259
0.485127670743275
-0.044282763617324
-0.253922868793920
-0.118901002006773
0.067694017915442
0.105069377670786
0.011924829674439
-0.074554488055560
-0.051043874900808
-0.001141240669711
0.001684525781529
-0.118360440613746
-0.186655389203409
0.053612506091747
0.580611594813361
1.019937150564774
0.980851815229611
0.497434174982907
0.001076027784450
-0.205703608498477
-0.104446298090601
0.088693948837446
0.131293255928642
0.016673128473497
-0.058548183285766
-0.040342628685644
0.001684525781522
-0.001242398358742
0.064921654788375
0.095762592331798
-0.026362328582689
-0.222311423251232
-0.186279433647552
0.237969721760109
0.763646497633569
0.999999000000002
0.763646497633568
0.237969721573188
-0.186279433379496
-0.222311423470676
-0.026362328497144
0.095762592327281
0.064921654785347
-0.001242398358739
0.001295412144396
0.078530618466465
0.120500137310338
-0.019400249756666
-0.188171030482042
-0.135193079463535
0.254935813470744
0.805046535125351
1.073514120629318
0.805046535125349
0.254935813470827
-0.135193079463653
-0.188171030484088
-0.019400249689603
0.120500137203106
0.078530618540039
0.001295412122200
-0.001141240669711
-0.051043874900808
-0.074554488055560
0.011924829674439
0.105069377670786
0.067694017915442
-0.118901002006773
-0.253922868793920
-0.044282763617324
0.485127670743275
0.922317762962259
0.950757845077694
0.550280941331997
0.028985024854616
-0.234607908407329
-0.139307593326298
-0.002391631345241
0.001684525781522
-0.040342628685644
-0.058548183285766
0.016673128473497
0.131293255928642
0.088693948837446
-0.104446298090601
-0.205703608498477
0.001076027784450
0.497434174982907
0.980851815229611
1.019937150564774
0.580611594813361
0.053612506091747
-0.186655389203409
-0.118360440613746
0.001684525781529
-0.002881495434204
0.024030656932178
0.035335208664701
-0.012609611605645
-0.082194340371239
-0.053710155541585
0.056600399412601
0.104313782165346
-0.002764399389035
-0.197130266238746
-0.212956157685139
0.154606419789977
0.701326567680865
0.992837483539108
0.819120256572057
0.334891177554840
-0.002881495434202
0.001017931845736
0.033220027147238
0.047370702937183
-0.007287286644047
-0.063824784976744
-0.039579597969433
0.068073626196778
0.134193274559146
0.012803177777990
-0.169739603386293
-0.155871534320022
0.191952454345180
0.724532597152732
1.063449569358082
0.884832796034350
0.368976399660318
0.001860800468120
-0.000334603294971
-0.012542457545450
-0.017855241097809
0.002829039755183
0.023863095363085
0.014653118648827
-0.024988887668791
-0.047611348674598
-0.003902220380197
0.055672882011919
0.047165087712945
-0.050833197283485
-0.156057822212976
-0.075245064076535
0.269588413750669
0.725272019602882
0.999090733861249
0.001618985997331
-0.008582843317642
-0.012822722005851
0.005323137473204
0.031235215717284
0.020314436333224
-0.020003011810068
-0.036493038745569
0.001589703616234
0.066414933180398
0.064720097528982
-0.045469774375776
-0.130496674688947
-0.031104802759257
0.307466995733843
0.743044057673366
1.001618985997333
