5
-1.000000000000000
-0.654653670707977
0.000000000000000
0.654653670707977
1.000000000000000
19
-1.000000000000000
-0.984807753012208
-0.939692620785908
-0.866025403784439
-0.766044443118978
-0.642787609686539
-0.500000000000000
-0.342020143325669
-0.173648177666930
-0.000000000000000
0.173648177666930
0.342020143325668
0.500000000000000
0.642787609686539
0.766044443118978
0.866025403784438
0.939692620785908
0.984807753012208
1.000000000000000
0.999920543319267
0.923954932051860
0.718599367701166
0.443055340540562
0.172104101252401
-0.030200569872107
-0.130356710237010
-0.133031695718368
-0.073038878331997
-0.000034369883284
0.049994277010423
0.061355550420078
0.039021677173975
0.002436602153240
-0.027356609836586
-0.035166701166253
-0.024373940117027
-0.007628401002269
-0.000079456680734
1.000791914761113
0.926000038934356
0.725125789157787
0.454830040010802
0.187596356008941
-0.014223966668698
-0.116924301908822
-0.124826303186548
-0.070647860612847
0.003473062180484
0.055839728411571
0.066254064908705
0.041858341561953
0.003495409015919
-0.024423836321983
-0.032239730151499
-0.022145969001187
-0.006733284302276
0.000624305077002
-0.001341933020743
0.099023972510136
0.357276982007209
0.671668051947397
0.917639838108959
0.999188772037615
0.883527574325330
0.613921457481983
0.276426072649625
-0.017296512550058
-0.183856837283825
-0.207568148390402
-0.124783935476556
-0.009784506903486
0.071353889035033
0.092803759796339
0.063349254132570
0.019479895199530
-0.001096943843547
0.000303885731147
0.102857746726464
0.369751500222858
0.692989441685364
0.945186364982993
1.024875929999579
0.902420920362735
0.620330043315137
0.284994089581364
0.000001000000000
-0.165276264556480
-0.192715042597904
-0.118210230513267
-0.006598295228511
0.079567277232911
0.100734491072882
0.069165964663059
0.021601100517365
0.000303885731149
-0.000566621426569
-0.041165510420456
-0.132735437364798
-0.202424688754557
-0.168818300659124
0.008676607148476
0.310196986089812
0.641683165107535
0.901298682897046
0.999998999999999
0.901298682897047
0.641683165107535
0.310196986046185
0.008676607226098
-0.168818300738569
-0.202424688680586
-0.132735437420938
-0.041165510387090
-0.000566621426572
0.000856461005916
-0.038048095725804
-0.123874852006161
-0.187330964789343
-0.152435148935171
0.021081407770909
0.313012880903634
0.654250762916651
0.924130366264007
1.026461893006994
0.924130366262545
0.654250762917819
0.313012880902544
0.021081407770982
-0.152435148935171
-0.187330964789345
-0.123874852006121
-0.038048095725196
0.000856460998955
-0.001096943843547
0.019479895199530
0.063349254132570
0.092803759796339
0.071353889035033
-0.009784506903486
-0.124783935476556
-0.207568148390402
-0.183856837283825
-0.017296512550058
0.276426072649625
0.613921457481983
0.883527574325330
0.999188772037615
0.917639838108959
0.671668051947397
0.357276982007209
0.099023972510136
-0.001341933020743
0.000303885731149
0.021601100517365
0.069165964663059
0.100734491072882
0.079567277232911
-0.006598295228511
-0.118210230513267
-0.192715042597904
-0.165276264556480
0.000001000000000
0.284994089581364
0.620330043315137
0.902420920362735
1.024875929999579
0.945186364982993
0.692989441685364
0.369751500222858
0.102857746726464
0.000303885731147
-0.000079456680734
-0.007628401002269
-0.024373940117027
-0.035166701166253
-0.027356609836586
0.002436602153240
0.039021677173975
0.061355550420078
0.049994277010423
-0.000034369883284
-0.073038878331997
-0.133031695718368
-0.130356710237010
-0.030200569872107
0.172104101252401
0.443055340540562
0.718599367701166
0.923954932051860
0.999920543319267
0.000624305077002
-0.006733284302276
-0.022145969001187
-0.032239730151499
-0.024423836321983
0.003495409015919
0.041858341561953
0.066254064908705
0.055839728411571
0.003473062180484
-0.070647860612847
-0.124826303186548
-0.116924301908822
-0.014223966668698
0.187596356008941
0.454830040010802
0.725125789157787
0.926000038934356
1.000791914761113
