8
-1.000000000000000
-0.871740148509605
-0.591700181433143
-0.209299217902479
0.209299217902479
0.591700181433143
0.871740148509605
1.000000000000000
5
-1.000000000000000
-0.500000000000000
0.000000000000000
0.500000000000000
1.000000000000000
-0.143926752459116
-0.118225821269881
-0.039395741745850
-0.001552462345597
-0.040046853336888
1.000003315136920
0.069781343829424
0.033839432200916
0.024886528254126
0.009856430126718
-0.000005812977783
-0.239841378102476
-0.001143559430741
-0.094942279455579
-0.022601979536946
1.493610846855550
-0.114684618243148
0.141233175179466
-0.003228394577178
0.116433917414186
-0.347118762077349
0.777359878734178
-0.566565785182790
0.035752379807933
-0.235154846205325
0.148571651643032
1.299577964181372
-0.204028353469557
0.291885722707977
0.022231401413278
-0.616789295740714
0.060771280603172
0.427048086963692
-0.603867065501407
-0.020157430988947
0.039066865877350
0.802670756981200
1.165119000415763
-0.072527720762940
0.405619408493477
-0.020157430988947
-0.603867065501407
0.427048086963692
0.060771280603172
-0.616789295740714
0.405619408493477
-0.072527720762940
1.165119000415763
0.802670756981200
0.039066865877350
-0.235154846205325
0.035752379807933
-0.566565785182790
0.777359878734178
-0.347118762077349
0.022231401413278
0.291885722707977
-0.204028353469557
1.299577964181372
0.148571651643032
-0.022601979536946
-0.094942279455579
-0.001143559430741
-0.239841378102476
-0.000005812977783
0.116433917414186
-0.003228394577178
0.141233175179466
-0.114684618243148
1.493610846855550
-0.040046853336888
-0.001552462345597
-0.039395741745850
-0.118225821269881
-0.143926752459116
0.009856430126718
0.024886528254126
0.033839432200916
0.069781343829424
1.000003315136920
