4
-1.000000000000000
-0.447213595499958
0.447213595499958
1.000000000000000
11
-1.000000000000000
-0.968160239507626
-0.836031107326636
-0.613371432700590
-0.324253423403809
0.000000000000000
0.324253423403809
0.613371432700590
0.836031107326636
0.968160239507626
1.000000000000000
0.999963211743854
0.902749814523924
0.553782360326576
0.146157471590745
-0.109958600977248
-0.142817818639399
-0.041327869345784
0.042582394716291
0.051130576635407
0.014664140285111
-0.000036788256145
1.000311153043670
0.907246359483571
0.572774513929897
0.177905267347368
-0.078510440952823
-0.124828923180963
-0.038719811875588
0.053309809852088
0.059450455364107
0.017267088094425
0.000311153043670
-0.000462108403505
0.123607629813277
0.539607080629719
0.924294791588370
0.964799105411999
0.624651311549863
0.134550937447886
-0.183081776698002
-0.187475163688739
-0.052932844819061
-0.000462108403506
0.000138208754447
0.131908993678505
0.576149745287907
0.980988346513390
1.016967761666954
0.643478487599540
0.153775541351638
-0.144831988513564
-0.163561706056557
-0.045567664443493
0.000138208754446
-0.000462108403506
-0.052932844819061
-0.187475163688739
-0.183081776698002
0.134550937447886
0.624651311549863
0.964799105411999
0.924294791588370
0.539607080629719
0.123607629813277
-0.000462108403505
0.000138208754446
-0.045567664443493
-0.163561706056557
-0.144831988513564
0.153775541351638
0.643478487599540
1.016967761666954
0.980988346513390
0.576149745287907
0.131908993678505
0.000138208754447
-0.000036788256145
0.014664140285111
0.051130576635407
0.042582394716291
-0.041327869345784
-0.142817818639399
-0.109958600977248
0.146157471590745
0.553782360326576
0.902749814523924
0.999963211743854
0.000311153043670
0.017267088094425
0.059450455364107
0.053309809852088
-0.038719811875588
-0.124828923180963
-0.078510440952823
0.177905267347368
0.572774513929897
0.907246359483571
1.000311153043670
