8
-1.000000000000000
-0.871740148509605
-0.591700181433143
-0.209299217902479
0.209299217902479
0.591700181433143
0.871740148509605
1.000000000000000
16
-1.000000000000000
-0.969568046269720
-0.899200533094528
-0.792008291861017
-0.652388702882773
-0.486059421887093
-0.299830468900765
-0.101326273521950
0.101326273521949
0.299830468900764
0.486059421887142
0.652388702882451
0.792008291861938
0.899200533093325
0.969568046270279
1.000000000000000
0.998022460642894
0.592240953448299
0.039459323686926
-0.175907621394374
-0.055290739802380
0.057148576338132
0.034801261997972
-0.044108919191239
-0.034491918279030
0.018694092645633
0.019627835555912
-0.015622510469197
-0.021205939260025
0.005612150598519
0.009555632124447
-0.000222196515282
1.001844219525257
0.629885719084910
0.108529971741212
-0.127209824727588
-0.045500103157971
0.084302689527268
0.043111990412457
-0.029744613588869
-0.023932024129570
0.028058886933041
0.028960497172237
-0.009438409293050
-0.013143026167904
0.009195030569407
0.016183607463177
0.001877229319354
-0.003161404330138
0.473131720828832
0.967637073695951
0.813420934756220
0.145711288274799
-0.268968745874488
-0.120421602527643
0.086338128386899
0.067698796216256
-0.073871533589104
-0.075126726405180
0.026553133492917
0.036048021219596
-0.022299471228387
-0.040454350092002
-0.003241850569072
0.004667322898859
0.541434214513581
1.085972845546917
0.869055073928782
0.205443438673161
-0.184609254047661
-0.103080130490610
0.128342928000459
0.091940647742667
-0.049933339175596
-0.051727109089385
0.041611893772838
0.055956915173757
-0.014159947947107
-0.024362153765543
0.001041512195023
-0.002416700795266
-0.217136356961054
-0.162981358808828
0.411885342010108
0.944805313846523
0.858093885723825
0.218597375854408
-0.264801984653580
-0.151399073123498
0.083501785355747
0.082848615999852
-0.065471820397609
-0.085360274839767
0.021249049556076
0.036382608833775
-0.001736877447003
0.001888818650853
-0.155485800514130
-0.109948340302340
0.438679779762762
1.058340418998187
0.931933145503428
0.260953848257462
-0.177008713863376
-0.124696077939211
0.121033977363709
0.115923533871646
-0.044443298802027
-0.058097729256696
0.030963814219123
0.057759930754195
0.002004900359706
-0.001001325268539
0.085053377646563
0.053669541774938
-0.199465641701478
-0.219615928437116
0.348839472871309
0.920143832243065
0.891345356971703
0.284319321034959
-0.247303629672320
-0.177234551993847
0.072552497756070
0.090151188980060
-0.044350586445151
-0.082224860214347
-0.001146278084086
0.001134723653038
0.126065335920251
0.072059583959601
-0.155664780640876
-0.142295061133971
0.367330330868210
1.023602804587678
0.977065602469649
0.311042314610761
-0.163291946690238
-0.143035323368915
0.103416899121979
0.126989487946398
-0.033066538666705
-0.054541579833188
0.000966777594742
-0.001146278084086
-0.082224860214347
-0.044350586445151
0.090151188980060
0.072552497756070
-0.177234551993847
-0.247303629672320
0.284319321034959
0.891345356971703
0.920143832243065
0.348839472871309
-0.219615928437116
-0.199465641701478
0.053669541774938
0.085053377646563
-0.001001325268539
0.000966777594742
-0.054541579833188
-0.033066538666705
0.126989487946398
0.103416899121979
-0.143035323368915
-0.163291946690238
0.311042314610761
0.977065602469649
1.023602804587678
0.367330330868210
-0.142295061133971
-0.155664780640876
0.072059583959601
0.126065335920251
0.001134723653038
-0.001736877447003
0.036382608833775
0.021249049556076
-0.085360274839767
-0.065471820397609
0.082848615999852
0.083501785355747
-0.151399073123498
-0.264801984653580
0.218597375854408
0.858093885723825
0.944805313846523
0.411885342010108
-0.162981358808828
-0.217136356961054
-0.002416700795266
0.002004900359706
0.057759930754195
0.030963814219123
-0.058097729256696
-0.044443298802027
0.115923533871646
0.121033977363709
-0.124696077939211
-0.177008713863376
0.260953848257462
0.931933145503428
1.058340418998187
0.438679779762762
-0.109948340302340
-0.155485800514130
0.001888818650853
-0.003241850569072
-0.040454350092002
-0.022299471228387
0.036048021219596
0.026553133492917
-0.075126726405180
-0.073871533589104
0.067698796216256
0.086338128386899
-0.120421602527643
-0.268968745874488
0.145711288274799
0.813420934756220
0.967637073695951
0.473131720828832
-0.003161404330138
0.001041512195023
-0.024362153765543
-0.014159947947107
0.055956915173757
0.041611893772838
-0.051727109089385
-0.049933339175596
0.091940647742667
0.128342928000459
-0.103080130490610
-0.184609254047661
0.205443438673161
0.869055073928782
1.085972845546917
0.541434214513581
0.004667322898859
-0.000222196515282
0.009555632124447
0.005612150598519
-0.021205939260025
-0.015622510469197
0.019627835555912
0.018694092645633
-0.034491918279030
-0.044108919191239
0.034801261997972
0.057148576338132
-0.055290739802380
-0.175907621394374
0.039459323686926
0.592240953448299
0.998022460642894
0.001877229319354
0.016183607463177
0.009195030569407
-0.013143026167904
-0.009438409293050
0.028960497172237
0.028058886933041
-0.023932024129570
-0.029744613588869
0.043111990412457
0.084302689527268
-0.045500103157971
-0.127209824727588
0.108529971741212
0.629885719084910
1.001844219525257
