8
-1.000000000000000
-0.871740148509605
-0.591700181433143
-0.209299217902479
0.209299217902479
0.591700181433143
0.871740148509605
1.000000000000000
15
-1.000000000000000
-0.965245926503512
-0.885082044223669
-0.763519689951306
-0.606253205470007
-0.420638054713653
-0.215353955363795
0.000000000000000
0.215353955363794
0.420638054713676
0.606253205469837
0.763519689951802
0.885082044223012
0.965245926503824
1.000000000000000
0.997164646742898
0.537936610317208
-0.034209292538451
-0.173014551851470
-0.012039454614456
0.063994783468564
-0.006761567647941
-0.054715603531607
0.001111208481240
0.025842415628960
-0.006387191989986
-0.025542892478773
0.002558159175398
0.010099882034504
-0.000356803293986
1.002226124237810
0.585097023130548
0.047452336330067
-0.129488119180337
0.009194875404692
0.091134267398573
0.004470326153144
-0.037009199800881
0.008811316115053
0.038760165990756
-0.000705971741645
-0.015411613384233
0.006346288032851
0.018121041463512
0.002298831093021
-0.003754328143089
0.526172321394383
0.992736523670024
0.693705903255165
-0.047876197686375
-0.275345598493269
-0.010267291718770
0.105550251109563
-0.021906750576754
-0.101631821379743
0.003990865620907
0.042446193838452
-0.014522221368466
-0.045066852190719
-0.003936078217549
0.005326601618166
0.615170724586582
1.123999271868914
0.734885520850204
0.042949865873797
-0.199488628882188
0.021285408610743
0.153330022125339
-0.002834258393692
-0.068792099529389
0.017122291615363
0.067267371105185
-0.006447028931857
-0.026016114599380
0.001155135118302
-0.001853268685581
-0.251264094942089
-0.104829682655159
0.557294634301902
0.996918983280209
0.668847757713213
-0.066366568768565
-0.281653076444009
0.005435079992382
0.112184488601134
-0.027125386486496
-0.102977763919985
0.010108213259395
0.039372647168430
-0.001415123977888
0.001766793737634
-0.167988853101300
-0.057440048359288
0.616317200020350
1.129586024964409
0.717169989875448
0.016193563268069
-0.203018307612516
0.034934341315678
0.161585160865002
-0.010414590543305
-0.069162906509539
0.018212568849344
0.063790323578076
0.002014553153567
-0.001050315782612
0.091277951423741
0.026905340252011
-0.269345038570017
-0.106996354607945
0.595431966718478
0.998843003294422
0.633524684441321
-0.089305332902588
-0.277894999337091
0.018695168546369
0.107594116303403
-0.025911505153168
-0.091461992240054
-0.001337514924711
0.001034879776039
0.140750313578659
0.042856821311564
-0.189967144166523
-0.040174851084171
0.646994558297960
1.130522831852462
0.683209880736145
-0.013683609640304
-0.199941836587311
0.043663367282465
0.157499522536365
-0.016467279223770
-0.058746867820757
0.000696507733671
-0.001337514924711
-0.091461992240054
-0.025911505153168
0.107594116303403
0.018695168546369
-0.277894999337091
-0.089305332902588
0.633524684441321
0.998843003294422
0.595431966718478
-0.106996354607945
-0.269345038570017
0.026905340252011
0.091277951423741
-0.001050315782612
0.000696507733671
-0.058746867820757
-0.016467279223770
0.157499522536365
0.043663367282465
-0.199941836587311
-0.013683609640304
0.683209880736145
1.130522831852462
0.646994558297960
-0.040174851084171
-0.189967144166523
0.042856821311564
0.140750313578659
0.001034879776039
-0.001415123977888
0.039372647168430
0.010108213259395
-0.102977763919985
-0.027125386486496
0.112184488601134
0.005435079992382
-0.281653076444009
-0.066366568768565
0.668847757713213
0.996918983280209
0.557294634301902
-0.104829682655159
-0.251264094942089
-0.001853268685581
0.002014553153567
0.063790323578076
0.018212568849344
-0.069162906509539
-0.010414590543305
0.161585160865002
0.034934341315678
-0.203018307612516
0.016193563268069
0.717169989875448
1.129586024964409
0.616317200020350
-0.057440048359288
-0.167988853101300
0.001766793737634
-0.003936078217549
-0.045066852190719
-0.014522221368466
0.042446193838452
0.003990865620907
-0.101631821379743
-0.021906750576754
0.105550251109563
-0.010267291718770
-0.275345598493269
-0.047876197686375
0.693705903255165
0.992736523670024
0.526172321394383
-0.003754328143089
0.001155135118302
-0.026016114599380
-0.006447028931857
0.067267371105185
0.017122291615363
-0.068792099529389
-0.002834258393692
0.153330022125339
0.021285408610743
-0.199488628882188
0.042949865873797
0.734885520850204
1.123999271868914
0.615170724586582
0.005326601618166
-0.000356803293986
0.010099882034504
0.002558159175398
-0.025542892478773
-0.006387191989986
0.025842415628960
0.001111208481240
-0.054715603531607
-0.006761567647941
0.063994783468564
-0.012039454614456
-0.173014551851470
-0.034209292538451
0.537936610317208
0.997164646742898
0.002298831093021
0.018121041463512
0.006346288032851
-0.015411613384233
-0.000705971741645
0.038760165990756
0.008811316115053
-0.037009199800881
0.004470326153144
0.091134267398573
0.009194875404692
-0.129488119180337
0.047452336330067
0.585097023130548
1.002226124237810
