5
-1.000000000000000
-0.654653670707977
0.000000000000000
0.654653670707977
1.000000000000000
8
-1.000000000000000
-0.900968867902419
-0.623489801858734
-0.222520933956314
0.222520933956314
0.623489801858733
0.900968867902419
1.000000000000000
0.999825491419143
0.496231582221275
-0.141311482036702
-0.124239359257657
0.057380361584079
0.004910512698396
-0.055276721460248
-0.000174508580859
1.000616662985979
0.574234171713711
-0.034818827149141
-0.089657513089761
0.092784650997979
0.016809134885926
-0.029460503761812
0.000616662985978
-0.001147142943860
0.538697291340526
0.993653343844026
0.317792933713507
-0.322709186501655
-0.029889916066609
0.084603461689417
-0.001147142943858
0.000527543841214
0.696246329165993
1.154027044818382
0.386505784384671
-0.186601685363158
-0.013385874492979
0.159677902821480
0.000527543841217
-0.000496336388489
-0.305477437739938
0.003522860203865
0.840667959493339
0.840667959474629
0.003522859595279
-0.305477436944248
-0.000496336388492
0.000822874794103
-0.168312506666622
0.057489509462051
1.000819534786421
1.000819534786435
0.057489509462708
-0.168312506255961
0.000822874794100
-0.001147142943858
0.084603461689417
-0.029889916066609
-0.322709186501655
0.317792933713507
0.993653343844026
0.538697291340526
-0.001147142943860
0.000527543841217
0.159677902821480
-0.013385874492979
-0.186601685363158
0.386505784384671
1.154027044818382
0.696246329165993
0.000527543841214
-0.000174508580859
-0.055276721460248
0.004910512698396
0.057380361584079
-0.124239359257657
-0.141311482036702
0.496231582221275
0.999825491419143
0.000616662985978
-0.029460503761812
0.016809134885926
0.092784650997979
-0.089657513089761
-0.034818827149141
0.574234171713711
1.000616662985979
