4
-1.000000000000000
-0.447213595499958
0.447213595499958
1.000000000000000
17
-1.000000000000000
-0.875000000000000
-0.750000000000000
-0.625000000000000
-0.500000000000000
-0.375000000000000
-0.250000000000000
-0.125000000000000
0.000000000000000
0.125000000000000
0.250000000000000
0.375000000000000
0.500000000000000
0.625000000000000
0.750000000000000
0.875000000000000
1.000000000000000
0.990230101129830
0.653756513764197
0.388536246639959
0.186357484980183
0.040747598317622
-0.056432512107662
-0.111732597384360
-0.133204786404944
-0.127498305142816
-0.102553903842259
-0.065166344586546
-0.023306869424175
0.015518805600199
0.044605723246472
0.056541708280555
0.044188453125000
-0.000120808589166
1.000257664194772
0.662842796875000
0.396681241427161
0.193714824058842
0.047040081646658
-0.050833442528168
-0.107259388895857
-0.129395576635148
-0.124810646008365
-0.100577284469860
-0.064211366349946
-0.022559023743466
0.017075939965897
0.047136054048813
0.059896407896457
0.048486756222058
0.005074395055224
-0.000490337171086
0.433088767623874
0.731627693801112
0.912903162643840
0.992496928830787
0.987109782149431
0.913136581865616
0.786727840088327
0.624565828879526
0.442781254617401
0.256292435158320
0.082373325571781
-0.061429759780525
-0.159878410636628
-0.195291762229326
-0.152706393445610
-0.014228076151037
0.019000037675454
0.450390399036466
0.746923540353256
0.926324909641811
1.003671644068446
0.996580502656506
0.920264902074153
0.792176822573742
0.627745372987833
0.444189686212381
0.258715328771355
0.087030529802911
-0.055055816077644
-0.151223709949154
-0.184850643508829
-0.140120017623875
0.000353481565479
-0.014228076151037
-0.152706393445610
-0.195291762229326
-0.159878410636628
-0.061429759780525
0.082373325571781
0.256292435158320
0.442781254617401
0.624565828879526
0.786727840088327
0.913136581865616
0.987109782149431
0.992496928830787
0.912903162643840
0.731627693801112
0.433088767623874
-0.000490337171086
0.000353481565479
-0.140120017623875
-0.184850643508829
-0.151223709949154
-0.055055816077644
0.087030529802911
0.258715328771355
0.444189686212381
0.627745372987833
0.792176822573742
0.920264902074153
0.996580502656506
1.003671644068446
0.926324909641811
0.746923540353256
0.450390399036466
0.019000037675454
-0.000120808589166
0.044188453125000
0.056541708280555
0.044605723246472
0.015518805600199
-0.023306869424175
-0.065166344586546
-0.102553903842259
-0.127498305142816
-0.133204786404944
-0.111732597384360
-0.056432512107662
0.040747598317622
0.186357484980183
0.388536246639959
0.653756513764197
0.990230101129830
0.005074395055224
0.048486756222058
0.059896407896457
0.047136054048813
0.017075939965897
-0.022559023743466
-0.064211366349946
-0.100577284469860
-0.124810646008365
-0.129395576635148
-0.107259388895857
-0.050833442528168
0.047040081646658
0.193714824058842
0.396681241427161
0.662842796875000
1.000257664194772
