7
-1.000000000000000
-0.830223896278567
-0.468848793470714
0.000000000000000
0.468848793470714
0.830223896278567
1.000000000000000
5
-1.000000000000000
-0.774596669241483
0.000000000000000
0.774596669241483
1.000000000000000
0.512472699174504
-0.176211621405526
-0.038127133568546
-0.040801258669836
-0.006925719923531
1.000002166720378
-0.036923871011392
0.129058283295393
0.013268625143622
0.000002166720376
-0.000045913833502
0.204182565657177
-0.490042965072130
-0.032586193075107
-0.000045913833504
1.056127546193813
0.983184772861560
0.089755433472148
0.161309959062523
0.008467755365592
-0.670704793773660
0.211203666389379
-0.205657066800475
-0.215589812306565
-0.018969312411627
0.000002575968507
1.422772938130743
0.465626925445380
0.064239354555021
0.000002575968501
-0.000006737007579
-0.596084099694354
0.900255840746011
-0.596084099699129
-0.000006737007576
0.273923830256427
-0.089598999309981
1.083944248677279
-0.089598999999995
0.273923835494366
-0.018969312411627
-0.215589812306565
-0.205657066800475
0.211203666389379
-0.670704793773660
0.000002575968501
0.064239354555021
0.465626925445380
1.422772938130743
0.000002575968507
-0.000045913833504
-0.032586193075107
-0.490042965072130
0.204182565657177
-0.000045913833502
0.008467755365592
0.161309959062523
0.089755433472148
0.983184772861560
1.056127546193813
-0.006925719923531
-0.040801258669836
-0.038127133568546
-0.176211621405526
0.512472699174504
0.000002166720376
0.013268625143622
0.129058283295393
-0.036923871011392
1.000002166720378
