7
-1.000000000000000
-0.830223896278567
-0.468848793470714
0.000000000000000
0.468848793470714
0.830223896278567
1.000000000000000
19
-1.000000000000000
-0.990575475314417
-0.950675521768768
-0.880239153726986
-0.781514003896801
-0.657671159216691
-0.512690537086477
-0.351231763453876
-0.178484181495848
0.000000000000000
0.178484181495848
0.351231763453876
0.512690537086477
0.657671159216691
0.781514003896801
0.880239153726986
0.950675521768768
0.990575475314417
1.000000000000000
0.999864958500309
0.899041588172184
0.538016393609420
0.125936459245957
-0.123111249693630
-0.138500883831520
-0.029448660108932
0.053325305975113
0.053606869517696
-0.003267515074528
-0.045675443258899
-0.029307322521942
0.009364654965799
0.025225586699794
0.010680299587600
-0.012204197237391
-0.017449050117168
-0.004935410595542
-0.000135041499694
1.002745499370002
0.904650046462958
0.561174409352787
0.162768270774430
-0.087219687036903
-0.121540541689020
-0.023149632024177
0.068961768716915
0.061922285710902
0.001233058138307
-0.036207051453524
-0.024399212714243
0.013369450318510
0.031813262892364
0.013605430584046
-0.009084137898223
-0.013046691105900
-0.003112792738998
0.001425454234144
-0.004927446056580
0.127210507999912
0.554063139211209
0.934397752922790
0.951452817534368
0.584262091832579
0.070542116227303
-0.221808148883226
-0.185195327089172
-0.002117634317955
0.103302574352848
0.068521744815196
-0.035301220215047
-0.084353606167833
-0.034953334574194
0.025182627598385
0.035549397700222
0.009291455134867
-0.002670256377783
0.000513343254950
0.138139478920889
0.595942662322556
0.998274015506736
1.002721752378642
0.595255487533722
0.108608841669613
-0.174091894686492
-0.162756134595241
0.010880463261362
0.128997102534642
0.080271249414377
-0.025293323778146
-0.067610547469342
-0.028309313301063
0.032500189676958
0.046263073306365
0.013140841341918
0.000513343254947
-0.001103837501364
-0.058387529008291
-0.200931530727468
-0.181842477666200
0.173766323649023
0.669261861201115
0.982364489356723
0.886467547622585
0.451792888654072
-0.039559664609128
-0.247044559244553
-0.143128763126746
0.043046733483864
0.111264491977785
0.045290711366684
-0.052006183661401
-0.072607070757347
-0.020764490645543
-0.001103837501370
0.003319012768212
-0.048674425848954
-0.172977526650772
-0.141054287704321
0.186708272342121
0.706274225212599
1.045227629644995
0.934031715111380
0.462548309606032
0.000883126314851
-0.203882181919930
-0.125836774317050
0.059075104064168
0.136913030780056
0.053334168217305
-0.041955802230711
-0.057741844647706
-0.016496505971970
0.002137555377208
-0.002239337013755
0.026922219793422
0.092769390417060
0.069557903925164
-0.089112907133951
-0.240809923512788
-0.130858138854942
0.305664186875032
0.788797967377138
0.999999000000002
0.788797967377165
0.305664186581335
-0.130858138385588
-0.240809923928224
-0.089112906871898
0.069557903924467
0.092769390417070
0.026922219793424
-0.002239337013751
0.000819013778232
0.031483667357453
0.113788071428946
0.084502095092803
-0.078047778154745
-0.203732305322781
-0.089274459567141
0.316610418587972
0.828007050003367
1.064703779800122
0.828007050003367
0.316610418587972
-0.089274459567141
-0.203732305322780
-0.078047778154933
0.084502095164220
0.113788071353580
0.031483667384709
0.000819013778234
-0.001103837501370
-0.020764490645543
-0.072607070757347
-0.052006183661401
0.045290711366684
0.111264491977785
0.043046733483864
-0.143128763126746
-0.247044559244553
-0.039559664609128
0.451792888654072
0.886467547622585
0.982364489356723
0.669261861201115
0.173766323649023
-0.181842477666200
-0.200931530727468
-0.058387529008291
-0.001103837501364
0.002137555377208
-0.016496505971970
-0.057741844647706
-0.041955802230711
0.053334168217305
0.136913030780056
0.059075104064168
-0.125836774317050
-0.203882181919930
0.000883126314851
0.462548309606032
0.934031715111380
1.045227629644995
0.706274225212599
0.186708272342121
-0.141054287704321
-0.172977526650772
-0.048674425848954
0.003319012768212
-0.002670256377783
0.009291455134867
0.035549397700222
0.025182627598385
-0.034953334574194
-0.084353606167833
-0.035301220215047
0.068521744815196
0.103302574352848
-0.002117634317955
-0.185195327089172
-0.221808148883226
0.070542116227303
0.584262091832579
0.951452817534368
0.934397752922790
0.554063139211209
0.127210507999912
-0.004927446056580
0.000513343254947
0.013140841341918
0.046263073306365
0.032500189676958
-0.028309313301063
-0.067610547469342
-0.025293323778146
0.080271249414377
0.128997102534642
0.010880463261362
-0.162756134595241
-0.174091894686492
0.108608841669613
0.595255487533722
1.002721752378642
0.998274015506736
0.595942662322556
0.138139478920889
0.000513343254950
-0.000135041499694
-0.004935410595542
-0.017449050117168
-0.012204197237391
0.010680299587600
0.025225586699794
0.009364654965799
-0.029307322521942
-0.045675443258899
-0.003267515074528
0.053606869517696
0.053325305975113
-0.029448660108932
-0.138500883831520
-0.123111249693630
0.125936459245957
0.538016393609420
0.899041588172184
0.999864958500309
0.001425454234144
-0.003112792738998
-0.013046691105900
-0.009084137898223
0.013605430584046
0.031813262892364
0.013369450318510
-0.024399212714243
-0.036207051453524
0.001233058138307
0.061922285710902
0.068961768716915
-0.023149632024177
-0.121540541689020
-0.087219687036903
0.162768270774430
0.561174409352787
0.904650046462958
1.002745499370002
