5
-1.000000000000000
-0.654653670707977
0.000000000000000
0.654653670707977
1.000000000000000
8
-1.000000000000000
-0.800880487129415
-0.546687456294749
-0.158243907880719
0.158243907880719
0.546687456294749
0.800880487129415
1.000000000000000
0.932583168137728
0.211563635073505
-0.162968628244717
-0.091618373663986
0.047031435079988
0.027909793558188
-0.040125992969974
-0.020569407910419
1.001077005243744
0.268603521056065
-0.095625059524088
-0.063662083026012
0.074191209160874
0.049519944774977
-0.028833451722586
0.001077005243742
-0.001960998761876
0.853440320823232
0.939051444860151
0.236659451683505
-0.251291016969165
-0.134392501618973
0.084369532225399
-0.001960998761873
0.103785605185457
0.981389258857615
1.016419864056027
0.256699152426200
-0.156363602328447
-0.083773406806348
0.115913750032175
0.057239887357683
-0.071168942279626
-0.270021393861873
0.196659811706569
0.917991688354707
0.917991688354403
0.196659811835314
-0.270021394096648
-0.071168942089294
0.001204220226885
-0.178083009646600
0.244949702423237
1.001276623716134
1.001276623606088
0.244949702531168
-0.178083009646922
0.001204220226882
-0.001960998761873
0.084369532225399
-0.134392501618973
-0.251291016969165
0.236659451683505
0.939051444860151
0.853440320823232
-0.001960998761876
0.057239887357683
0.115913750032175
-0.083773406806348
-0.156363602328447
0.256699152426200
1.016419864056027
0.981389258857615
0.103785605185457
-0.020569407910419
-0.040125992969974
0.027909793558188
0.047031435079988
-0.091618373663986
-0.162968628244717
0.211563635073505
0.932583168137728
0.001077005243742
-0.028833451722586
0.049519944774977
0.074191209160874
-0.063662083026012
-0.095625059524088
0.268603521056065
1.001077005243744
