7
-1.000000000000000
-0.830223896278567
-0.468848793470714
0.000000000000000
0.468848793470714
0.830223896278567
1.000000000000000
11
-1.000000000000000
-0.800000000000000
-0.600000000000000
-0.400000000000000
-0.200000000000000
0.000000000000000
0.200000000000000
0.400000000000000
0.600000000000000
0.800000000000000
1.000000000000000
0.709371933224132
-0.209722491565612
-0.092409178718060
0.036566999999999
0.057706999897945
-0.004089038832349
-0.049662838086420
-0.018765673110585
0.022700281850545
0.001926665262725
-0.029212991309741
1.000301505237234
-0.061487000000001
-0.091116225693219
0.053588323171453
0.072172134511056
0.000254682084126
-0.038352458590201
-0.015421624409802
0.035984330674562
0.011870046138745
0.000301505237232
-0.000390059311341
0.981030688487194
0.350947690161878
-0.205356988397894
-0.199742586260894
-0.000301398355657
0.108178798902229
0.042731473047423
-0.096287399519283
-0.031043780417112
-0.000390059311344
0.526329309995290
1.217497824547906
0.383129340339261
-0.122961038044191
-0.176514803357954
0.013466345534891
0.139744757389243
0.050627235820353
-0.061101034939142
-0.004827824413727
0.077359312994906
-0.357988392329073
-0.000536805317352
0.839303168268284
0.959481894096228
0.516100790411319
-0.048336672876666
-0.261254391593626
-0.086924299529778
0.102469051063491
0.007282421744469
-0.121231528473243
0.000790855440824
0.112573097653924
0.930034161900773
1.053939840966686
0.524173361342301
0.000181536214443
-0.208137902758963
-0.075345848521849
0.159223430673006
0.049197524571574
0.000790855440818
-0.001300061068139
-0.073372131136900
-0.298998155734570
0.154984637770002
0.739045199712377
0.999999000000002
0.739045199712394
0.154984637766918
-0.298998155727552
-0.073372131139656
-0.001300061068136
0.196301970947393
-0.012513057189044
-0.194968599999997
0.175879682474733
0.782642405465024
1.082685910892872
0.782642405477169
0.175879682469533
-0.194968599999992
-0.012513056832457
0.196301970474636
-0.121231528473243
0.007282421744469
0.102469051063491
-0.086924299529778
-0.261254391593626
-0.048336672876666
0.516100790411319
0.959481894096228
0.839303168268284
-0.000536805317352
-0.357988392329073
0.000790855440818
0.049197524571574
0.159223430673006
-0.075345848521849
-0.208137902758963
0.000181536214443
0.524173361342301
1.053939840966686
0.930034161900773
0.112573097653924
0.000790855440824
-0.000390059311344
-0.031043780417112
-0.096287399519283
0.042731473047423
0.108178798902229
-0.000301398355657
-0.199742586260894
-0.205356988397894
0.350947690161878
0.981030688487194
-0.000390059311341
0.077359312994906
-0.004827824413727
-0.061101034939142
0.050627235820353
0.139744757389243
0.013466345534891
-0.176514803357954
-0.122961038044191
0.383129340339261
1.217497824547906
0.526329309995290
-0.029212991309741
0.001926665262725
0.022700281850545
-0.018765673110585
-0.049662838086420
-0.004089038832349
0.057706999897945
0.036566999999999
-0.092409178718060
-0.209722491565612
0.709371933224132
0.000301505237232
0.011870046138745
0.035984330674562
-0.015421624409802
-0.038352458590201
0.000254682084126
0.072172134511056
0.053588323171453
-0.091116225693219
-0.061487000000001
1.000301505237234
