6
-1.000000000000000
-0.765055323929465
-0.285231516480645
0.285231516480645
0.765055323929466
1.000000000000000
17
-1.000000000000000
-0.980785280403230
-0.923879532511287
-0.831469612302545
-0.707106781186548
-0.555570233019602
-0.382683432365090
-0.195090322016128
-0.000000000000000
0.195090322016128
0.382683432365090
0.555570233019602
0.707106781186547
0.831469612302545
0.923879532511287
0.980785280403230
1.000000000000000
0.999869528600947
0.855765472292343
0.502604350800566
0.124495924324363
-0.109410659019373
-0.144732832461218
-0.052780393427428
0.037050681260418
0.062499000000000
0.024901792953918
-0.027912426771388
-0.042974281428520
-0.015176638075841
0.014215677967616
0.020570193043435
0.008315928421612
-0.000246409441857
1.001371815957182
0.862315190436138
0.523533896472288
0.155630820213415
-0.080019630368121
-0.127860505148680
-0.049848641243390
0.048245064022846
0.072011685120542
0.027581635315568
-0.022694726972227
-0.036151524174459
-0.013207565057190
0.017086315601897
0.024914953057288
0.009890483117275
0.000544253973718
-0.002392904333601
0.182981572667034
0.596525150132915
0.939838793470309
0.963674466912969
0.648161827932241
0.175199518113456
-0.164768306471097
-0.221132503114654
-0.079436744306726
0.065840385510038
0.102122159737324
0.037124953761486
-0.046154441443151
-0.066996993410006
-0.026082515377272
-0.000867588873744
0.000364543800030
0.194876828533014
0.635280619688832
0.992424596145433
1.007883573777936
0.660933371573503
0.199546408009093
-0.124762758846068
-0.194647642353841
-0.073654400320352
0.081986943226959
0.118997478469931
0.042374574412967
-0.038848284447858
-0.055819450168193
-0.022470714051821
0.000735372748574
-0.000612738603547
-0.079065898729580
-0.204623599755037
-0.171657457672900
0.148402399627821
0.608311045585113
0.947362999370167
0.956907148936592
0.631730727808919
0.161055395538923
-0.175689662762617
-0.222632512510046
-0.074741592249807
0.067269024757488
0.094410352612774
0.037484887102956
-0.000924057802307
0.001726838007053
-0.068715650134172
-0.179286524044070
-0.138172431457610
0.160649187071388
0.633472410451261
0.996227952725472
1.004851272589293
0.651007129384884
0.180235726713033
-0.138118328849538
-0.195180214350268
-0.067540620125522
0.079703413234802
0.112174967541886
0.042640867176855
0.000671633990659
-0.000924057802307
0.037484887102956
0.094410352612774
0.067269024757488
-0.074741592249807
-0.222632512510046
-0.175689662762617
0.161055395538923
0.631730727808919
0.956907148936592
0.947362999370167
0.608311045585113
0.148402399627821
-0.171657457672900
-0.204623599755037
-0.079065898729580
-0.000612738603547
0.000671633990659
0.042640867176855
0.112174967541886
0.079703413234802
-0.067540620125522
-0.195180214350268
-0.138118328849538
0.180235726713033
0.651007129384884
1.004851272589293
0.996227952725472
0.633472410451261
0.160649187071388
-0.138172431457610
-0.179286524044070
-0.068715650134172
0.001726838007053
-0.000867588873744
-0.026082515377272
-0.066996993410006
-0.046154441443151
0.037124953761486
0.102122159737324
0.065840385510038
-0.079436744306726
-0.221132503114654
-0.164768306471097
0.175199518113456
0.648161827932241
0.963674466912969
0.939838793470309
0.596525150132915
0.182981572667034
-0.002392904333601
0.000735372748574
-0.022470714051821
-0.055819450168193
-0.038848284447858
0.042374574412967
0.118997478469931
0.081986943226959
-0.073654400320352
-0.194647642353841
-0.124762758846068
0.199546408009093
0.660933371573503
1.007883573777936
0.992424596145433
0.635280619688832
0.194876828533014
0.000364543800030
-0.000246409441857
0.008315928421612
0.020570193043435
0.014215677967616
-0.015176638075841
-0.042974281428520
-0.027912426771388
0.024901792953918
0.062499000000000
0.037050681260418
-0.052780393427428
-0.144732832461218
-0.109410659019373
0.124495924324363
0.502604350800566
0.855765472292343
0.999869528600947
0.000544253973718
0.009890483117275
0.024914953057288
0.017086315601897
-0.013207565057190
-0.036151524174459
-0.022694726972227
0.027581635315568
0.072011685120542
0.048245064022846
-0.049848641243390
-0.127860505148680
-0.080019630368121
0.155630820213415
0.523533896472288
0.862315190436138
1.001371815957182
