8
-1.000000000000000
-0.871740148509605
-0.591700181433143
-0.209299217902479
0.209299217902479
0.591700181433143
0.871740148509605
1.000000000000000
11
-1.000000000000000
-0.968160239507626
-0.836031107326636
-0.613371432700590
-0.324253423403809
0.000000000000000
0.324253423403809
0.613371432700590
0.836031107326636
0.968160239507626
1.000000000000000
0.999844236913692
0.459562961315073
-0.215187721360166
-0.020841587537148
0.038100906838581
-0.071328383045792
0.022280609972195
-0.011892617622939
-0.025462090980526
0.009857434064109
-0.000155763086303
1.000975283417972
0.614020942413487
-0.085216088913410
0.032121567894468
0.091953478880868
-0.038285360755519
0.038907450688916
0.007241990337248
-0.006709602497872
0.021804570588579
0.000975283417977
-0.001681029915636
0.492492351087432
0.955354545023647
-0.138947718099648
-0.255128273583429
0.107682471208655
-0.103313073835075
-0.017665360369693
0.018385122359605
-0.056045579921444
-0.001681029915638
0.000466202203797
0.825153125249280
1.100448692115541
0.065592434826029
-0.111178607921542
0.207338731438008
-0.059923506569592
0.031496425190371
0.066643269217442
-0.025551433593103
0.000466202203795
-0.000961194075354
-0.402131823861961
0.144413159679794
0.992937667581279
0.203290906934108
-0.401552036511458
0.099557539529124
-0.049871660887137
-0.102060564384241
0.038089795924951
-0.000961194075330
0.001083984502961
-0.160496283078536
0.221120075744431
1.263525055686915
0.377366478980607
-0.203744632836688
0.168631214303707
0.022571376492812
-0.029448118873100
0.083709544352116
0.001083984502986
-0.001589199143202
0.086692727960696
-0.233584876075245
-0.186196076401746
0.872291438554953
0.616910353164921
-0.377474172142064
0.027391861732694
0.044241397541508
-0.125407454240882
-0.001589199143234
0.001862167955000
0.206407861899313
-0.073881866803463
-0.057298424490609
1.143059605177247
0.818503119877860
-0.187934878254497
0.080725274460091
0.155780138429327
-0.055035968964058
0.001862167954968
-0.001589199143234
-0.125407454240882
0.044241397541508
0.027391861732694
-0.377474172142064
0.616910353164921
0.872291438554953
-0.186196076401746
-0.233584876075245
0.086692727960696
-0.001589199143202
0.001862167954968
-0.055035968964058
0.155780138429327
0.080725274460091
-0.187934878254497
0.818503119877860
1.143059605177247
-0.057298424490609
-0.073881866803463
0.206407861899313
0.001862167955000
-0.000961194075330
0.038089795924951
-0.102060564384241
-0.049871660887137
0.099557539529124
-0.401552036511458
0.203290906934108
0.992937667581279
0.144413159679794
-0.402131823861961
-0.000961194075354
0.001083984502986
0.083709544352116
-0.029448118873100
0.022571376492812
0.168631214303707
-0.203744632836688
0.377366478980607
1.263525055686915
0.221120075744431
-0.160496283078536
0.001083984502961
-0.001681029915638
-0.056045579921444
0.018385122359605
-0.017665360369693
-0.103313073835075
0.107682471208655
-0.255128273583429
-0.138947718099648
0.955354545023647
0.492492351087432
-0.001681029915636
0.000466202203795
-0.025551433593103
0.066643269217442
0.031496425190371
-0.059923506569592
0.207338731438008
-0.111178607921542
0.065592434826029
1.100448692115541
0.825153125249280
0.000466202203797
-0.000155763086303
0.009857434064109
-0.025462090980526
-0.011892617622939
0.022280609972195
-0.071328383045792
0.038100906838581
-0.020841587537148
-0.215187721360166
0.459562961315073
0.999844236913692
0.000975283417977
0.021804570588579
-0.006709602497872
0.007241990337248
0.038907450688916
-0.038285360755519
0.091953478880868
0.032121567894468
-0.085216088913410
0.614020942413487
1.000975283417972
