5
-1.000000000000000
-0.654653670707977
0.000000000000000
0.654653670707977
1.000000000000000
15
-1.000000000000000
-0.857142857142857
-0.714285714285714
-0.571428571428571
-0.428571428571429
-0.285714285714286
-0.142857142857143
0.000000000000000
0.142857142857143
0.285714285714286
0.428571428571428
0.571428571428571
0.714285714285714
0.857142857142857
1.000000000000000
0.962525989513803
0.396395040707644
0.066793717263414
-0.095266389370396
-0.139476300244788
-0.116056285214089
-0.058811300976803
-0.000017223336804
0.043705976806590
0.061942507063148
0.052477134110787
0.021813787507985
-0.016337628606458
-0.039890652755611
-0.010595062772182
1.000645157614631
0.426385839650146
0.087805623029194
-0.079596232284297
-0.130777116699680
-0.110904740400429
-0.057669532328506
0.002593451584430
0.047907250609489
0.066129035137269
0.056109093256647
0.023441778310970
-0.013953283628688
-0.032312526956129
0.000645157614630
-0.001189335547257
0.701904530787886
0.977121395593926
0.962265702747604
0.772753130182985
0.502292204048916
0.219908066651663
-0.011669188162227
-0.159974190793668
-0.210042693488340
-0.170905464185800
-0.068721188043389
0.041474145070530
0.093270518080553
-0.001189335547254
0.070966937828943
0.756691323551747
1.012711295945433
0.986416070342973
0.782969819703770
0.505436558640767
0.228083160055215
0.000001000000000
-0.146063986555367
-0.197526847343624
-0.161369950034253
-0.065133809714616
0.048487286799259
0.114111723027868
0.029595997545087
-0.052904572142822
-0.227038836713177
-0.111861212167839
0.152428751763466
0.466064377369661
0.743124621539635
0.932589064569622
0.999998999999999
0.932589064569622
0.743124621539636
0.466064377369796
0.152428751741160
-0.111861212145461
-0.227038836727810
-0.052904572127068
0.000833344249868
-0.189503373177840
-0.092698013938295
0.161141589320797
0.471551217330838
0.756136082871388
0.949291689396699
1.018503698616711
0.949291689389718
0.756136082877818
0.471551217322232
0.161141589320796
-0.092698013938296
-0.189503373177842
0.000833344249865
-0.001189335547254
0.093270518080553
0.041474145070530
-0.068721188043389
-0.170905464185800
-0.210042693488340
-0.159974190793668
-0.011669188162227
0.219908066651663
0.502292204048916
0.772753130182985
0.962265702747604
0.977121395593926
0.701904530787886
-0.001189335547257
0.029595997545087
0.114111723027868
0.048487286799259
-0.065133809714616
-0.161369950034253
-0.197526847343624
-0.146063986555367
0.000001000000000
0.228083160055215
0.505436558640767
0.782969819703770
0.986416070342973
1.012711295945433
0.756691323551747
0.070966937828943
-0.010595062772182
-0.039890652755611
-0.016337628606458
0.021813787507985
0.052477134110787
0.061942507063148
0.043705976806590
-0.000017223336804
-0.058811300976803
-0.116056285214089
-0.139476300244788
-0.095266389370396
0.066793717263414
0.396395040707644
0.962525989513803
0.000645157614630
-0.032312526956129
-0.013953283628688
0.023441778310970
0.056109093256647
0.066129035137269
0.047907250609489
0.002593451584430
-0.057669532328506
-0.110904740400429
-0.130777116699680
-0.079596232284297
0.087805623029194
0.426385839650146
1.000645157614631
