5
-1.000000000000000
-0.654653670707977
0.000000000000000
0.654653670707977
1.000000000000000
3
-1.000000000000000
-0.000000000000000
1.000000000000000
0.006297493971171
-0.242720263265983
-0.008479142850599
1.000001695344715
0.027119853332516
0.163758943544395
-0.000003269330010
-0.152642471275934
-0.316964291170944
1.547787509806898
0.220402745345890
0.073980579755152
-0.535703381915050
0.999998999999999
-0.535703382574939
0.000001889576679
1.091105169407013
0.000001889576676
-0.316964291170944
-0.152642471275934
-0.000003269330010
0.073980579755152
0.220402745345890
1.547787509806898
-0.008479142850599
-0.242720263265983
0.006297493971171
0.163758943544395
0.027119853332516
1.000001695344715
