5
-1.000000000000000
-0.654653670707977
0.000000000000000
0.654653670707977
1.000000000000000
16
-1.000000000000000
-0.866666666666667
-0.733333333333333
-0.600000000000000
-0.466666666666667
-0.333333333333333
-0.200000000000000
-0.066666666666667
0.066666666666667
0.200000000000000
0.333333333333333
0.466666666666667
0.600000000000000
0.733333333333333
0.866666666666667
1.000000000000000
0.967135760685668
0.430108749957226
0.102400351925155
-0.071745834143759
-0.134830300335923
-0.128591904748263
-0.083117451923905
-0.026455384047414
0.023052709469267
0.054399000000000
0.061658089965351
0.045872523784263
0.014258869570730
-0.020756104368746
-0.038892347837466
-0.009486967706358
1.000569054842665
0.456573839506173
0.121773611220534
-0.057174751066856
-0.125922481817999
-0.122887735280793
-0.081054219447351
-0.024874079665046
0.026081778850219
0.058138537127929
0.065330845155325
0.048623079253378
0.015420481307813
-0.018157887621427
-0.032151899020919
0.000569054842664
-0.001017153447524
0.669980963886768
0.959989264648597
0.982842731003753
0.834979818485516
0.596653997145371
0.330467272508922
0.088678293607768
-0.090729758399988
-0.190090453542504
-0.204398271187146
-0.147078986511688
-0.044552263998018
0.053552989954474
0.092666660079613
-0.001017153447521
0.061943676407582
0.718712649424677
0.992886778039428
1.006066459483235
0.846271070331816
0.601521021359942
0.335193224488718
0.097919071187558
-0.079547277457371
-0.178223238917527
-0.194127059694743
-0.139949451503413
-0.041924823524980
0.061049231810748
0.111103670288742
0.026431482796926
-0.046085557317919
-0.220900476143091
-0.135585013901455
0.093524505798053
0.384434300615863
0.658117826351535
0.870398999999999
0.985079902334532
0.985079902334532
0.870398999999999
0.658117826351535
0.384434300615728
0.093524505820509
-0.135585013929368
-0.220900476107799
-0.046085557357012
0.000654827504977
-0.187310934156376
-0.117399347906921
0.102995821517124
0.387269142623420
0.667301448454220
0.883633697430174
1.000651487497299
1.000651487497302
0.883633697430171
0.667301448455572
0.387269142616156
0.102995821517697
-0.117399347906922
-0.187310934156378
0.000654827504974
-0.001017153447521
0.092666660079613
0.053552989954474
-0.044552263998018
-0.147078986511688
-0.204398271187146
-0.190090453542504
-0.090729758399988
0.088678293607768
0.330467272508922
0.596653997145371
0.834979818485516
0.982842731003753
0.959989264648597
0.669980963886768
-0.001017153447524
0.026431482796926
0.111103670288742
0.061049231810748
-0.041924823524980
-0.139949451503413
-0.194127059694743
-0.178223238917527
-0.079547277457371
0.097919071187558
0.335193224488718
0.601521021359942
0.846271070331816
1.006066459483235
0.992886778039428
0.718712649424677
0.061943676407582
-0.009486967706358
-0.038892347837466
-0.020756104368746
0.014258869570730
0.045872523784263
0.061658089965351
0.054399000000000
0.023052709469267
-0.026455384047414
-0.083117451923905
-0.128591904748263
-0.134830300335923
-0.071745834143759
0.102400351925155
0.430108749957226
0.967135760685668
0.000569054842664
-0.032151899020919
-0.018157887621427
0.015420481307813
0.048623079253378
0.065330845155325
0.058138537127929
0.026081778850219
-0.024874079665046
-0.081054219447351
-0.122887735280793
-0.125922481817999
-0.057174751066856
0.121773611220534
0.456573839506173
1.000569054842665
