8
-1.000000000000000
-0.871740148509605
-0.591700181433143
-0.209299217902479
0.209299217902479
0.591700181433143
0.871740148509605
1.000000000000000
13
-1.000000000000000
-0.953309846642136
-0.846347564651927
-0.686188469081722
-0.482909821091345
-0.249286930106240
-0.000000000000000
0.249286930106240
0.482909821091337
0.686188469081757
0.846347564651867
0.953309846642168
1.000000000000000
0.996666291875155
0.383767620851554
-0.162898746941683
-0.104690548242873
0.057963323311000
0.006128517306932
-0.060195939235761
0.008957906940313
0.019936906587049
-0.022867515195235
-0.012631429890126
0.011076523652814
-0.000315472379567
1.001556570598862
0.470985115179669
-0.065917120006343
-0.079701764273563
0.096860308686215
0.020866788445263
-0.037698777092064
0.020328246605984
0.034690795104276
-0.014189220984912
-0.003939802615464
0.019263913381674
0.002269434400691
-0.002821595624031
0.654813586680344
0.975694164269961
0.265278659113260
-0.311552130058109
-0.050507573357022
0.106534315735100
-0.053789506558060
-0.090988441399028
0.038576168689001
0.011501708261315
-0.048970868201637
-0.004624287692113
0.003378803368781
0.839359163947053
1.095167672937056
0.346712038500250
-0.187232074315404
-0.015633972708923
0.169942272935246
-0.023993247369698
-0.052735806224338
0.060340157380833
0.033202190771650
-0.028504956970090
0.001109363883736
-0.003436983918396
-0.317926318507906
0.086944698991202
0.864646850548745
0.851383521808241
0.003114720787206
-0.313634630418971
0.041096239679652
0.084862659912540
-0.093121705552977
-0.050007517828315
0.043023716293130
-0.001484086089795
0.001962761731476
-0.187941868747575
0.125686923328592
1.033057437738037
0.969802075831127
0.106441442182168
-0.202888017061706
0.088914601873487
0.143804455819919
-0.062271357055297
-0.019710799680995
0.071814327034000
0.004461861764338
-0.001142271895204
0.100442472918656
-0.076951751912424
-0.314159840221878
0.347912230698206
0.983260478346649
0.633381991559646
-0.190707818314733
-0.229986140443619
0.099684003970877
0.030883029264852
-0.104536399471614
-0.004194964466318
0.003962075004171
0.167231574169110
-0.050303401722339
-0.188378955386491
0.395525381647761
1.157308845357855
0.713082152498127
-0.084924747851335
-0.146367233140717
0.145629064050821
0.070790330250116
-0.064074117240454
0.000955201540977
-0.004194964466318
-0.104536399471614
0.030883029264852
0.099684003970877
-0.229986140443619
-0.190707818314733
0.633381991559646
0.983260478346649
0.347912230698206
-0.314159840221878
-0.076951751912424
0.100442472918656
-0.001142271895204
0.000955201540977
-0.064074117240454
0.070790330250116
0.145629064050821
-0.146367233140717
-0.084924747851335
0.713082152498127
1.157308845357855
0.395525381647761
-0.188378955386491
-0.050303401722339
0.167231574169110
0.003962075004171
-0.001484086089795
0.043023716293130
-0.050007517828315
-0.093121705552977
0.084862659912540
0.041096239679652
-0.313634630418971
0.003114720787206
0.851383521808241
0.864646850548745
0.086944698991202
-0.317926318507906
-0.003436983918396
0.004461861764338
0.071814327034000
-0.019710799680995
-0.062271357055297
0.143804455819919
0.088914601873487
-0.202888017061706
0.106441442182168
0.969802075831127
1.033057437738037
0.125686923328592
-0.187941868747575
0.001962761731476
-0.004624287692113
-0.048970868201637
0.011501708261315
0.038576168689001
-0.090988441399028
-0.053789506558060
0.106534315735100
-0.050507573357022
-0.311552130058109
0.265278659113260
0.975694164269961
0.654813586680344
-0.002821595624031
0.001109363883736
-0.028504956970090
0.033202190771650
0.060340157380833
-0.052735806224338
-0.023993247369698
0.169942272935246
-0.015633972708923
-0.187232074315404
0.346712038500250
1.095167672937056
0.839359163947053
0.003378803368781
-0.000315472379567
0.011076523652814
-0.012631429890126
-0.022867515195235
0.019936906587049
0.008957906940313
-0.060195939235761
0.006128517306932
0.057963323311000
-0.104690548242873
-0.162898746941683
0.383767620851554
0.996666291875155
0.002269434400691
0.019263913381674
-0.003939802615464
-0.014189220984912
0.034690795104276
0.020328246605984
-0.037698777092064
0.020866788445263
0.096860308686215
-0.079701764273563
-0.065917120006343
0.470985115179669
1.001556570598862
