5
-1.000000000000000
-0.654653670707977
0.000000000000000
0.654653670707977
1.000000000000000
10
-1.000000000000000
-0.919533908166460
-0.738773865105504
-0.477924949810445
-0.165278957666387
0.165278957666387
0.477924949810443
0.738773865105507
0.919533908166457
1.000000000000000
0.998527832389657
0.612555630406127
0.071127557617632
-0.171427465197761
-0.074269929085098
0.048373915721659
0.043698471897040
-0.025684693351346
-0.038795687589574
-0.000126033357998
1.000888063530412
0.644664181177483
0.131750002694027
-0.123011161381250
-0.066286529777604
0.070435158214116
0.055948633874548
-0.018994682945161
-0.026164968353570
0.000888063530411
-0.001571998473093
0.455299270472840
0.954640870778655
0.851354593976884
0.232403673422022
-0.237317765304739
-0.161651755701129
0.056326631805624
0.075396476425351
-0.001571998473091
0.003591406000660
0.512333217336952
1.064950878993853
0.912597055494928
0.269306983298475
-0.160459023510669
-0.133055775774291
0.075640559349334
0.109717726215268
0.000352982091276
-0.002025987064334
-0.193785956693577
-0.186198664349204
0.353793720351869
0.910683080712846
0.910683080712845
0.353793720398696
-0.186198664429663
-0.193785956632020
-0.002025987076080
0.000758744151442
-0.149804085406327
-0.124227479558897
0.370763765937494
1.000755404143770
1.000755404143762
0.370763765937502
-0.124227479558904
-0.149804085406345
0.000758744151439
-0.001571998473091
0.075396476425351
0.056326631805624
-0.161651755701129
-0.237317765304739
0.232403673422022
0.851354593976884
0.954640870778655
0.455299270472840
-0.001571998473093
0.000352982091276
0.109717726215268
0.075640559349334
-0.133055775774291
-0.160459023510669
0.269306983298475
0.912597055494928
1.064950878993853
0.512333217336952
0.003591406000660
-0.000126033357998
-0.038795687589574
-0.025684693351346
0.043698471897040
0.048373915721659
-0.074269929085098
-0.171427465197761
0.071127557617632
0.612555630406127
0.998527832389657
0.000888063530411
-0.026164968353570
-0.018994682945161
0.055948633874548
0.070435158214116
-0.066286529777604
-0.123011161381250
0.131750002694027
0.644664181177483
1.000888063530412
