3
-1.000000000000000
0.000000000000000
1.000000000000000
8
-1.000000000000000
-0.932469514203152
-0.661209386466264
-0.238619186083197
0.238619186083197
0.661209386466264
0.932469514203152
1.000000000000000
0.999998498998498
0.897173741253504
0.532279116760705
0.119308593034640
-0.119310593034640
-0.128930269716473
-0.035295772945058
-0.000001501001502
1.000378103746140
0.901061475452157
0.549274293381018
0.147780151026394
-0.090839035058095
-0.111935092206570
-0.031408564877575
0.000401839477124
-0.000793570112373
0.130348413646121
0.562661798284619
0.943059884032991
0.943059884032993
0.562661798284589
0.130348413631301
-0.000793569443751
0.000002002003004
0.138121032024570
0.596650152645979
1.000001000000006
1.000000999999994
0.596650153349628
0.138121031694448
0.000002002003004
-0.000001501001502
-0.035295772945058
-0.128930269716473
-0.119310593034640
0.119308593034640
0.532279116760705
0.897173741253504
0.999998498998498
0.000401839477124
-0.031408564877575
-0.111935092206570
-0.090839035058095
0.147780151026394
0.549274293381018
0.901061475452157
1.000378103746140
