7
-1.000000000000000
-0.830223896278567
-0.468848793470714
0.000000000000000
0.468848793470714
0.830223896278567
1.000000000000000
5
-1.000000000000000
-0.500000000000000
0.000000000000000
0.500000000000000
1.000000000000000
-0.002576988019381
-0.234836361082554
-0.024997450223629
-0.059668854894209
-0.009217764500939
1.000002384862060
0.016727342774827
0.140228253897190
0.019413544200688
0.040489655801850
-0.000001838745136
-0.130706450685463
-0.304177821811515
-0.054827103298722
-0.101706084794957
1.544017133366305
0.223393400414977
0.091697885197484
0.132982036935004
0.027227992251940
-0.518658447463805
0.991145764856405
-0.244055965164689
-0.164210332816256
-0.050039906452937
0.000001396696222
1.269875474486615
0.050183165119164
0.112955333613070
0.111975063973261
-0.097604016258006
-0.257657722635177
0.999999000000002
-0.257657722634963
-0.097604016274830
0.132132461882114
-0.065623999999997
1.286988863979438
-0.065623999992246
0.132132461880550
-0.050039906452937
-0.164210332816256
-0.244055965164689
0.991145764856405
-0.518658447463805
0.111975063973261
0.112955333613070
0.050183165119164
1.269875474486615
0.000001396696222
-0.101706084794957
-0.054827103298722
-0.304177821811515
-0.130706450685463
-0.000001838745136
0.027227992251940
0.132982036935004
0.091697885197484
0.223393400414977
1.544017133366305
-0.009217764500939
-0.059668854894209
-0.024997450223629
-0.234836361082554
-0.002576988019381
0.040489655801850
0.019413544200688
0.140228253897190
0.016727342774827
1.000002384862060
