3
-1.000000000000000
0.000000000000000
1.000000000000000
13
-1.000000000000000
-0.953309846642136
-0.846347564651927
-0.686188469081722
-0.482909821091345
-0.249286930106240
-0.000000000000000
0.249286930106240
0.482909821091337
0.686188469081757
0.846347564651867
0.953309846642168
1.000000000000000
0.999971600575226
0.930280635633840
0.779036170656596
0.574242191598168
0.351918267950534
0.148169525102047
-0.007995694019184
-0.101117405004272
-0.130991553140221
-0.111946277485535
-0.067311393903413
-0.023029211045944
-0.000028398951393
1.000125749373998
0.931165467841626
0.781411614524860
0.578596333116349
0.358123445128493
0.155836523374721
0.000001000000000
-0.093450406731518
-0.124786375976368
-0.107592135959252
-0.064935950115729
-0.022144378829212
0.000125749373999
-0.000250498747998
0.090979911028938
0.283525335606997
0.528996802852338
0.766663930833078
0.937614883356797
0.999999000000000
0.937614883356797
0.766663930833089
0.528996802852297
0.283525335607094
0.090979911011389
-0.000250498747998
0.000056266153534
0.092744981644665
0.288278517102421
0.537697217443987
0.779079175075566
0.952939219323694
1.015998243932070
0.952939219323694
0.779079175075945
0.537697217443936
0.288278517102406
0.092744981644631
0.000056266153533
-0.000028398951393
-0.023029211045944
-0.067311393903413
-0.111946277485535
-0.130991553140221
-0.101117405004272
-0.007995694019184
0.148169525102047
0.351918267950534
0.574242191598168
0.779036170656596
0.930280635633840
0.999971600575226
0.000125749373999
-0.022144378829212
-0.064935950115729
-0.107592135959252
-0.124786375976368
-0.093450406731518
0.000001000000000
0.155836523374721
0.358123445128493
0.578596333116349
0.781411614524860
0.931165467841626
1.000125749373998
