5
-1.000000000000000
-0.654653670707977
0.000000000000000
0.654653670707977
1.000000000000000
14
-1.000000000000000
-0.959935045267229
-0.867801053830387
-0.728868599091323
-0.550639402928645
-0.342724013342713
-0.116331868883704
0.116331868883704
0.342724013342714
0.550639402928642
0.728868599091346
0.867801053830307
0.959935045267281
1.000000000000000
0.999563685381590
0.803147612440715
0.439485173307070
0.084203348674633
-0.119858419709423
-0.139653481646918
-0.047962409157081
0.037331248879964
0.061273156066893
0.027041055132663
-0.021017315755783
-0.038067326126914
-0.018704589615941
-0.000305146274528
1.000577812548042
0.812005790768833
0.460778304117925
0.113214106346110
-0.093564052579221
-0.124900791391391
-0.045332924302433
0.047253249820662
0.070251743630930
0.030381606450218
-0.017240464705854
-0.032006179756618
-0.016011568916121
0.000577812548040
-0.001011190723476
0.247484251421679
0.665111129475827
0.965076159696821
0.943782251655838
0.615012431395602
0.159266147751592
-0.161747259788066
-0.218042282984411
-0.089018433311977
0.050958330487147
0.092263856580728
0.045976658193597
-0.001011190723474
0.001074402952546
0.263957973875805
0.704793540701393
1.014515789546205
0.983766073153365
0.626745915779833
0.180877175710153
-0.126125989051404
-0.192418678271701
-0.081099619918281
0.061688159348678
0.109058440506234
0.052810950438975
0.000960605586286
-0.000805638862316
-0.103014732459075
-0.212125385783343
-0.142649307370762
0.193859657153219
0.640312680917669
0.955315992364645
0.955315992364642
0.640312680923155
0.193859657155567
-0.142649307370767
-0.212125385783311
-0.103014732457209
-0.000805638862903
0.000601919206459
-0.089719968074309
-0.186411947562278
-0.112303204674142
0.204329400705693
0.663355434672708
1.000598579198791
1.000598579198776
0.663355434672718
0.204329400705700
-0.112303204674184
-0.186411947562292
-0.089719968750689
0.000601919206457
-0.001011190723474
0.045976658193597
0.092263856580728
0.050958330487147
-0.089018433311977
-0.218042282984411
-0.161747259788066
0.159266147751592
0.615012431395602
0.943782251655838
0.965076159696821
0.665111129475827
0.247484251421679
-0.001011190723476
0.000960605586286
0.052810950438975
0.109058440506234
0.061688159348678
-0.081099619918281
-0.192418678271701
-0.126125989051404
0.180877175710153
0.626745915779833
0.983766073153365
1.014515789546205
0.704793540701393
0.263957973875805
0.001074402952546
-0.000305146274528
-0.018704589615941
-0.038067326126914
-0.021017315755783
0.027041055132663
0.061273156066893
0.037331248879964
-0.047962409157081
-0.139653481646918
-0.119858419709423
0.084203348674633
0.439485173307070
0.803147612440715
0.999563685381590
0.000577812548040
-0.016011568916121
-0.032006179756618
-0.017240464705854
0.030381606450218
0.070251743630930
0.047253249820662
-0.045332924302433
-0.124900791391391
-0.093564052579221
0.113214106346110
0.460778304117925
0.812005790768833
1.000577812548042
