5
-1.000000000000000
-0.654653670707977
0.000000000000000
0.654653670707977
1.000000000000000
11
-1.000000000000000
-0.858898783037045
-0.690800469910700
-0.490643240343657
-0.236054306989498
0.000000000000000
0.236054306989498
0.490643240343657
0.690800469910700
0.858898783037045
1.000000000000000
0.969888846179607
0.395682686335610
0.017589777355208
-0.148785340852648
-0.108774352121392
-0.000039410214218
0.058831374174182
0.040995398677063
-0.011884545847055
-0.041095200192412
-0.009116146314228
1.000858249794162
0.431872885222944
0.049888968663445
-0.119811953747272
-0.094383375757705
0.005508349591709
0.072377727423166
0.049533020015176
-0.008282893611226
-0.032081853112329
0.000858249794161
-0.001583083282958
0.696161787243016
0.991637817231130
0.870036761272511
0.393928001398359
-0.030820063966149
-0.227458833326738
-0.150916199157741
0.025262246483782
0.092822354780268
-0.001583083282955
0.060677736623952
0.758745249886833
1.049574722565575
0.907285007442473
0.407087946693828
0.000064397061768
-0.190499171086676
-0.124405097126657
0.035827338582866
0.117649273086945
0.025258128672790
-0.047952787568185
-0.230072160452144
-0.091849820431711
0.329289267323034
0.821316864613167
0.999998999999999
0.821316864613028
0.329289267223130
-0.091849820224535
-0.230072160655430
-0.047952787367040
0.000995982340518
-0.189195211957413
-0.058855056632989
0.342410678414074
0.862417828488049
1.047631513346568
0.862417828488049
0.342410678414074
-0.058855056631994
-0.189195211957421
0.000995982340515
-0.001583083282955
0.092822354780268
0.025262246483782
-0.150916199157741
-0.227458833326738
-0.030820063966149
0.393928001398359
0.870036761272511
0.991637817231130
0.696161787243016
-0.001583083282958
0.025258128672790
0.117649273086945
0.035827338582866
-0.124405097126657
-0.190499171086676
0.000064397061768
0.407087946693828
0.907285007442473
1.049574722565575
0.758745249886833
0.060677736623952
-0.009116146314228
-0.041095200192412
-0.011884545847055
0.040995398677063
0.058831374174182
-0.000039410214218
-0.108774352121392
-0.148785340852648
0.017589777355208
0.395682686335610
0.969888846179607
0.000858249794161
-0.032081853112329
-0.008282893611226
0.049533020015176
0.072377727423166
0.005508349591709
-0.094383375757705
-0.119811953747272
0.049888968663445
0.431872885222944
1.000858249794162
