6
-1.000000000000000
-0.765055323929465
-0.285231516480645
0.285231516480645
0.765055323929466
1.000000000000000
16
-1.000000000000000
-0.978147600733806
-0.913545457642601
-0.809016994374947
-0.669130606358858
-0.500000000000000
-0.309016994374947
-0.104528463267653
0.104528463267653
0.309016994374947
0.500000000000000
0.669130606358858
0.809016994374947
0.913545457642601
0.978147600733806
1.000000000000000
0.999882225982547
0.836240402781450
0.445551788113352
0.058463276581042
-0.141650274875426
-0.123171366097059
-0.011992819872378
0.058645334863467
0.047467769717027
-0.009804749456637
-0.044830636158170
-0.024954040406808
0.009872128788261
0.021239520708344
0.009237863806867
-0.000117774017454
1.000863564325025
0.844979514063712
0.472041981275694
0.094170495588372
-0.110018017624643
-0.110540398611536
-0.004625361038654
0.073073784065827
0.054114780814987
-0.005443319837338
-0.036308911247615
-0.021048482509314
0.012872263842574
0.026534358454779
0.011515331978582
0.000875860933731
-0.001483335410776
0.205117061075818
0.653248510749036
0.974752907878137
0.906694092350307
0.493311252212217
0.003851838752993
-0.231448210009101
-0.162006868116234
0.016834558623661
0.103540755751597
0.059274148747235
-0.034446664146671
-0.071263735483484
-0.030188872879144
-0.001522209055305
0.000434226991621
0.222035911861787
0.700584367490170
1.036031732939529
0.949387474904353
0.502736432702775
0.043225918732774
-0.189436686814084
-0.143558904552973
0.029545541628253
0.126871923841189
0.068729413242896
-0.026926360420713
-0.057574730163246
-0.024861170743460
0.000434226991624
-0.000515820683913
-0.089388653396936
-0.218122019050350
-0.134257407240805
0.268657468157787
0.747692569063233
0.996688490779551
0.838423333640286
0.382488112983481
-0.077682839622484
-0.241942721896366
-0.124288877228837
0.047196735810765
0.097829631110575
0.041741860009361
-0.000515820683917
0.000871252857777
-0.076163014150017
-0.186732799618119
-0.099056694948834
0.276369421276096
0.787636023118122
1.057011892583944
0.880125098718844
0.391142661855441
-0.039246002835634
-0.204034383395619
-0.109652227351426
0.058998929031219
0.119159838348482
0.048472842781606
0.000951175964353
-0.000515820683917
0.041741860009361
0.097829631110575
0.047196735810765
-0.124288877228837
-0.241942721896366
-0.077682839622484
0.382488112983481
0.838423333640286
0.996688490779551
0.747692569063233
0.268657468157787
-0.134257407240805
-0.218122019050350
-0.089388653396936
-0.000515820683913
0.000951175964353
0.048472842781606
0.119159838348482
0.058998929031219
-0.109652227351426
-0.204034383395619
-0.039246002835634
0.391142661855441
0.880125098718844
1.057011892583944
0.787636023118122
0.276369421276096
-0.099056694948834
-0.186732799618119
-0.076163014150017
0.000871252857777
-0.001522209055305
-0.030188872879144
-0.071263735483484
-0.034446664146671
0.059274148747235
0.103540755751597
0.016834558623661
-0.162006868116234
-0.231448210009101
0.003851838752993
0.493311252212217
0.906694092350307
0.974752907878137
0.653248510749036
0.205117061075818
-0.001483335410776
0.000434226991624
-0.024861170743460
-0.057574730163246
-0.026926360420713
0.068729413242896
0.126871923841189
0.029545541628253
-0.143558904552973
-0.189436686814084
0.043225918732774
0.502736432702775
0.949387474904353
1.036031732939529
0.700584367490170
0.222035911861787
0.000434226991621
-0.000117774017454
0.009237863806867
0.021239520708344
0.009872128788261
-0.024954040406808
-0.044830636158170
-0.009804749456637
0.047467769717027
0.058645334863467
-0.011992819872378
-0.123171366097059
-0.141650274875426
0.058463276581042
0.445551788113352
0.836240402781450
0.999882225982547
0.000875860933731
0.011515331978582
0.026534358454779
0.012872263842574
-0.021048482509314
-0.036308911247615
-0.005443319837338
0.054114780814987
0.073073784065827
-0.004625361038654
-0.110540398611536
-0.110018017624643
0.094170495588372
0.472041981275694
0.844979514063712
1.000863564325025
