5
-1.000000000000000
-0.654653670707977
0.000000000000000
0.654653670707977
1.000000000000000
14
-1.000000000000000
-0.898951432219845
-0.784802136053576
-0.646721832000690
-0.476598786354091
-0.262275778750601
-0.084069561393548
0.084069561393548
0.262275778750601
0.476598786354091
0.646721832000690
0.784802136053576
0.898951432219845
1.000000000000000
0.981482949245019
0.550209756833930
0.209709360671567
-0.030025607292260
-0.143891697541619
-0.115071753930851
-0.033697059208251
0.028347595248476
0.060910701593355
0.043886771107806
0.001027503818686
-0.031218538904409
-0.034301212040543
-0.005668022226949
1.000638011808432
0.566916414441193
0.229655743785907
-0.009484511544466
-0.123770314535813
-0.103663178610947
-0.031245886387063
0.032547468670549
0.069288504283449
0.051062210347276
0.002676767619877
-0.027124767917492
-0.029679683508073
0.000638011808432
-0.001186410901408
0.547148146040437
0.885750530042542
0.999289841751354
0.849948271965947
0.454274586808969
0.109595036645949
-0.112049081715684
-0.221383597534505
-0.152574883723570
-0.007191133170100
0.079146813650213
0.085279766739006
-0.001186410901406
0.033602176809134
0.579816100802090
0.919403505343142
1.034911423222986
0.875524563171165
0.460588703253954
0.126087664669725
-0.097174837755296
-0.195656204693423
-0.133600443522838
-0.002338256040357
0.090557364533384
0.097733228715468
0.015739046133191
-0.024805684693440
-0.193674396766090
-0.188226130940313
-0.003468096294392
0.361921188061847
0.781571352440412
0.976556584759530
0.976556584759531
0.781571352440173
0.361921188113633
-0.003468096415592
-0.188226130823838
-0.193674396880725
-0.024805684580960
0.000842528478568
-0.169933254891367
-0.167658423568097
0.014507645441174
0.373745835710923
0.805125304175700
1.000839188470891
1.000839188470892
0.805125304175699
0.373745835790181
0.014507645412326
-0.167658423537200
-0.169933254891657
0.000842528478565
-0.001186410901406
0.085279766739006
0.079146813650213
-0.007191133170100
-0.152574883723570
-0.221383597534505
-0.112049081715684
0.109595036645949
0.454274586808969
0.849948271965947
0.999289841751354
0.885750530042542
0.547148146040437
-0.001186410901408
0.015739046133191
0.097733228715468
0.090557364533384
-0.002338256040357
-0.133600443522838
-0.195656204693423
-0.097174837755296
0.126087664669725
0.460588703253954
0.875524563171165
1.034911423222986
0.919403505343142
0.579816100802090
0.033602176809134
-0.005668022226949
-0.034301212040543
-0.031218538904409
0.001027503818686
0.043886771107806
0.060910701593355
0.028347595248476
-0.033697059208251
-0.115071753930851
-0.143891697541619
-0.030025607292260
0.209709360671567
0.550209756833930
0.981482949245019
0.000638011808432
-0.029679683508073
-0.027124767917492
0.002676767619877
0.051062210347276
0.069288504283449
0.032547468670549
-0.031245886387063
-0.103663178610947
-0.123770314535813
-0.009484511544466
0.229655743785907
0.566916414441193
1.000638011808432
