7
-1.000000000000000
-0.830223896278567
-0.468848793470714
0.000000000000000
0.468848793470714
0.830223896278567
1.000000000000000
13
-1.000000000000000
-0.965925826289068
-0.866025403784439
-0.707106781186548
-0.500000000000000
-0.258819045102521
-0.000000000000000
0.258819045102521
0.500000000000000
0.707106781186547
0.866025403784439
0.965925826289068
1.000000000000000
0.999832786422672
0.644131437965334
0.018741781832225
-0.182559550865431
-0.020534433430189
0.063907174568397
-0.009449752323860
-0.054556388564421
0.006690165962102
0.022548702704148
-0.010286253486202
-0.019722551925768
-0.000167213577330
1.000872329044029
0.681662491617713
0.107854604369829
-0.132026304192280
-0.001203567518779
0.092529862944707
0.000830800476901
-0.036819710133847
0.013521663937473
0.034694511785600
-0.006842844208641
-0.010933661314795
0.000872329044026
-0.000675753294659
0.411589825635631
0.968089940209033
0.757298666045177
-0.015887355736846
-0.281915589948100
-0.000496889714239
0.104363774742037
-0.035314908405193
-0.091336787284199
0.019789194964610
0.030480075007137
-0.000675753294661
0.000724441648103
0.482696068291925
1.115998485623383
0.811628183373938
0.074868609829246
-0.199720894599530
0.029340418776112
0.152695351793938
-0.017928804413968
-0.060091355505907
0.027686710824305
0.052228468042082
0.000724441648100
-0.000933684093416
-0.219254246047202
-0.162451792800566
0.487871662225876
0.991145764856405
0.678664189233598
-0.084577782550919
-0.278075753528955
0.031089229770059
0.098340584655442
-0.044085607696145
-0.081248554483350
-0.000933684093422
0.000839936306909
-0.139746412255650
-0.108397231425975
0.537023172151732
1.133551173269702
0.737466163034611
0.000000999999999
-0.195437874898137
0.061462766037379
0.149377331804959
-0.031642159885593
-0.047868712408343
0.000839936306903
-0.001602360498041
0.075287057333174
0.051619505355291
-0.254904002747142
-0.142266452530661
0.584137324034072
0.999999000000002
0.584137324034119
-0.142266452560083
-0.254904002717748
0.051619505356162
0.075287057333178
-0.001602360498039
0.000488941314398
0.127330749516936
0.071899128874335
-0.174889675574135
-0.065623999999454
0.637482076508050
1.141279923172835
0.637482076508934
-0.065623999999996
-0.174889675574134
0.071899128874347
0.127330749516926
0.000488941314400
-0.000933684093422
-0.081248554483350
-0.044085607696145
0.098340584655442
0.031089229770059
-0.278075753528955
-0.084577782550919
0.678664189233598
0.991145764856405
0.487871662225876
-0.162451792800566
-0.219254246047202
-0.000933684093416
0.000839936306903
-0.047868712408343
-0.031642159885593
0.149377331804959
0.061462766037379
-0.195437874898137
0.000000999999999
0.737466163034611
1.133551173269702
0.537023172151732
-0.108397231425975
-0.139746412255650
0.000839936306909
-0.000675753294661
0.030480075007137
0.019789194964610
-0.091336787284199
-0.035314908405193
0.104363774742037
-0.000496889714239
-0.281915589948100
-0.015887355736846
0.757298666045177
0.968089940209033
0.411589825635631
-0.000675753294659
0.000724441648100
0.052228468042082
0.027686710824305
-0.060091355505907
-0.017928804413968
0.152695351793938
0.029340418776112
-0.199720894599530
0.074868609829246
0.811628183373938
1.115998485623383
0.482696068291925
0.000724441648103
-0.000167213577330
-0.019722551925768
-0.010286253486202
0.022548702704148
0.006690165962102
-0.054556388564421
-0.009449752323860
0.063907174568397
-0.020534433430189
-0.182559550865431
0.018741781832225
0.644131437965334
0.999832786422672
0.000872329044026
-0.010933661314795
-0.006842844208641
0.034694511785600
0.013521663937473
-0.036819710133847
0.000830800476901
0.092529862944707
-0.001203567518779
-0.132026304192280
0.107854604369829
0.681662491617713
1.000872329044029
