7
-1.000000000000000
-0.830223896278567
-0.468848793470714
0.000000000000000
0.468848793470714
0.830223896278567
1.000000000000000
9
-1.000000000000000
-0.949107912342758
-0.741531185599394
-0.405845151377397
0.000000000000000
0.405845151377397
0.741531185599394
0.949107912342758
1.000000000000000
0.999737786087883
0.316348299797437
-0.238015392240899
0.034017090933508
-0.026473913419877
-0.051908203888046
0.017936392011125
-0.025342356711063
-0.000262213912119
1.001286338275485
0.549623415623068
-0.121833471001653
0.089372860140103
0.029965780591579
-0.008415016057822
0.052491823259061
-0.013219847267107
0.001286338275483
-0.002352883879310
0.567287994926401
0.859592667203434
-0.307410340899589
-0.054876580094764
0.022803810716833
-0.139347510593249
0.035958461147095
-0.002352883879313
0.000833655924968
1.001417800947529
1.000395146082284
-0.114832627080132
0.075564435143523
0.145070147924216
-0.047783586051629
0.067654500777476
0.000833655924965
-0.000789944961924
-0.457461925518058
0.333445877338900
0.965977421437802
-0.190092124438139
-0.228518872664117
0.078049209773322
-0.108343917503325
-0.000789944961931
0.001664957763564
-0.175371939250473
0.578528818456949
1.219898519094712
0.000671043938796
-0.035916648358717
0.226315260276956
-0.058366569814394
0.001664957763557
-0.002386638184117
0.092898670770871
-0.388431856452419
0.029923759498419
0.999999000000002
0.029923756024339
-0.388431852037406
0.092898670770874
-0.002386638184114
0.000054460731795
0.184062521023619
-0.136688441846975
0.186700933013965
1.289721183024685
0.186700933015638
-0.136688441846973
0.184062521023623
0.000054460731797
-0.000789944961931
-0.108343917503325
0.078049209773322
-0.228518872664117
-0.190092124438139
0.965977421437802
0.333445877338900
-0.457461925518058
-0.000789944961924
0.001664957763557
-0.058366569814394
0.226315260276956
-0.035916648358717
0.000671043938796
1.219898519094712
0.578528818456949
-0.175371939250473
0.001664957763564
-0.002352883879313
0.035958461147095
-0.139347510593249
0.022803810716833
-0.054876580094764
-0.307410340899589
0.859592667203434
0.567287994926401
-0.002352883879310
0.000833655924965
0.067654500777476
-0.047783586051629
0.145070147924216
0.075564435143523
-0.114832627080132
1.000395146082284
1.001417800947529
0.000833655924968
-0.000262213912119
-0.025342356711063
0.017936392011125
-0.051908203888046
-0.026473913419877
0.034017090933508
-0.238015392240899
0.316348299797437
0.999737786087883
0.001286338275483
-0.013219847267107
0.052491823259061
-0.008415016057822
0.029965780591579
0.089372860140103
-0.121833471001653
0.549623415623068
1.001286338275485
