6
-1.000000000000000
-0.765055323929465
-0.285231516480645
0.285231516480645
0.765055323929466
1.000000000000000
13
-1.000000000000000
-0.965925826289068
-0.866025403784439
-0.707106781186548
-0.500000000000000
-0.258819045102521
-0.000000000000000
0.258819045102521
0.500000000000000
0.707106781186547
0.866025403784439
0.965925826289068
1.000000000000000
0.999835071999092
0.744016208708077
0.217764522505258
-0.134444943728757
-0.130498578259674
0.012204964907637
0.062499000000000
0.003711082615197
-0.049560441387874
-0.016865020916184
0.019217346395348
0.013082561594616
-0.000164928000909
1.000716573275734
0.764774515287198
0.270180375628141
-0.080019630368121
-0.110699010932250
0.028654774879438
0.081736263682232
0.007951344808118
-0.036467191917227
-0.013018067391624
0.024650644431217
0.019190142283078
0.000716573275733
-0.001132227424897
0.307734299100842
0.851916607288400
0.963679273996093
0.489236446225571
-0.114575861060012
-0.243619050173062
-0.022301081932416
0.103926585327581
0.036813419206900
-0.067251718664174
-0.050262599389856
-0.001132227424895
0.000461482735341
0.345553949396545
0.946315023413064
1.043104299696690
0.505207489907727
-0.042793789617633
-0.194647642353841
-0.009065873265766
0.140431827911701
0.045549067364655
-0.052372431756415
-0.035387049290291
0.000461482735344
-0.000722437290586
-0.134880804591115
-0.244860458412139
0.138683561023862
0.747722536837086
0.996191776125205
0.631746200572474
0.000727030445663
-0.271756202146616
-0.076852087200497
0.090013256564378
0.059428264821658
-0.000622760026350
0.000490098408895
-0.109884352546206
-0.179203146157873
0.160506041815137
0.810030160532657
1.094210576842819
0.665979373206212
0.048478368595629
-0.204508685013632
-0.067437856274277
0.119181056378573
0.078266951143588
0.000490098408891
-0.000622760026350
0.059428264821658
0.090013256564378
-0.076852087200497
-0.271756202146616
0.000727030445663
0.631746200572474
0.996191776125205
0.747722536837086
0.138683561023862
-0.244860458412139
-0.134880804591115
-0.000722437290586
0.000490098408891
0.078266951143588
0.119181056378573
-0.067437856274277
-0.204508685013632
0.048478368595629
0.665979373206212
1.094210576842819
0.810030160532657
0.160506041815137
-0.179203146157873
-0.109884352546206
0.000490098408895
-0.001132227424895
-0.050262599389856
-0.067251718664174
0.036813419206900
0.103926585327581
-0.022301081932416
-0.243619050173062
-0.114575861060012
0.489236446225571
0.963679273996093
0.851916607288400
0.307734299100842
-0.001132227424897
0.000461482735344
-0.035387049290291
-0.052372431756415
0.045549067364655
0.140431827911701
-0.009065873265766
-0.194647642353841
-0.042793789617633
0.505207489907727
1.043104299696690
0.946315023413064
0.345553949396545
0.000461482735341
-0.000164928000909
0.013082561594616
0.019217346395348
-0.016865020916184
-0.049560441387874
0.003711082615197
0.062499000000000
0.012204964907637
-0.130498578259674
-0.134444943728757
0.217764522505258
0.744016208708077
0.999835071999092
0.000716573275733
0.019190142283078
0.024650644431217
-0.013018067391624
-0.036467191917227
0.007951344808118
0.081736263682232
0.028654774879438
-0.110699010932250
-0.080019630368121
0.270180375628141
0.764774515287198
1.000716573275734
