8
-1.000000000000000
-0.871740148509605
-0.591700181433143
-0.209299217902479
0.209299217902479
0.591700181433143
0.871740148509605
1.000000000000000
13
-1.000000000000000
-0.833333333333333
-0.666666666666667
-0.500000000000000
-0.333333333333333
-0.166666666666667
0.000000000000000
0.166666666666667
0.333333333333333
0.500000000000000
0.666666666666667
0.833333333333333
1.000000000000000
0.651964560262981
-0.252795434645612
-0.066605509602193
0.052909209988826
0.046441807640619
-0.021148663504605
-0.048515076066478
-0.011561226101004
0.023122191728410
0.017505070917968
-0.023551083575873
-0.013664747079144
-0.000197424183796
1.002487999412313
-0.090148093230234
-0.061520998634783
0.082325159657099
0.053380928257246
-0.012341216832415
-0.036706989984031
-0.007961308397875
0.032906389629201
0.024672900071451
-0.010909372170340
-0.003137355053571
0.025867156876706
-0.003017773372417
0.950204318132806
0.208014498057744
-0.261153437731232
-0.153291598688487
0.039570824700661
0.106180982031424
0.025159169452687
-0.084994989517353
-0.061579923944465
0.032239443837004
0.011648687461184
-0.063919171658069
0.619444262693385
1.206118947735479
0.262960287937419
-0.171956926761113
-0.138752427307346
0.062794864312124
0.135758663001175
0.032010460238677
-0.061152657628580
-0.045500139867389
0.062891210477143
0.036650535046260
0.001517709648151
-0.408692144142005
0.078414685093381
0.915269683132102
0.889803739337010
0.353222651499914
-0.147575021728245
-0.243301313354495
-0.055466579356131
0.101449114170144
0.072734802256516
-0.097531518973721
-0.055743177269946
-0.002432091833467
0.000599323741350
0.202213810380273
1.059707841426003
0.946562979790587
0.373314973824105
-0.089502033484138
-0.204028353469557
-0.046083232029392
0.137223316386858
0.092710713192378
-0.054258870870718
-0.021605899769486
0.092632845732915
-0.000800241746810
-0.124293358109170
-0.284266877121091
0.306240704719857
0.851099086383855
0.982504592785278
0.633742894796018
0.079635813799553
-0.257038009912152
-0.150856718076773
0.085912686363136
0.031283223494125
-0.135786388238217
0.218769974817502
-0.050878106128482
-0.164961955104443
0.313654428005084
0.915447909693643
1.055003017416458
0.661084195117051
0.112355656585763
-0.193289953852869
-0.125752906198118
0.150181358188867
0.080888017989242
0.001435886607997
-0.135786388238217
0.031283223494125
0.085912686363136
-0.150856718076773
-0.257038009912152
0.079635813799553
0.633742894796018
0.982504592785278
0.851099086383855
0.306240704719857
-0.284266877121091
-0.124293358109170
-0.000800241746810
0.001435886607997
0.080888017989242
0.150181358188867
-0.125752906198118
-0.193289953852869
0.112355656585763
0.661084195117051
1.055003017416458
0.915447909693643
0.313654428005084
-0.164961955104443
-0.050878106128482
0.218769974817502
-0.002432091833467
-0.055743177269946
-0.097531518973721
0.072734802256516
0.101449114170144
-0.055466579356131
-0.243301313354495
-0.147575021728245
0.353222651499914
0.889803739337010
0.915269683132102
0.078414685093381
-0.408692144142005
0.092632845732915
-0.021605899769486
-0.054258870870718
0.092710713192378
0.137223316386858
-0.046083232029392
-0.204028353469557
-0.089502033484138
0.373314973824105
0.946562979790587
1.059707841426003
0.202213810380273
0.000599323741350
-0.063919171658069
0.011648687461184
0.032239443837004
-0.061579923944465
-0.084994989517353
0.025159169452687
0.106180982031424
0.039570824700661
-0.153291598688487
-0.261153437731232
0.208014498057744
0.950204318132806
-0.003017773372417
0.001517709648151
0.036650535046260
0.062891210477143
-0.045500139867389
-0.061152657628580
0.032010460238677
0.135758663001175
0.062794864312124
-0.138752427307346
-0.171956926761113
0.262960287937419
1.206118947735479
0.619444262693385
-0.000197424183796
-0.013664747079144
-0.023551083575873
0.017505070917968
0.023122191728410
-0.011561226101004
-0.048515076066478
-0.021148663504605
0.046441807640619
0.052909209988826
-0.066605509602193
-0.252795434645612
0.651964560262981
0.025867156876706
-0.003137355053571
-0.010909372170340
0.024672900071451
0.032906389629201
-0.007961308397875
-0.036706989984031
-0.012341216832415
0.053380928257246
0.082325159657099
-0.061520998634783
-0.090148093230234
1.002487999412313
