6
-1.000000000000000
-0.765055323929465
-0.285231516480645
0.285231516480645
0.765055323929466
1.000000000000000
7
-1.000000000000000
-0.830223896278567
-0.468848793470714
0.000000000000000
0.468848793470714
0.830223896278567
1.000000000000000
0.972220919021281
-0.069910714040051
-0.173677405896177
0.062499000000000
-0.053402722052360
0.001173502679638
-0.000185013922402
1.000895137913050
0.151818240715315
-0.082894811677146
0.131719245873983
-0.034525448820714
0.018049218857599
0.029937946696676
-0.001487861098729
0.942373775034692
0.252635457980792
-0.412282868756785
0.098966282361360
-0.048411323233935
-0.080055471526293
0.072031249793975
1.287127174852384
0.464426708257058
-0.194647642353841
0.151357866365979
-0.006732261297111
0.000482460365609
-0.177541421667424
-0.202258876301484
0.814187421325476
0.606479380484359
-0.420458450658434
0.066354239160125
-0.000511189989849
0.000765397810205
-0.136439697084091
1.134118864359792
0.840625052448583
-0.198176603813951
0.083379010406523
0.129423569222552
-0.000511189989849
0.066354239160125
-0.420458450658434
0.606479380484359
0.814187421325476
-0.202258876301484
-0.177541421667424
0.129423569222552
0.083379010406523
-0.198176603813951
0.840625052448583
1.134118864359792
-0.136439697084091
0.000765397810205
-0.080055471526293
-0.048411323233935
0.098966282361360
-0.412282868756785
0.252635457980792
0.942373775034692
-0.001487861098729
0.000482460365609
-0.006732261297111
0.151357866365979
-0.194647642353841
0.464426708257058
1.287127174852384
0.072031249793975
-0.000185013922402
0.001173502679638
-0.053402722052360
0.062499000000000
-0.173677405896177
-0.069910714040051
0.972220919021281
0.029937946696676
0.018049218857599
-0.034525448820714
0.131719245873983
-0.082894811677146
0.151818240715315
1.000895137913050
