4
-1.000000000000000
-0.447213595499958
0.447213595499958
1.000000000000000
8
-1.000000000000000
-0.871740148509605
-0.591700181433143
-0.209299217902479
0.209299217902479
0.591700181433143
0.871740148509605
1.000000000000000
0.998825256926047
0.627797020445015
0.095333418735621
-0.164701269062245
-0.088154246330342
0.038299836930892
0.044884407718998
-0.000019411255803
1.000063086916608
0.655051757572641
0.149331430749070
-0.118018562435435
-0.077144647208921
0.050278017889244
0.062364760853105
0.000105740825949
-0.000107758070689
0.442485512304459
0.943592580640448
0.877242671241973
0.300762937061609
-0.193584569140259
-0.178966679960651
-0.002049280065346
0.002895944577152
0.491814077807689
1.045391267705500
0.944435350718382
0.317984071395794
-0.131228961525467
-0.142429897687521
0.000055862318458
-0.002049280065346
-0.178966679960651
-0.193584569140259
0.300762937061609
0.877242671241973
0.943592580640448
0.442485512304459
-0.000107758070689
0.000055862318458
-0.142429897687521
-0.131228961525467
0.317984071395794
0.944435350718382
1.045391267705500
0.491814077807689
0.002895944577152
-0.000019411255803
0.044884407718998
0.038299836930892
-0.088154246330342
-0.164701269062245
0.095333418735621
0.627797020445015
0.998825256926047
0.000105740825949
0.062364760853105
0.050278017889244
-0.077144647208921
-0.118018562435435
0.149331430749070
0.655051757572641
1.000063086916608
