8
-1.000000000000000
-0.871740148509605
-0.591700181433143
-0.209299217902479
0.209299217902479
0.591700181433142
0.871740148509605
1.000000000000000
15
-1.000000000000000
-0.933014171949694
-0.842955117256915
-0.692755065818601
-0.546534009087041
-0.364258801817221
-0.186249578810541
0.000000000000000
0.186249578810541
0.364258801817221
0.546534009087041
0.692755065818601
0.842955117256915
0.933014171949694
1.000000000000000
0.934321486246645
0.258722723307787
-0.144120155435661
-0.120767050168343
0.031326734518221
0.055111776069893
-0.016066988387737
-0.050985609974800
-0.006465705770835
0.025489493825109
0.008756851149552
-0.023050560983704
-0.012492107737438
0.010415209230010
-0.000448502089118
1.002918554556593
0.308229109291366
-0.072376589176607
-0.087141499859811
0.056080096421437
0.075605631057116
-0.005475680970320
-0.036290366613756
-0.001574947833112
0.037296915607959
0.015816472559607
-0.013518267380185
-0.003339107512527
0.016823039944309
0.009420955900925
-0.005218293976067
0.818453261156390
0.968220007314937
0.349929977372962
-0.196204233953672
-0.215315954952415
0.018993365990685
0.104017618720540
0.006562338320406
-0.097570576593514
-0.038893998482965
0.037979280579001
0.011116407958353
-0.041408042263372
-0.022049379294027
0.105330493352683
0.922892190156288
1.058360338963772
0.378755491200454
-0.106102721138507
-0.167559921526343
0.047866463649236
0.142051620497372
0.017229775122117
-0.068108041315852
-0.022941853570717
0.060783860717669
0.032819777874752
-0.026829917875862
0.001434355972753
-0.063062540647138
-0.272338726891076
0.125244070988077
0.845005483011523
0.971984614054379
0.472542764395177
-0.121499497069471
-0.253421788160565
-0.028368383233701
0.112848065136663
0.037039162567688
-0.093511299159286
-0.048889907835202
0.040987523171266
-0.001585813459327
0.003009690615322
-0.186953276223538
0.158140817774310
0.923828647497263
1.059545304870224
0.502678527947372
-0.049374259438745
-0.201675455440151
-0.014479336844280
0.155292894332087
0.054398631597648
-0.063941647366495
-0.021823165039022
0.057473393947875
0.028132220094397
-0.001642857336694
0.096951034252062
-0.102254629914028
-0.274814659958881
0.118892996978337
0.771940307922438
0.994787404993987
0.632904712229913
0.012866626391024
-0.277469188016441
-0.080035327602002
0.103207391342276
0.035563697989340
-0.081803936446431
-0.037394121143592
0.049216413714314
0.133430762914690
-0.060150653571913
-0.194219698325633
0.144411605196696
0.829444788437952
1.090243394087638
0.668422820444795
0.058888433550098
-0.208309308340904
-0.062290694329259
0.146276968990602
0.069948743657901
-0.060898200903609
0.001588484469056
-0.037394121143592
-0.081803936446431
0.035563697989340
0.103207391342276
-0.080035327602002
-0.277469188016441
0.012866626391024
0.632904712229913
0.994787404993987
0.771940307922438
0.118892996978337
-0.274814659958881
-0.102254629914028
0.096951034252062
-0.001642857336694
0.001588484469056
-0.060898200903609
0.069948743657901
0.146276968990602
-0.062290694329259
-0.208309308340904
0.058888433550098
0.668422820444795
1.090243394087638
0.829444788437952
0.144411605196696
-0.194219698325633
-0.060150653571913
0.133430762914690
0.049216413714314
-0.001585813459327
0.040987523171266
-0.048889907835202
-0.093511299159286
0.037039162567688
0.112848065136663
-0.028368383233701
-0.253421788160565
-0.121499497069471
0.472542764395177
0.971984614054379
0.845005483011523
0.125244070988077
-0.272338726891076
-0.063062540647138
0.028132220094397
0.057473393947875
-0.021823165039022
-0.063941647366495
0.054398631597648
0.155292894332087
-0.014479336844280
-0.201675455440151
-0.049374259438745
0.502678527947372
1.059545304870224
0.923828647497263
0.158140817774310
-0.186953276223538
0.003009690615322
-0.022049379294027
-0.041408042263372
0.011116407958353
0.037979280579001
-0.038893998482965
-0.097570576593514
0.006562338320406
0.104017618720540
0.018993365990685
-0.215315954952415
-0.196204233953672
0.349929977372962
0.968220007314937
0.818453261156390
-0.005218293976067
0.001434355972753
-0.026829917875862
0.032819777874752
0.060783860717669
-0.022941853570717
-0.068108041315852
0.017229775122117
0.142051620497372
0.047866463649236
-0.167559921526343
-0.106102721138507
0.378755491200454
1.058360338963772
0.922892190156288
0.105330493352683
-0.000448502089118
0.010415209230010
-0.012492107737438
-0.023050560983704
0.008756851149552
0.025489493825109
-0.006465705770835
-0.050985609974800
-0.016066988387737
0.055111776069893
0.031326734518221
-0.120767050168343
-0.144120155435661
0.258722723307787
0.934321486246645
0.009420955900925
0.016823039944309
-0.003339107512527
-0.013518267380185
0.015816472559607
0.037296915607959
-0.001574947833112
-0.036290366613756
-0.005475680970320
0.075605631057116
0.056080096421437
-0.087141499859811
-0.072376589176607
0.308229109291366
1.002918554556593
