5
-1.000000000000000
-0.654653670707977
0.000000000000000
0.654653670707977
1.000000000000000
10
-1.000000000000000
-0.856859181218318
-0.670762052411184
-0.416742962986537
-0.138019307566197
0.138019307566197
0.416742962986537
0.670762052411184
0.856859181218318
1.000000000000000
0.965259093952192
0.392477779378587
-0.029254584901592
-0.166262638677314
-0.057543334412456
0.042629730861629
0.054162477209270
-0.006752489843572
-0.042810413132366
-0.008018878347685
1.000902350992100
0.425502708226972
0.021101252029806
-0.131170188403800
-0.054932446974664
0.058979247291824
0.066296844277301
-0.003245865191251
-0.032059642769109
0.000902350992098
-0.001655915449515
0.702826269286986
0.998064432467783
0.751952195591269
0.193698494778262
-0.198821596920647
-0.199909094386289
0.010572688065240
0.092837739602963
-0.001655915449513
0.064994611208841
0.764394358862907
1.081664023194453
0.794227923233342
0.219345065045037
-0.142807856035743
-0.166927951966125
0.020999294716801
0.122964802146565
0.021995196960281
-0.039019391515682
-0.242887905181479
-0.059958609600595
0.490719268785844
0.937347948668846
0.937347948668848
0.490719268786003
-0.059958609660274
-0.242887905113418
-0.039019391571380
0.001030766695824
-0.189549128324899
-0.026901814208111
0.517371488406465
1.001027437655481
1.001027415720817
0.517371504786101
-0.026901814295675
-0.189549128324395
0.001030766695822
-0.001655915449513
0.092837739602963
0.010572688065240
-0.199909094386289
-0.198821596920647
0.193698494778262
0.751952195591269
0.998064432467783
0.702826269286986
-0.001655915449515
0.021995196960281
0.122964802146565
0.020999294716801
-0.166927951966125
-0.142807856035743
0.219345065045037
0.794227923233342
1.081664023194453
0.764394358862907
0.064994611208841
-0.008018878347685
-0.042810413132366
-0.006752489843572
0.054162477209270
0.042629730861629
-0.057543334412456
-0.166262638677314
-0.029254584901592
0.392477779378587
0.965259093952192
0.000902350992098
-0.032059642769109
-0.003245865191251
0.066296844277301
0.058979247291824
-0.054932446974664
-0.131170188403800
0.021101252029806
0.425502708226972
1.000902350992100
