5
-1.000000000000000
-0.654653670707977
0.000000000000000
0.654653670707977
1.000000000000000
17
-1.000000000000000
-0.875000000000000
-0.750000000000000
-0.625000000000000
-0.500000000000000
-0.375000000000000
-0.250000000000000
-0.125000000000000
0.000000000000000
0.125000000000000
0.250000000000000
0.375000000000000
0.500000000000000
0.625000000000000
0.750000000000000
0.875000000000000
1.000000000000000
0.971073486172477
0.460230360564699
0.136354795476801
-0.047029944241863
-0.125752020760329
-0.135461238160818
-0.102373208878960
-0.051201379694818
-0.000031613343089
0.039464924374288
0.060057593750000
0.059011719939883
0.039026237491499
0.007327085429517
-0.024139090864357
-0.037959216614970
-0.008390284496580
1.000707263701126
0.483857201171875
0.154387491286042
-0.033304529575673
-0.116600943246038
-0.129282449608287
-0.099428625502340
-0.050037025904878
0.002291701903545
0.042685838638037
0.063617076281416
0.062216628560599
0.041355197208052
0.008556381396686
-0.021278161306370
-0.031702508786095
0.000707263701125
-0.001308861363844
0.640466784488324
0.939915925937196
0.994209565572905
0.882871268347493
0.676243541508003
0.430202136757886
0.188981204435161
-0.009330802206969
-0.143833795276356
-0.203872700600510
-0.192719703735834
-0.123700898345063
-0.024358350554258
0.062605560489848
0.091390386031150
-0.001308861363841
0.054765591787119
0.683872259842058
0.971108161780123
1.016425322799891
0.895513685740116
0.682806677149074
0.433099487200869
0.196080417835726
0.000001000000000
-0.132865406718351
-0.193620774047905
-0.183843031468778
-0.118256308935449
-0.021253990431381
0.070618517312738
0.108347595896270
0.023343884521887
-0.040544273822137
-0.214867620262844
-0.153761806318109
0.044271913763130
0.311479824562693
0.577023012736065
0.800622650420793
0.948118816243927
0.999998999999999
0.948118816243928
0.800622650420793
0.577023012736087
0.311479824555664
0.044271913763135
-0.153761806318116
-0.214867620262839
-0.040544273822148
0.000899751135745
-0.184325171874998
-0.135934330305401
0.054628238905085
0.313526557287342
0.583943085954366
0.811435484470035
0.961789131921217
1.014041925360504
0.961789131921249
0.811435484470005
0.583943085954638
0.313526557287079
0.054628238905085
-0.135934330305402
-0.184325171874999
0.000899751135742
-0.001308861363841
0.091390386031150
0.062605560489848
-0.024358350554258
-0.123700898345063
-0.192719703735834
-0.203872700600510
-0.143833795276356
-0.009330802206969
0.188981204435161
0.430202136757886
0.676243541508003
0.882871268347493
0.994209565572905
0.939915925937196
0.640466784488324
-0.001308861363844
0.023343884521887
0.108347595896270
0.070618517312738
-0.021253990431381
-0.118256308935449
-0.183843031468778
-0.193620774047905
-0.132865406718351
0.000001000000000
0.196080417835726
0.433099487200869
0.682806677149074
0.895513685740116
1.016425322799891
0.971108161780123
0.683872259842058
0.054765591787119
-0.008390284496580
-0.037959216614970
-0.024139090864357
0.007327085429517
0.039026237491499
0.059011719939883
0.060057593750000
0.039464924374288
-0.000031613343089
-0.051201379694818
-0.102373208878960
-0.135461238160818
-0.125752020760329
-0.047029944241863
0.136354795476801
0.460230360564699
0.971073486172477
0.000707263701125
-0.031702508786095
-0.021278161306370
0.008556381396686
0.041355197208052
0.062216628560599
0.063617076281416
0.042685838638037
0.002291701903545
-0.050037025904878
-0.099428625502340
-0.129282449608287
-0.116600943246038
-0.033304529575673
0.154387491286042
0.483857201171875
1.000707263701126
