6
-1.000000000000000
-0.765055323929465
-0.285231516480645
0.285231516480645
0.765055323929466
1.000000000000000
8
-1.000000000000000
-0.900968867902419
-0.623489801858734
-0.222520933956314
0.222520933956314
0.623489801858733
0.900968867902419
1.000000000000000
0.999789430715686
0.220981517089846
-0.232184987430605
0.027349111749113
0.005917122442565
-0.067505853339429
0.021495544588895
-0.000210569284315
1.001319976620748
0.412641562269882
-0.127661236005658
0.073860491830976
0.053956454236779
-0.028547813743261
0.031019146288617
0.006082399435810
-0.002405631511827
0.716381761446115
0.813825177080478
-0.262902674972378
-0.131525613943280
0.080799348763659
-0.084551212567953
-0.014151677742287
0.000935086560866
1.062947706231168
0.944339329029475
-0.093468953750466
-0.016149602353495
0.193186928505871
-0.058072783282323
0.000935086560869
-0.001471761741517
-0.404075707467602
0.401258405729514
0.979107824884147
-0.006405888421796
-0.346584475735823
0.098852821003841
-0.001471761741521
0.001669803283070
-0.191462002099381
0.583485775484899
1.209580911928180
0.122134119481764
-0.152260843770624
0.150769155870566
0.015090709176254
-0.001471761741521
0.098852821003841
-0.346584475735823
-0.006405888421796
0.979107824884147
0.401258405729514
-0.404075707467602
-0.001471761741517
0.015090709176254
0.150769155870566
-0.152260843770624
0.122134119481764
1.209580911928180
0.583485775484899
-0.191462002099381
0.001669803283070
-0.014151677742287
-0.084551212567953
0.080799348763659
-0.131525613943280
-0.262902674972378
0.813825177080478
0.716381761446115
-0.002405631511827
0.000935086560869
-0.058072783282323
0.193186928505871
-0.016149602353495
-0.093468953750466
0.944339329029475
1.062947706231168
0.000935086560866
-0.000210569284315
0.021495544588895
-0.067505853339429
0.005917122442565
0.027349111749113
-0.232184987430605
0.220981517089846
0.999789430715686
0.006082399435810
0.031019146288617
-0.028547813743261
0.053956454236779
0.073860491830976
-0.127661236005658
0.412641562269882
1.001319976620748
