3
-1.000000000000000
0.000000000000000
1.000000000000000
4
-1.000000000000000
-0.447213595499958
0.447213595499958
1.000000000000000
0.994425746593468
0.223605799340603
-0.223607799340603
-0.005574252659394
1.000065635090093
0.323607797751452
-0.123605797749979
0.000065635090091
-0.000130270912457
0.799998998494377
0.799999000000000
-0.000130270912457
0.011147504524069
1.000001000000026
1.000000999999974
0.011147504524081
-0.005574252659394
-0.223607799340603
0.223605799340603
0.994425746593468
0.000065635090091
-0.123605797749979
0.323607797751452
1.000065635090093
