3
-1.000000000000000
0.000000000000000
1.000000000000000
19
-1.000000000000000
-0.888888888888889
-0.777777777777778
-0.666666666666667
-0.555555555555556
-0.444444444444444
-0.333333333333333
-0.222222222222222
-0.111111111111111
0.000000000000000
0.111111111111111
0.222222222222222
0.333333333333333
0.444444444444444
0.555555555555555
0.666666666666667
0.777777777777778
0.888888888888889
1.000000000000000
0.998475362235982
0.837942265943130
0.689833386927340
0.553991648659179
0.430574127668142
0.319423747424551
0.220697584458326
0.134238562239336
0.060203757297832
-0.001563906896463
-0.050907353813279
-0.087983659982886
-0.112635748874992
-0.125020697019938
-0.124981427887322
-0.112675018007608
-0.087944390850270
-0.050946622945894
-0.001524637763847
1.000056611166722
0.839507172839506
0.691414635858080
0.555556555555556
0.432155376598821
0.320988654320988
0.222278833388945
0.135803469135803
0.061785006228451
0.000001000000000
-0.049326104882660
-0.086418753086420
-0.111054499944389
-0.123455790123457
-0.123400178956735
-0.111110111111111
-0.086363141919697
-0.049381715983302
0.000056611166722
-0.000112222333446
0.209875543209876
0.394949506061617
0.555554555555555
0.691245802357914
0.802468135802469
0.888776666555444
0.950616283950616
0.987542098654209
0.999999000000000
0.987542098654209
0.950616283950617
0.888776666555444
0.802468135802468
0.691245802357913
0.555554555555555
0.394949506061617
0.209875543209876
-0.000112222333445
0.003050821282300
0.213000779721085
0.398112549677167
0.558679792066753
0.694408845973068
0.805593372314443
0.891939710170622
0.953741520461792
0.990705142270201
1.003124236511152
0.990705142270201
0.953741520461770
0.891939710170645
0.805593372314398
0.694408845973114
0.558679792067507
0.398112549676411
0.213000779721816
0.003050821281454
-0.001524637763847
-0.050946622945894
-0.087944390850270
-0.112675018007608
-0.124981427887322
-0.125020697019938
-0.112635748874992
-0.087983659982886
-0.050907353813279
-0.001563906896463
0.060203757297832
0.134238562239336
0.220697584458326
0.319423747424551
0.430574127668142
0.553991648659179
0.689833386927340
0.837942265943130
0.998475362235982
0.000056611166722
-0.049381715983302
-0.086363141919697
-0.111110111111111
-0.123400178956735
-0.123455790123457
-0.111054499944389
-0.086418753086420
-0.049326104882660
0.000001000000000
0.061785006228451
0.135803469135803
0.222278833388945
0.320988654320988
0.432155376598821
0.555556555555556
0.691414635858080
0.839507172839506
1.000056611166722
