6
-1.000000000000000
-0.765055323929465
-0.285231516480645
0.285231516480645
0.765055323929466
1.000000000000000
13
-1.000000000000000
-0.953309846642136
-0.846347564651927
-0.686188469081722
-0.482909821091345
-0.249286930106240
-0.000000000000000
0.249286930106240
0.482909821091337
0.686188469081757
0.846347564651867
0.953309846642168
1.000000000000000
0.998835755640976
0.661008850035898
0.150608362193713
-0.146746454831735
-0.118960007144396
0.016331271952443
0.062499000000000
0.007236283187393
-0.047692915778482
-0.022434519493442
0.016660075706959
0.016330274927785
-0.000159466638416
1.000689961021817
0.686440229124837
0.201560653236106
-0.098347318244948
-0.103558184479785
0.031712601197307
0.080437990769549
0.010600668062921
-0.035681733934776
-0.017713532143635
0.021138377067460
0.023235055965249
0.000711201823814
-0.001132576878752
0.405276659404696
0.907732073508520
0.934699472813786
0.439532421374720
-0.124023710981440
-0.239378372885677
-0.030195762635634
0.101840177141367
0.049802505241356
-0.057104115065198
-0.062045834217703
-0.001188260428729
0.002778975266613
0.450500376150912
0.999725442995552
1.001147892297332
0.455108883352704
-0.056745283362826
-0.194647642353841
-0.019452184547535
0.135523952190024
0.061062770936380
-0.045472472207064
-0.044212308945642
0.000447221954456
-0.002461861261482
-0.170003949196850
-0.217641639165315
0.208486829048474
0.785295698431048
0.992686334876617
0.631955768909293
0.024817023776428
-0.265390212537175
-0.105031681073197
0.078775611495497
0.074601003475711
-0.000410619978668
0.000644474004339
-0.138356864502637
-0.159155763348561
0.223388789884211
0.846930047957307
1.083083284543633
0.662897764650176
0.067407978297194
-0.201881520023156
-0.091407230975567
0.098030644617622
0.102018586150608
0.000735206928257
-0.000410619978668
0.074601003475711
0.078775611495497
-0.105031681073197
-0.265390212537175
0.024817023776428
0.631955768909293
0.992686334876617
0.785295698431048
0.208486829048474
-0.217641639165315
-0.170003949196850
-0.002461861261482
0.000735206928257
0.102018586150608
0.098030644617622
-0.091407230975567
-0.201881520023156
0.067407978297194
0.662897764650176
1.083083284543633
0.846930047957307
0.223388789884211
-0.159155763348561
-0.138356864502637
0.000644474004339
-0.001188260428729
-0.062045834217703
-0.057104115065198
0.049802505241356
0.101840177141367
-0.030195762635634
-0.239378372885677
-0.124023710981440
0.439532421374720
0.934699472813786
0.907732073508520
0.405276659404696
-0.001132576878752
0.000447221954456
-0.044212308945642
-0.045472472207064
0.061062770936380
0.135523952190024
-0.019452184547535
-0.194647642353841
-0.056745283362826
0.455108883352704
1.001147892297332
0.999725442995552
0.450500376150912
0.002778975266613
-0.000159466638416
0.016330274927785
0.016660075706959
-0.022434519493442
-0.047692915778482
0.007236283187393
0.062499000000000
0.016331271952443
-0.118960007144396
-0.146746454831735
0.150608362193713
0.661008850035898
0.998835755640976
0.000711201823814
0.023235055965249
0.021138377067460
-0.017713532143635
-0.035681733934776
0.010600668062921
0.080437990769549
0.031712601197307
-0.103558184479785
-0.098347318244948
0.201560653236106
0.686440229124837
1.000689961021817
