4
-1.000000000000000
-0.447213595499958
0.447213595499958
1.000000000000000
7
-1.000000000000000
-0.830223896278567
-0.468848793470714
0.000000000000000
0.468848793470714
0.830223896278567
1.000000000000000
0.997917041984949
0.512404809594232
-0.057746737134739
-0.166953867167108
0.006575890709013
0.051915653709361
-0.000101369553402
1.000388631156749
0.559783564373295
0.018195621870002
-0.124790074324459
0.017811118483837
0.080886838521709
0.000531241488562
-0.000694679722693
0.554552121354329
0.998814642550156
0.624409118633936
-0.079736727786012
-0.248749076832192
-0.001229381168106
0.003945728690023
0.646576995281920
1.129953378204871
0.674444961099367
-0.023588631473837
-0.166244132606080
0.000414614391100
-0.001229381168106
-0.248749076832192
-0.079736727786012
0.624409118633936
0.998814642550156
0.554552121354329
-0.000694679722693
0.000414614391100
-0.166244132606080
-0.023588631473837
0.674444961099367
1.129953378204871
0.646576995281920
0.003945728690023
-0.000101369553402
0.051915653709361
0.006575890709013
-0.166953867167108
-0.057746737134739
0.512404809594232
0.997917041984949
0.000531241488562
0.080886838521709
0.017811118483837
-0.124790074324459
0.018195621870002
0.559783564373295
1.000388631156749
