5
-1.000000000000000
-0.654653670707977
0.000000000000000
0.654653670707977
1.000000000000000
7
-1.000000000000000
-0.748868991205290
-0.390275166177002
0.000000000000000
0.390275166177002
0.748868991205290
1.000000000000000
0.925684762340622
0.033287954155523
-0.197071985637692
-0.000027628469098
0.057519905025768
-0.032179888200674
-0.034088137954505
1.001211201939077
0.151535715361545
-0.130236045373427
0.021346954895340
0.088631126356309
-0.020677870865736
0.001211201939075
-0.002177084416710
0.942469432434405
0.703797675023153
-0.092691819574024
-0.263885339636746
0.061498213678824
-0.002177084416707
0.148716136422668
1.142929834344943
0.784601467651408
0.000001000000000
-0.178319822155727
0.094380220851770
0.095320399986072
-0.151263488329274
-0.221371580957960
0.545353575224055
0.999998999999999
0.545353575234973
-0.221371580905112
-0.151263488389867
0.001100940705868
-0.135510253665931
0.602764212933007
1.159258243837348
0.602764212963942
-0.135510253652239
0.001100940705865
-0.002177084416707
0.061498213678824
-0.263885339636746
-0.092691819574024
0.703797675023153
0.942469432434405
-0.002177084416710
0.095320399986072
0.094380220851770
-0.178319822155727
0.000001000000000
0.784601467651408
1.142929834344943
0.148716136422668
-0.034088137954505
-0.032179888200674
0.057519905025768
-0.000027628469098
-0.197071985637692
0.033287954155523
0.925684762340622
0.001211201939075
-0.020677870865736
0.088631126356309
0.021346954895340
-0.130236045373427
0.151535715361545
1.001211201939077
