5
-1.000000000000000
-0.654653670707977
0.000000000000000
0.654653670707977
1.000000000000000
18
-1.000000000000000
-0.989400934991650
-0.944575023073233
-0.865631202387832
-0.755404408355003
-0.617876244402644
-0.458016777657227
-0.281603550779259
-0.095012509837637
0.095012509837637
0.281603550779259
0.458016777657227
0.617876244402644
0.755404408355003
0.865631202387832
0.944575023073233
0.989400934991650
1.000000000000000
0.999942150659019
0.946433474879812
0.738269779797039
0.439758468112513
0.146270329234952
-0.059456641086018
-0.142187062369295
-0.116900947921539
-0.038250840022842
0.031517346828766
0.061809730751944
0.047522327322063
0.009318383582524
-0.025812475693866
-0.035687509516236
-0.023235164164897
-0.005494073307922
-0.000057849340982
1.001048217985563
0.948075027255830
0.745178938773099
0.453448792914957
0.164963794116634
-0.040728879191102
-0.127672562683885
-0.110004609373395
-0.036646018057921
0.037650190521556
0.068144970995830
0.051583979090716
0.010153814813167
-0.022678515223690
-0.032348644006805
-0.020998903470236
-0.004757351293227
0.000589766937064
-0.001489467951246
0.069571207311982
0.332399825351663
0.673157240999909
0.933488399528725
0.992014107392393
0.821765863405217
0.493897489050335
0.128455613473743
-0.129768139687025
-0.217315306225389
-0.155636286778246
-0.029345211387934
0.066217467708133
0.092951580417120
0.059893630378419
0.013743209452574
-0.001322674679793
0.000165348356088
0.072797725508301
0.345296917830794
0.698366832947611
0.965963892272246
1.022002456091819
0.840090913751583
0.497351529917752
0.144258294967552
-0.107452071404716
-0.197446526706477
-0.145303676891609
-0.027083016099558
0.075337524372409
0.102011496896087
0.065901334214791
0.015449904781912
0.000165348356091
-0.000159251021315
-0.028992087933431
-0.126502701992278
-0.203919268320230
-0.162265853235079
0.055981253316406
0.403282155336500
0.750337151130012
0.969985188471864
0.969985188471864
0.750337151130012
0.403282155335934
0.055981253378547
-0.162265853306881
-0.203919268260827
-0.126502702038787
-0.028992087913566
-0.000159251021317
0.001150119162169
-0.026763355504241
-0.116598794416066
-0.187334273708303
-0.142116449512925
0.067879402896068
0.407634375039841
0.770187881832165
1.000418522412788
1.000418522412797
0.770187881832157
0.407634375039845
0.067879402896067
-0.142116449512926
-0.187334273708305
-0.116598794416069
-0.026763355211719
0.001150119236311
-0.001322674679793
0.013743209452574
0.059893630378419
0.092951580417120
0.066217467708133
-0.029345211387934
-0.155636286778246
-0.217315306225389
-0.129768139687025
0.128455613473743
0.493897489050335
0.821765863405217
0.992014107392393
0.933488399528725
0.673157240999909
0.332399825351663
0.069571207311982
-0.001489467951246
0.000165348356091
0.015449904781912
0.065901334214791
0.102011496896087
0.075337524372409
-0.027083016099558
-0.145303676891609
-0.197446526706477
-0.107452071404716
0.144258294967552
0.497351529917752
0.840090913751583
1.022002456091819
0.965963892272246
0.698366832947611
0.345296917830794
0.072797725508301
0.000165348356088
-0.000057849340982
-0.005494073307922
-0.023235164164897
-0.035687509516236
-0.025812475693866
0.009318383582524
0.047522327322063
0.061809730751944
0.031517346828766
-0.038250840022842
-0.116900947921539
-0.142187062369295
-0.059456641086018
0.146270329234952
0.439758468112513
0.738269779797039
0.946433474879812
0.999942150659019
0.000589766937064
-0.004757351293227
-0.020998903470236
-0.032348644006805
-0.022678515223690
0.010153814813167
0.051583979090716
0.068144970995830
0.037650190521556
-0.036646018057921
-0.110004609373395
-0.127672562683885
-0.040728879191102
0.164963794116634
0.453448792914957
0.745178938773099
0.948075027255830
1.001048217985563
