6
-1.000000000000000
-0.765055323929465
-0.285231516480645
0.285231516480645
0.765055323929466
1.000000000000000
14
-1.000000000000000
-0.970941817426052
-0.885456025653210
-0.748510748171101
-0.568064746731156
-0.354604887042536
-0.120536680255323
0.120536680255323
0.354604887042535
0.568064746731156
0.748510748171101
0.885456025653210
0.970941817426052
1.000000000000000
0.999871292740644
0.781180787078573
0.306008734019646
-0.077553536309932
-0.156052212619408
-0.036388851296969
0.056097667861932
0.043936880321157
-0.023810276691945
-0.045758263309665
-0.004360901864554
0.020934766790536
0.011706286882598
-0.000128707259356
1.000741870420458
0.796663801430311
0.345809498644079
-0.027520984266472
-0.129862971810201
-0.030120883557748
0.075386474029783
0.051822538387732
-0.016624336255039
-0.035266385038968
-0.002492217071795
0.027440653770770
0.015139376961447
0.000741870420457
-0.001041329550024
0.267701913750204
0.783133247899794
0.996798333849345
0.680514501118393
0.092849533424338
-0.242924803001383
-0.151557609837860
0.049046349638208
0.099877236744041
0.007644525566408
-0.073911384779327
-0.039777042530064
-0.001041329550022
0.000504588332467
0.296076801452935
0.855132697451979
1.075286121018221
0.704071075409798
0.136025007535879
-0.182388149456397
-0.132320315156814
0.069862287705940
0.127841170456526
0.011854653678310
-0.056825897397228
-0.031508409516765
0.000504588332470
-0.000958488269968
-0.114843339850847
-0.245034396942258
0.014907330362805
0.574317075614187
0.973396527686978
0.864036213091386
0.337837402605369
-0.162639046946214
-0.230733219032177
-0.020789500885156
0.097039222801211
0.052732299516047
-0.000822686588302
0.000677746006566
-0.097364410700582
-0.190159357376574
0.043441789099635
0.607766323641260
1.054585050887936
0.922804903406328
0.351647751989692
-0.105516747120488
-0.190238743554413
-0.013296029853090
0.125963127209487
0.064521209539401
0.000715366403694
-0.000822686588302
0.052732299516047
0.097039222801211
-0.020789500885156
-0.230733219032177
-0.162639046946214
0.337837402605369
0.864036213091386
0.973396527686978
0.574317075614187
0.014907330362805
-0.245034396942258
-0.114843339850847
-0.000958488269968
0.000715366403694
0.064521209539401
0.125963127209487
-0.013296029853090
-0.190238743554413
-0.105516747120488
0.351647751989692
0.922804903406328
1.054585050887936
0.607766323641260
0.043441789099635
-0.190159357376574
-0.097364410700582
0.000677746006566
-0.001041329550022
-0.039777042530064
-0.073911384779327
0.007644525566408
0.099877236744041
0.049046349638208
-0.151557609837860
-0.242924803001383
0.092849533424338
0.680514501118393
0.996798333849345
0.783133247899794
0.267701913750204
-0.001041329550024
0.000504588332470
-0.031508409516765
-0.056825897397228
0.011854653678310
0.127841170456526
0.069862287705940
-0.132320315156814
-0.182388149456397
0.136025007535879
0.704071075409798
1.075286121018221
0.855132697451979
0.296076801452935
0.000504588332467
-0.000128707259356
0.011706286882598
0.020934766790536
-0.004360901864554
-0.045758263309665
-0.023810276691945
0.043936880321157
0.056097667861932
-0.036388851296969
-0.156052212619408
-0.077553536309932
0.306008734019646
0.781180787078573
0.999871292740644
0.000741870420457
0.015139376961447
0.027440653770770
-0.002492217071795
-0.035266385038968
-0.016624336255039
0.051822538387732
0.075386474029783
-0.030120883557748
-0.129862971810201
-0.027520984266472
0.345809498644079
0.796663801430311
1.000741870420458
