8
-1.000000000000000
-0.871740148509605
-0.591700181433143
-0.209299217902479
0.209299217902479
0.591700181433143
0.871740148509605
1.000000000000000
14
-1.000000000000000
-0.846153846153846
-0.692307692307692
-0.538461538461538
-0.384615384615385
-0.230769230769231
-0.076923076923077
0.076923076923077
0.230769230769231
0.384615384615385
0.538461538461539
0.692307692307693
0.846153846153846
1.000000000000000
0.696109758412681
-0.217491272804287
-0.089919020049631
0.035888135037247
0.059701323615088
0.005597413858144
-0.044061108374064
-0.034854370263085
0.004857083583215
0.026372761463865
0.010519551986193
-0.025826985243229
-0.009633374121210
-0.000292824802205
1.000589667398307
-0.066882939265047
-0.088993855782048
0.052122310395551
0.073350416158170
0.008750980036813
-0.034924912801328
-0.029842264975283
0.007876272962679
0.033733536237104
0.013538967120323
-0.015751098896950
-0.001598866617731
0.022311165114914
-0.000743183874873
0.976823625293560
0.339203630950622
-0.199503639763108
-0.204392745834733
-0.024561535519947
0.099443080223392
0.083166081925887
-0.020936255315588
-0.089312875050523
-0.034912537035900
0.042204114871587
0.004982270966656
-0.057328260680783
0.545468861223644
1.216741496366799
0.373443974376664
-0.120718961476463
-0.182794034236724
-0.014527885055040
0.125176162328201
0.095713138067566
-0.012754611063527
-0.070160357687692
-0.027426452135325
0.068213199503323
0.025548101854241
0.001218210404847
-0.366234042684922
0.012024960074421
0.846384696567246
0.961318053265510
0.547694108709401
0.015378974145147
-0.241873753632153
-0.170454258334780
0.022413434326425
0.115428200891868
0.044018882768936
-0.104858001316175
-0.038124233694170
-0.001430097657888
0.000298414393749
0.125222452386728
0.945689932406305
1.038761202656414
0.558636941034681
0.053853743365708
-0.196551646625415
-0.151172463549878
0.036568237484716
0.145148397299933
0.053429955657944
-0.066271594373646
-0.008356344323617
0.085706656087267
-0.000652731367087
-0.081318782550394
-0.296696447616551
0.155784771587458
0.712975581848200
0.995483795921746
0.840591767688834
0.381995881353150
-0.089939397747021
-0.256193393689749
-0.086640760705419
0.103626739665870
0.012337303637406
-0.126837615307903
0.199084650053832
-0.017363184773947
-0.193854866328795
0.171698851063074
0.752924933653550
1.061598603593168
0.882266245976813
0.392340507350813
-0.048109721445007
-0.210204658512003
-0.074463547622546
0.161660926457599
0.054669299387934
0.000954390704297
-0.126837615307903
0.012337303637406
0.103626739665870
-0.086640760705419
-0.256193393689749
-0.089939397747021
0.381995881353150
0.840591767688834
0.995483795921746
0.712975581848200
0.155784771587458
-0.296696447616551
-0.081318782550394
-0.000652731367087
0.000954390704297
0.054669299387934
0.161660926457599
-0.074463547622546
-0.210204658512003
-0.048109721445007
0.392340507350813
0.882266245976813
1.061598603593168
0.752924933653550
0.171698851063074
-0.193854866328795
-0.017363184773947
0.199084650053832
-0.001430097657888
-0.038124233694170
-0.104858001316175
0.044018882768936
0.115428200891868
0.022413434326425
-0.170454258334780
-0.241873753632153
0.015378974145147
0.547694108709401
0.961318053265510
0.846384696567246
0.012024960074421
-0.366234042684922
0.085706656087267
-0.008356344323617
-0.066271594373646
0.053429955657944
0.145148397299933
0.036568237484716
-0.151172463549878
-0.196551646625415
0.053853743365708
0.558636941034681
1.038761202656414
0.945689932406305
0.125222452386728
0.000298414393749
-0.057328260680783
0.004982270966656
0.042204114871587
-0.034912537035900
-0.089312875050523
-0.020936255315588
0.083166081925887
0.099443080223392
-0.024561535519947
-0.204392745834733
-0.199503639763108
0.339203630950622
0.976823625293560
-0.000743183874873
0.001218210404847
0.025548101854241
0.068213199503323
-0.027426452135325
-0.070160357687692
-0.012754611063527
0.095713138067566
0.125176162328201
-0.014527885055040
-0.182794034236724
-0.120718961476463
0.373443974376664
1.216741496366799
0.545468861223644
-0.000292824802205
-0.009633374121210
-0.025826985243229
0.010519551986193
0.026372761463865
0.004857083583215
-0.034854370263085
-0.044061108374064
0.005597413858144
0.059701323615088
0.035888135037247
-0.089919020049631
-0.217491272804287
0.696109758412681
0.022311165114914
-0.001598866617731
-0.015751098896950
0.013538967120323
0.033733536237104
0.007876272962679
-0.029842264975283
-0.034924912801328
0.008750980036813
0.073350416158170
0.052122310395551
-0.088993855782048
-0.066882939265047
1.000589667398307
