7
-1.000000000000000
-0.830223896278567
-0.468848793470714
0.000000000000000
0.468848793470714
0.830223896278567
1.000000000000000
15
-1.000000000000000
-0.918999280760697
-0.816895445991042
-0.666563343536359
-0.518496367866190
-0.356439789421491
-0.173926709286896
0.000000000000000
0.173926709286896
0.356439789421491
0.518496367866190
0.666563343536359
0.816895445991042
0.918999280760697
1.000000000000000
0.943994728615497
0.312862210490847
-0.086415505066382
-0.159015216402402
-0.033555051200380
0.052010063472502
0.052454518471619
-0.002723107948997
-0.045592151098380
-0.029375196313685
0.010433713863081
0.025093302755376
0.002689881483029
-0.019918304376627
-0.006525170900577
1.002035319307979
0.352876395053397
-0.029568138027231
-0.124249618391855
-0.027489170040212
0.069389131197602
0.062961602371590
0.001997576894202
-0.035084854845053
-0.022680630052914
0.015140588305526
0.033349401445169
0.007206770177592
-0.013014588463715
0.002035319307977
-0.003668598656900
0.776301194545508
0.994555975420929
0.615281696184816
0.087299079899998
-0.222040537984340
-0.187494232266596
-0.003519310330916
0.100974754821884
0.064442126558218
-0.039624507232899
-0.087497084863878
-0.017303682999333
0.036141669135404
-0.003668598656903
0.096891397894677
0.854784395893836
1.076874694662388
0.648838055648401
0.124789749498190
-0.170339357381223
-0.158932407329771
0.009364491001401
0.128976081001893
0.080472326014333
-0.028032823057594
-0.067064715427121
-0.006795282287143
0.053085781769292
0.017347412204696
-0.059919166053246
-0.255996818056671
0.023666014456546
0.639080742998455
0.977331946015786
0.896073608187209
0.437049328040293
-0.036079261511105
-0.245829917834157
-0.143529276767826
0.048039059628016
0.110532009978303
0.010662075622784
-0.083864808114340
-0.026288360545651
0.002140191749883
-0.191193777537502
0.049254905008424
0.677448370720693
1.042253950609819
0.944896876468319
0.453043922433441
0.001554998440611
-0.202100487096665
-0.120113672107577
0.064795891969046
0.139781442724231
0.022747283440087
-0.060523365794247
0.002140191749873
-0.001149578888750
0.099466883903535
-0.034840534144104
-0.241020032839610
-0.141592056565752
0.288626811901176
0.799211518595829
0.999999000000002
0.799211518595828
0.288626811903263
-0.141592056567246
-0.241020032838233
-0.034840534142781
0.099466883902850
-0.001149578888749
0.037482742103747
0.134343642173910
-0.017823934785821
-0.201684813863823
-0.099269834460596
0.301789187672153
0.839976274130542
1.057769255579939
0.839976274131905
0.301789187671216
-0.099269834460648
-0.201684813863822
-0.017823934785814
0.134343642173899
0.037482742103761
-0.026288360545651
-0.083864808114340
0.010662075622784
0.110532009978303
0.048039059628016
-0.143529276767826
-0.245829917834157
-0.036079261511105
0.437049328040293
0.896073608187209
0.977331946015786
0.639080742998455
0.023666014456546
-0.255996818056671
-0.059919166053246
0.002140191749873
-0.060523365794247
0.022747283440087
0.139781442724231
0.064795891969046
-0.120113672107577
-0.202100487096665
0.001554998440611
0.453043922433441
0.944896876468319
1.042253950609819
0.677448370720693
0.049254905008424
-0.191193777537502
0.002140191749883
-0.003668598656903
0.036141669135404
-0.017303682999333
-0.087497084863878
-0.039624507232899
0.064442126558218
0.100974754821884
-0.003519310330916
-0.187494232266596
-0.222040537984340
0.087299079899998
0.615281696184816
0.994555975420929
0.776301194545508
-0.003668598656900
0.017347412204696
0.053085781769292
-0.006795282287143
-0.067064715427121
-0.028032823057594
0.080472326014333
0.128976081001893
0.009364491001401
-0.158932407329771
-0.170339357381223
0.124789749498190
0.648838055648401
1.076874694662388
0.854784395893836
0.096891397894677
-0.006525170900577
-0.019918304376627
0.002689881483029
0.025093302755376
0.010433713863081
-0.029375196313685
-0.045592151098380
-0.002723107948997
0.052454518471619
0.052010063472502
-0.033555051200380
-0.159015216402402
-0.086415505066382
0.312862210490847
0.943994728615497
0.002035319307977
-0.013014588463715
0.007206770177592
0.033349401445169
0.015140588305526
-0.022680630052914
-0.035084854845053
0.001997576894202
0.062961602371590
0.069389131197602
-0.027489170040212
-0.124249618391855
-0.029568138027231
0.352876395053397
1.002035319307979
