3
-1.000000000000000
0.000000000000000
1.000000000000000
15
-1.000000000000000
-0.984183054718588
-0.917598399222978
-0.801578090733310
-0.642349339440340
-0.448492751036447
-0.230458315955135
0.000000000000000
0.230458315955135
0.448492751036447
0.642349339440340
0.801578090733310
0.917598399222978
0.984183054718588
1.000000000000000
0.999998498998547
0.976196215221868
0.878710603931684
0.719634532598417
0.523456071320847
0.319394804068923
0.135298661950656
-0.006796266031924
-0.095159654004505
-0.129097946967450
-0.118893268120848
-0.081943558131491
-0.038887795293445
-0.007986839496143
-0.000001501001453
1.000115978349850
0.976509052580747
0.879897983357719
0.722155784464364
0.527528727595983
0.324842835115636
0.141816721640957
0.000001000000000
-0.088641594314189
-0.123649915923034
-0.114820611842777
-0.079422306268051
-0.037700415849330
-0.007674002136272
0.000115978349850
-0.000230956699701
0.031165949550504
0.157803432496813
0.357267521941512
0.587292884248374
0.798808080805175
0.946825872673221
0.999999000000000
0.946825872673221
0.798808080805175
0.587292884248374
0.357267521798746
0.157803432507757
0.031165949536112
-0.000230956699701
0.000002002001376
0.031789624301261
0.160176191296888
0.362308025629267
0.595436196666831
0.809702143053766
0.959859991884269
1.013591532226501
0.959859991896560
0.809702143042317
0.595436196678276
0.362308025620323
0.160176191301731
0.031789624298095
0.000002002001376
-0.000001501001453
-0.007986839496143
-0.038887795293445
-0.081943558131491
-0.118893268120848
-0.129097946967450
-0.095159654004505
-0.006796266031924
0.135298661950656
0.319394804068923
0.523456071320847
0.719634532598417
0.878710603931684
0.976196215221868
0.999998498998547
0.000115978349850
-0.007674002136272
-0.037700415849330
-0.079422306268051
-0.114820611842777
-0.123649915923034
-0.088641594314189
0.000001000000000
0.141816721640957
0.324842835115636
0.527528727595983
0.722155784464364
0.879897983357719
0.976509052580747
1.000115978349850
