8
-1.000000000000000
-0.871740148509605
-0.591700181433143
-0.209299217902479
0.209299217902479
0.591700181433143
0.871740148509605
1.000000000000000
9
-1.000000000000000
-0.899757995411457
-0.677186279510741
-0.363117463826178
-0.000000000000000
0.363117463826178
0.677186279510739
0.899757995411461
1.000000000000000
0.956483021289812
-0.124978091103365
-0.138241812133844
0.055140322496334
-0.075652657185171
0.025622234618059
-0.023807682389320
-0.008364551989557
-0.000193718348763
1.000580179320059
0.111188528707161
-0.033116282017063
0.124790678936027
-0.038659738932048
0.040266752537375
-0.010320669468088
0.007468127101772
0.019309129201091
-0.001010202252666
0.966242760557454
0.066348462715840
-0.366537622825665
0.108294926991026
-0.106815256321619
0.028455235532977
-0.019009533509707
-0.049534183324033
0.117198100199384
1.300900298661943
0.314518492145713
-0.162972667619258
0.222199875032013
-0.069076287395961
0.062125455810615
0.021331529795198
0.000139559853928
-0.232603503002575
-0.166816434469071
0.889447948211021
0.327016847068358
-0.452428765422063
0.112844502713400
-0.096920658752517
-0.032453381748492
-0.001043251050249
0.000689887295485
-0.111759043024742
1.255954389127153
0.612707490655435
-0.204028353469557
0.172939760938354
-0.050389791101047
0.028528536413166
0.071812507488149
-0.000654386404029
-0.016232819073490
-0.308434771897886
0.775398110143140
0.590455944452795
-0.455169457548684
0.094313803469264
-0.042140451198797
-0.103610452467862
0.160681323945239
0.068093033138245
-0.178693202783680
1.103798496220864
0.883809665294072
-0.207711054292260
0.151323356768882
0.044064652231679
0.001124149204010
-0.103610452467862
-0.042140451198797
0.094313803469264
-0.455169457548684
0.590455944452795
0.775398110143140
-0.308434771897886
-0.016232819073490
-0.000654386404029
0.001124149204010
0.044064652231679
0.151323356768882
-0.207711054292260
0.883809665294072
1.103798496220864
-0.178693202783680
0.068093033138245
0.160681323945239
-0.001043251050249
-0.032453381748492
-0.096920658752517
0.112844502713400
-0.452428765422063
0.327016847068358
0.889447948211021
-0.166816434469071
-0.232603503002575
0.071812507488149
0.028528536413166
-0.050389791101047
0.172939760938354
-0.204028353469557
0.612707490655435
1.255954389127153
-0.111759043024742
0.000689887295485
-0.049534183324033
-0.019009533509707
0.028455235532977
-0.106815256321619
0.108294926991026
-0.366537622825665
0.066348462715840
0.966242760557454
-0.001010202252666
0.000139559853928
0.021331529795198
0.062125455810615
-0.069076287395961
0.222199875032013
-0.162972667619258
0.314518492145713
1.300900298661943
0.117198100199384
-0.000193718348763
-0.008364551989557
-0.023807682389320
0.025622234618059
-0.075652657185171
0.055140322496334
-0.138241812133844
-0.124978091103365
0.956483021289812
0.019309129201091
0.007468127101772
-0.010320669468088
0.040266752537375
-0.038659738932048
0.124790678936027
-0.033116282017063
0.111188528707161
1.000580179320059
