4
-1.000000000000000
-0.447213595499958
0.447213595499958
1.000000000000000
5
-1.000000000000000
-0.560685234109515
0.000000000000000
0.560685234109515
1.000000000000000
0.913317583160853
-0.006018639348811
-0.189547643022927
0.031401200725904
-0.000177926292324
1.000752258611570
0.111558713959648
-0.124438997833169
0.053124514121755
0.063200263823232
-0.001383445746960
0.965767603200835
0.623687619787574
-0.200049360166857
-0.169146470628635
0.172284785895268
1.173841895128864
0.705387126062175
-0.108727517886386
0.000754849794679
-0.169146470628635
-0.200049360166857
0.623687619787574
0.965767603200835
-0.001383445746960
0.000754849794679
-0.108727517886386
0.705387126062175
1.173841895128864
0.172284785895268
-0.000177926292324
0.031401200725904
-0.189547643022927
-0.006018639348811
0.913317583160853
0.063200263823232
0.053124514121755
-0.124438997833169
0.111558713959648
1.000752258611570
