4
-1.000000000000000
-0.447213595499958
0.447213595499958
1.000000000000000
18
-1.000000000000000
-0.989400934991650
-0.944575023073233
-0.865631202387832
-0.755404408355003
-0.617876244402644
-0.458016777657227
-0.281603550779259
-0.095012509837637
0.095012509837637
0.281603550779259
0.458016777657227
0.617876244402644
0.755404408355003
0.865631202387832
0.944575023073233
0.989400934991650
1.000000000000000
0.999944535444795
0.967958427058978
0.838900324926917
0.635276554572731
0.398558440334705
0.173592569724382
-0.001880057557286
-0.106515105966084
-0.138031906264071
-0.112177706044011
-0.055146132104621
0.003272200373950
0.043374329905861
0.056637728879921
0.046095726368197
0.023977991843126
0.005117774594009
-0.000151711588778
1.000271171574665
0.968595741019580
0.841318216710244
0.640608855809792
0.406689540325395
0.183868832257626
0.008912552197692
-0.096606508551670
-0.130576233556158
-0.107886184296990
-0.054069733949341
0.005164318005944
0.046773642963876
0.059848899563311
0.048682200467185
0.025190619994751
0.005556495441014
0.000136294974324
-0.000355911700393
0.042144579294176
0.209632085013428
0.459794289773214
0.721561706514173
0.920134795299701
0.999705466080529
0.937646497601979
0.750735517160945
0.487546705244895
0.208078479399416
-0.021937220463238
-0.158732350730772
-0.195452982112204
-0.153598986837408
-0.078552754288174
-0.016817870682111
-0.000227448537297
0.000161159951343
0.043369549050714
0.214358622211576
0.469824030249055
0.736856252749872
0.938595245476595
1.018499480693934
0.953177611557181
0.760614205108760
0.490244145762194
0.213232648293521
-0.011872852333531
-0.147363420206988
-0.184874433886324
-0.146484330118038
-0.074913751733633
-0.015845877224656
0.000290488616718
-0.000227448537297
-0.016817870682111
-0.078552754288174
-0.153598986837408
-0.195452982112204
-0.158732350730772
-0.021937220463238
0.208078479399416
0.487546705244895
0.750735517160945
0.937646497601979
0.999705466080529
0.920134795299701
0.721561706514173
0.459794289773214
0.209632085013428
0.042144579294176
-0.000355911700393
0.000290488616718
-0.015845877224656
-0.074913751733633
-0.146484330118038
-0.184874433886324
-0.147363420206988
-0.011872852333531
0.213232648293521
0.490244145762194
0.760614205108760
0.953177611557181
1.018499480693934
0.938595245476595
0.736856252749872
0.469824030249055
0.214358622211576
0.043369549050714
0.000161159951343
-0.000151711588778
0.005117774594009
0.023977991843126
0.046095726368197
0.056637728879921
0.043374329905861
0.003272200373950
-0.055146132104621
-0.112177706044011
-0.138031906264071
-0.106515105966084
-0.001880057557286
0.173592569724382
0.398558440334705
0.635276554572731
0.838900324926917
0.967958427058978
0.999944535444795
0.000136294974324
0.005556495441014
0.025190619994751
0.048682200467185
0.059848899563311
0.046773642963876
0.005164318005944
-0.054069733949341
-0.107886184296990
-0.130576233556158
-0.096606508551670
0.008912552197692
0.183868832257626
0.406689540325395
0.640608855809792
0.841318216710244
0.968595741019580
1.000271171574665
