3
-1.000000000000000
0.000000000000000
1.000000000000000
12
-1.000000000000000
-0.959492973614497
-0.841253532831181
-0.654860733945285
-0.415415013001886
-0.142314838273285
0.142314838273285
0.415415013001886
0.654860733945285
0.841253532831181
0.959492973614497
1.000000000000000
0.999998498998490
0.939238744509350
0.771457597049729
0.535947049508795
0.285438374413070
0.071156419136991
-0.071158419136991
-0.129976638588192
-0.118913684437065
-0.069795935781030
-0.020254229105377
-0.000001501001510
1.000114104956154
0.940164516849569
0.774559891249314
0.541891827283539
0.294106379916933
0.081285175733018
-0.061029662540267
-0.121308633084953
-0.112968906661910
-0.066693641578392
-0.019328456739747
0.000114104956150
-0.000227209912309
0.079164939897509
0.292134750331430
0.571078079378465
0.827203253168021
0.979745486807249
0.979745486807249
0.827203253168020
0.571078079378465
0.292134750331430
0.079164939897508
-0.000227209912308
0.000002002003004
0.081014484583387
0.298337338757195
0.582965634888973
0.844537264177044
1.000000999999997
1.000001000000003
0.844537264177038
0.582965634888978
0.298337338759072
0.081014484582443
0.000002002003004
-0.000001501001510
-0.020254229105377
-0.069795935781030
-0.118913684437065
-0.129976638588192
-0.071158419136991
0.071156419136991
0.285438374413070
0.535947049508795
0.771457597049729
0.939238744509350
0.999998498998490
0.000114104956150
-0.019328456739747
-0.066693641578392
-0.112968906661910
-0.121308633084953
-0.061029662540267
0.081285175733018
0.294106379916933
0.541891827283539
0.774559891249314
0.940164516849569
1.000114104956154
