7
-1.000000000000000
-0.830223896278567
-0.468848793470714
0.000000000000000
0.468848793470714
0.830223896278567
1.000000000000000
14
-1.000000000000000
-0.970941817426052
-0.885456025653210
-0.748510748171101
-0.568064746731156
-0.354604887042536
-0.120536680255323
0.120536680255323
0.354604887042535
0.568064746731156
0.748510748171101
0.885456025653210
0.970941817426052
1.000000000000000
0.999754907933334
0.694975063622656
0.114613155215329
-0.174928961406992
-0.075914719950954
0.052520646428461
0.038400184570456
-0.042838094102433
-0.034912900949834
0.018895135054361
0.016878417862271
-0.014188344598555
-0.016764396262925
-0.000245092066668
1.000961831545030
0.723182942877585
0.184211791601528
-0.118287352203029
-0.065960015969599
0.079627332665082
0.048590117221836
-0.029436492300443
-0.024099688540922
0.026938510014050
0.025694769420666
-0.010292883402053
-0.009825638256336
0.000961831545028
-0.001776729256865
0.360063027090879
0.920247788024528
0.878741001265986
0.223142671421668
-0.261002713955944
-0.136755691430051
0.084601463681681
0.067297562685377
-0.072175148075139
-0.067586162092899
0.028044601041788
0.026683045884807
-0.001776729256869
0.001005501847479
0.409317089036201
1.047530170712204
0.947426723821433
0.275627371324703
-0.171836491261035
-0.114422360984103
0.122389044221100
0.095492966026269
-0.050789269836100
-0.044754926707460
0.038065960069044
0.044373330454876
0.000966587563569
-0.001194217795488
-0.166134306631090
-0.225104291271955
0.312851234851064
0.908007611612905
0.893416503759750
0.257613207450026
-0.262738340189647
-0.151873324929500
0.085958064917121
0.072827565867174
-0.060133601971279
-0.068751161766795
-0.001194217795494
0.001288446317588
-0.126023601242098
-0.152059862495684
0.331826050608425
1.023411895386500
0.978485096584196
0.294563100318480
-0.172698498970090
-0.122772490085493
0.120663332379257
0.106538872532204
-0.045891186767952
-0.043167910479895
0.001288446317581
-0.000777777153078
0.069257454183477
0.075909072056261
-0.160840882817495
-0.253857980604900
0.283275207149295
0.900762649018316
0.900762649018318
0.283275207148608
-0.253857980603763
-0.160840882818262
0.075909072056263
0.069257454183479
-0.000777777153074
0.000580401403123
0.106670931581840
0.096785303744212
-0.127227173803339
-0.168581497229974
0.306441710386330
1.000573387394742
1.000573387394749
0.306441710386330
-0.168581497229973
-0.127227173801134
0.096785303484265
0.106670931870793
0.000580401403126
-0.001194217795494
-0.068751161766795
-0.060133601971279
0.072827565867174
0.085958064917121
-0.151873324929500
-0.262738340189647
0.257613207450026
0.893416503759750
0.908007611612905
0.312851234851064
-0.225104291271955
-0.166134306631090
-0.001194217795488
0.001288446317581
-0.043167910479895
-0.045891186767952
0.106538872532204
0.120663332379257
-0.122772490085493
-0.172698498970090
0.294563100318480
0.978485096584196
1.023411895386500
0.331826050608425
-0.152059862495684
-0.126023601242098
0.001288446317588
-0.001776729256869
0.026683045884807
0.028044601041788
-0.067586162092899
-0.072175148075139
0.067297562685377
0.084601463681681
-0.136755691430051
-0.261002713955944
0.223142671421668
0.878741001265986
0.920247788024528
0.360063027090879
-0.001776729256865
0.000966587563569
0.044373330454876
0.038065960069044
-0.044754926707460
-0.050789269836100
0.095492966026269
0.122389044221100
-0.114422360984103
-0.171836491261035
0.275627371324703
0.947426723821433
1.047530170712204
0.409317089036201
0.001005501847479
-0.000245092066668
-0.016764396262925
-0.014188344598555
0.016878417862271
0.018895135054361
-0.034912900949834
-0.042838094102433
0.038400184570456
0.052520646428461
-0.075914719950954
-0.174928961406992
0.114613155215329
0.694975063622656
0.999754907933334
0.000961831545028
-0.009825638256336
-0.010292883402053
0.025694769420666
0.026938510014050
-0.024099688540922
-0.029436492300443
0.048590117221836
0.079627332665082
-0.065960015969599
-0.118287352203029
0.184211791601528
0.723182942877585
1.000961831545030
