8
-1.000000000000000
-0.871740148509605
-0.591700181433143
-0.209299217902479
0.209299217902479
0.591700181433142
0.871740148509605
1.000000000000000
13
-1.000000000000000
-0.911049461058909
-0.775200681970040
-0.614605366879118
-0.408797536749397
-0.214206201779983
0.000000000000000
0.214206201779983
0.408797536749397
0.614605366879118
0.775200681970040
0.911049461058909
1.000000000000000
0.926375052977515
0.049423622485062
-0.196373110022671
-0.019150756713558
0.063159741340262
-0.007477540597384
-0.054057718923991
0.000901269780983
0.026290775874461
-0.008381507449107
-0.025430716212787
0.007668481686922
-0.000302682414246
1.003294035442449
0.169357997457933
-0.130146237703218
0.007620574308679
0.096249324772944
0.005038559784155
-0.035933941975524
0.008070250223142
0.040108261748748
-0.001163664602434
-0.013513169910571
0.014351811210036
0.015038850503077
-0.005793239624750
0.930832318810668
0.742768108423653
-0.041388669913730
-0.290192190729964
-0.010782768406486
0.103493815171629
-0.019533796448501
-0.103839178769830
0.006250583714054
0.038207806600457
-0.034584324854404
-0.036275820390420
0.147643811423706
1.126872220418699
0.820966446165657
0.069472398820408
-0.195508255226133
0.023730329482357
0.151910172668331
-0.001861403975749
-0.069630467222314
0.022855506313429
0.067254606827930
-0.019329128010466
0.001429475278419
-0.153164178218451
-0.224299801547856
0.498230546122157
0.992318986044593
0.628915934571588
-0.070615182107995
-0.280537724576255
0.003329292049576
0.113297124399680
-0.036524742427463
-0.103419149002521
0.028944482578451
-0.002408136517909
0.002741999960132
-0.145786439868816
0.547680963563489
1.145520654465979
0.694686421881878
0.013495367484456
-0.202022917618662
0.030342369954914
0.160753596124643
-0.016163518110218
-0.064706627981582
0.046202017850653
0.048351379154620
-0.001787936579266
0.072264211521333
-0.258943092388466
-0.136418791124452
0.634556947431453
0.999763733794372
0.632754843740769
-0.079327966668399
-0.276928873586255
0.028760837126679
0.101160584781532
-0.065987260482492
-0.067638578602760
0.099380830399596
0.105123887517967
-0.177903381483654
-0.061663801361569
0.679575484476332
1.126762662932730
0.684907036065533
-0.011403362590974
-0.204767064818290
0.057870100308175
0.155536184097265
-0.045213758879290
0.001086735704507
-0.067638578602760
-0.065987260482492
0.101160584781532
0.028760837126679
-0.276928873586255
-0.079327966668399
0.632754843740769
0.999763733794372
0.634556947431453
-0.136418791124452
-0.258943092388466
0.072264211521333
-0.001787936579266
0.001086735704507
-0.045213758879290
0.155536184097265
0.057870100308175
-0.204767064818290
-0.011403362590974
0.684907036065533
1.126762662932730
0.679575484476332
-0.061663801361569
-0.177903381483654
0.105123887517967
0.099380830399596
-0.002408136517909
0.028944482578451
-0.103419149002521
-0.036524742427463
0.113297124399680
0.003329292049576
-0.280537724576255
-0.070615182107995
0.628915934571588
0.992318986044593
0.498230546122157
-0.224299801547856
-0.153164178218451
0.048351379154620
0.046202017850653
-0.064706627981582
-0.016163518110218
0.160753596124643
0.030342369954914
-0.202022917618662
0.013495367484456
0.694686421881878
1.145520654465979
0.547680963563489
-0.145786439868816
0.002741999960132
-0.036275820390420
-0.034584324854404
0.038207806600457
0.006250583714054
-0.103839178769830
-0.019533796448501
0.103493815171629
-0.010782768406486
-0.290192190729964
-0.041388669913730
0.742768108423653
0.930832318810668
-0.005793239624750
0.001429475278419
-0.019329128010466
0.067254606827930
0.022855506313429
-0.069630467222314
-0.001861403975749
0.151910172668331
0.023730329482357
-0.195508255226133
0.069472398820408
0.820966446165657
1.126872220418699
0.147643811423706
-0.000302682414246
0.007668481686922
-0.025430716212787
-0.008381507449107
0.026290775874461
0.000901269780983
-0.054057718923991
-0.007477540597384
0.063159741340262
-0.019150756713558
-0.196373110022671
0.049423622485062
0.926375052977515
0.015038850503077
0.014351811210036
-0.013513169910571
-0.001163664602434
0.040108261748748
0.008070250223142
-0.035933941975524
0.005038559784155
0.096249324772944
0.007620574308679
-0.130146237703218
0.169357997457933
1.003294035442449
