8
-1.000000000000000
-0.871740148509605
-0.591700181433143
-0.209299217902479
0.209299217902479
0.591700181433142
0.871740148509605
1.000000000000000
19
-1.000000000000000
-0.948998448439058
-0.884971325509490
-0.801019594672577
-0.692508646523870
-0.564710702077457
-0.432292047338163
-0.288324627083601
-0.148241554525202
0.000000000000000
0.148241554525202
0.288324627083601
0.432292047338163
0.564710702077457
0.692508646523870
0.801019594672577
0.884971325509490
0.948998448439058
1.000000000000000
0.965877980279041
0.397272697454354
0.008915119786550
-0.155746736885208
-0.098323592109074
0.019857060828037
0.064234856229834
0.030490816959543
-0.025940726094560
-0.046235601112370
-0.016582818144503
0.016802363122972
0.025351344216022
0.005110679761437
-0.020257262029489
-0.016820339058866
0.002677980549025
0.011271189902991
-0.000212573482505
1.002466171044929
0.433387637087144
0.047572641011378
-0.123097139696174
-0.087318444340160
0.032527598608381
0.079325897051992
0.035429573616997
-0.017963795292831
-0.036718785203206
-0.012636800216176
0.023231535067061
0.032915629649187
0.008439185017674
-0.013900122865744
-0.011332236416717
0.005984563675276
0.016703740767700
0.005836682992115
-0.004451962048700
0.694910337536325
0.991425367386768
0.847208423380888
0.344825379414227
-0.120815455539787
-0.237199906899851
-0.103527005335783
0.054010439044761
0.104718542472579
0.036837512583016
-0.060695310897879
-0.085540874339330
-0.020148453480292
0.038561870031122
0.031631813661243
-0.013625968866652
-0.041503479792496
-0.013145661156012
0.067232717311149
0.756689277840644
1.058623304467165
0.886016595864805
0.374562842751462
-0.068382360116214
-0.201144915026978
-0.089902984344880
0.075262766916406
0.129056781324460
0.045284414807482
-0.044877461640377
-0.067172430284456
-0.012908710622477
0.053686527609870
0.044444420673878
-0.006510787099617
-0.028834159740445
0.001024854314718
-0.047325892922658
-0.236641881346675
-0.087443599269966
0.364053165543141
0.845763454667185
0.989815389522273
0.705803811037410
0.203008228260251
-0.163914828712955
-0.235954762226247
-0.078048643193540
0.075438795060089
0.108895443418312
0.019982122466874
-0.083657187937347
-0.067443887628163
0.009818847022751
0.043310443233514
-0.001590673835293
0.002720043556633
-0.191187742170042
-0.055459373988783
0.377898284074285
0.908578236603024
1.056659007188245
0.728928444773649
0.224858026000675
-0.118843844452225
-0.201851866038600
-0.069626495010971
0.098568959057677
0.132950242064556
0.027205718997927
-0.063953419132753
-0.052418909023345
0.016723107031593
0.058415600426437
0.015641773622020
-0.001344377797618
0.101547388885752
0.026156239956067
-0.164137405355228
-0.245430108340654
0.052584504323436
0.554797565961270
0.938731461515940
0.964269357517476
0.633157124646910
0.146472685861199
-0.192760313503949
-0.225641158383961
-0.039782158280724
0.103086556899430
0.082216417562485
-0.022484449239480
-0.082757716344596
-0.019770421907680
0.027676429573713
0.129104957241171
0.036208152886506
-0.141488743369634
-0.194019344547045
0.083145080483737
0.581909233267678
0.988072926782031
1.012525167829571
0.659541772359823
0.165393747625238
-0.148944405708027
-0.192716036673983
-0.031990784312927
0.130463692265580
0.099670120527754
-0.015847407799479
-0.064585961727849
0.001098021561903
-0.019770421907680
-0.082757716344596
-0.022484449239480
0.082216417562485
0.103086556899430
-0.039782158280724
-0.225641158383961
-0.192760313503949
0.146472685861199
0.633157124646910
0.964269357517476
0.938731461515940
0.554797565961270
0.052584504323436
-0.245430108340654
-0.164137405355228
0.026156239956067
0.101547388885752
-0.001344377797618
0.001098021561903
-0.064585961727849
-0.015847407799479
0.099670120527754
0.130463692265580
-0.031990784312927
-0.192716036673983
-0.148944405708027
0.165393747625238
0.659541772359823
1.012525167829571
0.988072926782031
0.581909233267678
0.083145080483737
-0.194019344547045
-0.141488743369634
0.036208152886506
0.129104957241171
0.027676429573713
-0.001590673835293
0.043310443233514
0.009818847022751
-0.067443887628163
-0.083657187937347
0.019982122466874
0.108895443418312
0.075438795060089
-0.078048643193540
-0.235954762226247
-0.163914828712955
0.203008228260251
0.705803811037410
0.989815389522273
0.845763454667185
0.364053165543141
-0.087443599269966
-0.236641881346675
-0.047325892922658
0.015641773622020
0.058415600426437
0.016723107031593
-0.052418909023345
-0.063953419132753
0.027205718997927
0.132950242064556
0.098568959057677
-0.069626495010971
-0.201851866038600
-0.118843844452225
0.224858026000675
0.728928444773649
1.056659007188245
0.908578236603024
0.377898284074285
-0.055459373988783
-0.191187742170042
0.002720043556633
-0.013145661156012
-0.041503479792496
-0.013625968866652
0.031631813661243
0.038561870031122
-0.020148453480292
-0.085540874339330
-0.060695310897879
0.036837512583016
0.104718542472579
0.054010439044761
-0.103527005335783
-0.237199906899851
-0.120815455539787
0.344825379414227
0.847208423380888
0.991425367386768
0.694910337536325
-0.004451962048700
0.001024854314718
-0.028834159740445
-0.006510787099617
0.044444420673878
0.053686527609870
-0.012908710622477
-0.067172430284456
-0.044877461640377
0.045284414807482
0.129056781324460
0.075262766916406
-0.089902984344880
-0.201144915026978
-0.068382360116214
0.374562842751462
0.886016595864805
1.058623304467165
0.756689277840644
0.067232717311149
-0.000212573482505
0.011271189902991
0.002677980549025
-0.016820339058866
-0.020257262029489
0.005110679761437
0.025351344216022
0.016802363122972
-0.016582818144503
-0.046235601112370
-0.025940726094560
0.030490816959543
0.064234856229834
0.019857060828037
-0.098323592109074
-0.155746736885208
0.008915119786550
0.397272697454354
0.965877980279041
0.005836682992115
0.016703740767700
0.005984563675276
-0.011332236416717
-0.013900122865744
0.008439185017674
0.032915629649187
0.023231535067061
-0.012636800216176
-0.036718785203206
-0.017963795292831
0.035429573616997
0.079325897051992
0.032527598608381
-0.087318444340160
-0.123097139696174
0.047572641011378
0.433387637087144
1.002466171044929
