4
-1.000000000000000
-0.447213595499958
0.447213595499958
1.000000000000000
18
-1.000000000000000
-0.976105557422073
-0.920649185323714
-0.835593535240203
-0.723679329272682
-0.588504834321388
-0.434415036911771
-0.266362652878298
-0.089749093484652
0.089749093484652
0.266362652878281
0.434415036912113
0.588504834318751
0.723679329282940
0.835593535218656
0.920649185346972
0.976105557412419
1.000000000000000
0.999898896137513
0.928665163145461
0.774356322295616
0.566047252826297
0.340950441011685
0.135934222288159
-0.019708182662832
-0.110782454268637
-0.137203763193241
-0.113004470860926
-0.060241693214529
-0.004034712648863
0.037623853680598
0.055843329554569
0.051148281000082
0.032115990414973
0.011184521525736
-0.000065805040989
1.000230291909677
0.929948737816917
0.777464835193083
0.571761360625909
0.348954671507681
0.145287578228648
-0.010104486307317
-0.102096319667804
-0.130582599585335
-0.109035734351904
-0.058952608424164
-0.002465462435719
0.040584850480404
0.058949401772331
0.053865552674508
0.033694329429804
0.011997512775851
0.000242500540353
-0.000405281099499
0.093550947460923
0.291209334958261
0.540712043142481
0.778998652549710
0.946149018147067
0.999551024929021
0.926382555179372
0.744066951493218
0.495171962452233
0.230568058405776
0.005869981671950
-0.139279338393583
-0.194062861712293
-0.171265780018306
-0.105452647849955
-0.036660773563869
-0.000470233479881
0.000305113971140
0.096050542911093
0.297279937332650
0.551488376479070
0.793984770641585
0.962925351239762
1.016160282375566
0.939974627887677
0.752868001024079
0.498007316998935
0.234983441948034
0.014582861292050
-0.129071443169826
-0.183807612912329
-0.163632644081359
-0.100801119856131
-0.034695166113216
0.000229834929019
-0.000470233479881
-0.036660773563869
-0.105452647849955
-0.171265780018306
-0.194062861712293
-0.139279338393583
0.005869981671950
0.230568058405776
0.495171962452233
0.744066951493218
0.926382555179372
0.999551024929021
0.946149018147067
0.778998652549710
0.540712043142481
0.291209334958261
0.093550947460923
-0.000405281099499
0.000229834929019
-0.034695166113216
-0.100801119856131
-0.163632644081359
-0.183807612912329
-0.129071443169826
0.014582861292050
0.234983441948034
0.498007316998935
0.752868001024079
0.939974627887677
1.016160282375566
0.962925351239762
0.793984770641585
0.551488376479070
0.297279937332650
0.096050542911093
0.000305113971140
-0.000065805040989
0.011184521525736
0.032115990414973
0.051148281000082
0.055843329554569
0.037623853680598
-0.004034712648863
-0.060241693214529
-0.113004470860926
-0.137203763193241
-0.110782454268637
-0.019708182662832
0.135934222288159
0.340950441011685
0.566047252826297
0.774356322295616
0.928665163145461
0.999898896137513
0.000242500540353
0.011997512775851
0.033694329429804
0.053865552674508
0.058949401772331
0.040584850480404
-0.002465462435719
-0.058952608424164
-0.109035734351904
-0.130582599585335
-0.102096319667804
-0.010104486307317
0.145287578228648
0.348954671507681
0.571761360625909
0.777464835193083
0.929948737816917
1.000230291909677
