3
-1.000000000000000
0.000000000000000
1.000000000000000
8
-1.000000000000000
-0.871740148509605
-0.591700181433143
-0.209299217902479
0.209299217902479
0.591700181433143
0.871740148509605
1.000000000000000
0.999771359817724
0.810116748885613
0.455921237439056
0.104648608958701
-0.104650608958701
-0.135778943982483
-0.061623399630485
-0.000228640180113
1.000021757080038
0.815848827187175
0.470905643070578
0.126555612640249
-0.082743605262230
-0.120794538362564
-0.055891321320683
0.000021757080037
-0.000042514160080
0.240043494171768
0.649889895291985
0.956188992621981
0.956188992621981
0.649889895291985
0.240043494171768
-0.000042514160081
0.000456280485203
0.251505650157409
0.679856706835060
1.000000999999996
1.000001000000004
0.679856706835051
0.251505650091080
0.000456280474490
-0.000228640180113
-0.061623399630485
-0.135778943982483
-0.104650608958701
0.104648608958701
0.455921237439056
0.810116748885613
0.999771359817724
0.000021757080037
-0.055891321320683
-0.120794538362564
-0.082743605262230
0.126555612640249
0.470905643070578
0.815848827187175
1.000021757080038
