7
-1.000000000000000
-0.830223896278567
-0.468848793470714
0.000000000000000
0.468848793470714
0.830223896278567
1.000000000000000
16
-1.000000000000000
-0.866666666666667
-0.733333333333333
-0.600000000000000
-0.466666666666667
-0.333333333333333
-0.200000000000000
-0.066666666666667
0.066666666666667
0.200000000000000
0.333333333333333
0.466666666666667
0.600000000000000
0.733333333333333
0.866666666666667
1.000000000000000
0.857901129287605
0.022448620196103
-0.151027177200583
-0.101539442643223
0.001357748971192
0.057491488280826
0.057749215642655
0.021439975323822
-0.022041772580550
-0.042898437362605
-0.031545215648702
-0.000609637477361
0.022759016880722
0.019348036966773
-0.013870489333435
-0.017038876634500
1.001473654983226
0.109626415637860
-0.125355207248646
-0.089950339096070
0.008604988710625
0.067549095001102
0.063669773820479
0.024058368684148
-0.017495096175217
-0.037143735544427
-0.027332929378916
0.001506227070966
0.028823572082814
0.024557579874350
-0.006385664355665
0.001473654983224
-0.002283096347495
0.967055232203112
0.836477979905613
0.367157039773106
-0.038113836025222
-0.212536837754954
-0.194040950241078
-0.066488245451759
0.052112636267801
0.106176112283558
0.077306422151743
-0.002566618419873
-0.076170773703810
-0.063801489496969
0.018564986427591
-0.002283096347497
0.257776527642756
1.119231476204972
0.860662102524594
0.383248348599670
-0.004804939441757
-0.185798197258170
-0.176517459087910
-0.062160987945646
0.064096074713216
0.120482396205426
0.087257828072483
0.001896413846449
-0.061143178159745
-0.051463980980138
0.037184712300429
0.044987345670964
-0.186193340489051
-0.199007827201401
0.382500385019567
0.838804699813680
0.999956333306245
0.852430159387197
0.516842481897663
0.135676482700235
-0.137901232164105
-0.230573058867885
-0.156296405216599
-0.003236336751008
0.102151236730975
0.083518799970027
-0.059004224698569
-0.070275025184540
0.001008674240148
-0.110633148033638
0.397623104879010
0.885428782682373
1.039812974905013
0.881507898761798
0.522171367597937
0.152061475821588
-0.112785554650062
-0.207655763133822
-0.143163357617006
0.002927062675070
0.124502829931723
0.100471661635393
-0.032087850263563
0.001008674240142
-0.000478840660379
0.053789467410583
-0.171678210678209
-0.232965592729838
-0.015857905106159
0.364772925243934
0.739736599999791
0.968977953081671
0.968977953081671
0.739736600000002
0.364772925289929
-0.015857905183385
-0.232965592632122
-0.171678210762275
0.053789467411022
-0.000478840660376
0.108410514144993
0.095835328723638
-0.146649974747375
-0.194791470809793
0.004970139094653
0.370518665469025
0.759822503428283
1.000532420149035
1.000532420149032
0.759822503428285
0.370518665469024
0.004970139094653
-0.194791470809793
-0.146649974778114
0.095835327579459
0.108410515137608
-0.070275025184540
-0.059004224698569
0.083518799970027
0.102151236730975
-0.003236336751008
-0.156296405216599
-0.230573058867885
-0.137901232164105
0.135676482700235
0.516842481897663
0.852430159387197
0.999956333306245
0.838804699813680
0.382500385019567
-0.199007827201401
-0.186193340489051
0.001008674240142
-0.032087850263563
0.100471661635393
0.124502829931723
0.002927062675070
-0.143163357617006
-0.207655763133822
-0.112785554650062
0.152061475821588
0.522171367597937
0.881507898761798
1.039812974905013
0.885428782682373
0.397623104879010
-0.110633148033638
0.001008674240148
-0.002283096347497
0.018564986427591
-0.063801489496969
-0.076170773703810
-0.002566618419873
0.077306422151743
0.106176112283558
0.052112636267801
-0.066488245451759
-0.194040950241078
-0.212536837754954
-0.038113836025222
0.367157039773106
0.836477979905613
0.967055232203112
-0.002283096347495
0.044987345670964
0.037184712300429
-0.051463980980138
-0.061143178159745
0.001896413846449
0.087257828072483
0.120482396205426
0.064096074713216
-0.062160987945646
-0.176517459087910
-0.185798197258170
-0.004804939441757
0.383248348599670
0.860662102524594
1.119231476204972
0.257776527642756
-0.017038876634500
-0.013870489333435
0.019348036966773
0.022759016880722
-0.000609637477361
-0.031545215648702
-0.042898437362605
-0.022041772580550
0.021439975323822
0.057749215642655
0.057491488280826
0.001357748971192
-0.101539442643223
-0.151027177200583
0.022448620196103
0.857901129287605
0.001473654983224
-0.006385664355665
0.024557579874350
0.028823572082814
0.001506227070966
-0.027332929378916
-0.037143735544427
-0.017495096175217
0.024058368684148
0.063669773820479
0.067549095001102
0.008604988710625
-0.089950339096070
-0.125355207248646
0.109626415637860
1.001473654983226
