7
-1.000000000000000
-0.830223896278567
-0.468848793470714
0.000000000000000
0.468848793470714
0.830223896278567
1.000000000000000
18
-1.000000000000000
-0.982973099683902
-0.932472229404356
-0.850217135729614
-0.739008917220659
-0.602634636379256
-0.445738355776538
-0.273662990072083
-0.092268359463302
0.092268359463302
0.273662990072083
0.445738355776538
0.602634636379256
0.739008917220659
0.850217135729614
0.932472229404356
0.982973099683902
1.000000000000000
0.999903272998172
0.821376961560506
0.404748817701119
0.014790946223856
-0.155057699269672
-0.101130270970031
0.013765488239952
0.063992978288577
0.029821293579462
-0.031504263140333
-0.044054747642117
-0.005547603251147
0.023087129604626
0.018530177346412
-0.005675975224322
-0.018758653633271
-0.008400505278340
-0.000102090610070
1.002209584386160
0.831437955259438
0.435191925369437
0.055286909523461
-0.123646255635980
-0.092237326838708
0.025286637870944
0.078936076880531
0.033287513104785
-0.023982012613801
-0.035582551085189
-0.003590740853867
0.029392245730318
0.022849000325415
-0.003467005588485
-0.014301936476415
-0.006241260426388
0.001092186819987
-0.003646879405989
0.222857398545446
0.692976492460354
0.989607065719600
0.853314798958656
0.373345656216498
-0.097457085628967
-0.241185267983835
-0.096956108867961
0.069591040666296
0.100012944793027
0.010445548346742
-0.078437806513634
-0.059951135158256
0.010104673971351
0.038694134190609
0.017335383551107
-0.001942275631175
0.000304213718577
0.243535862010547
0.744549579704793
1.060179204547061
0.889226362197987
0.392143355971123
-0.047901999504354
-0.201337798041374
-0.088388834916693
0.091698025066681
0.121046089565024
0.015188006879373
-0.062223367242553
-0.049463663078568
0.015221634835386
0.049575495877903
0.022206209727298
0.000315467553806
-0.000941661869518
-0.096913109752967
-0.228943240959665
-0.098631231543664
0.358986983763848
0.832791133948273
0.994691730973367
0.716441650558199
0.193542249263923
-0.196819035568753
-0.217838649211306
-0.026088537281774
0.103509524993029
0.079793850342974
-0.024972862196090
-0.078323487298962
-0.035004400594732
-0.000962928468921
0.001999246649583
-0.082674308614983
-0.190861390516896
-0.064131390763098
0.370822614225290
0.885089687883320
1.060991310798425
0.746938625945715
0.217842166019924
-0.145333239572661
-0.187803907446181
-0.018237702620511
0.129943653146192
0.094448590121050
-0.017739770396209
-0.062413942458096
-0.028662809099462
0.001775576953498
-0.001409561965884
0.045812245673232
0.100591958443778
0.030220694868415
-0.159140461399720
-0.244711407598870
0.024724681814008
0.543126119237579
0.941314009700350
0.941314009700351
0.543126119237579
0.024724681814010
-0.244711407598872
-0.159140461399717
0.030220694868417
0.100591958443780
0.045812245673771
-0.001409561970031
0.001012099630610
0.053833290384611
0.124810953066220
0.041437014856833
-0.139235824156398
-0.196479369151825
0.055639546378923
0.562724636051730
1.000930520062620
1.000930520062620
0.562724636051729
0.055639546378925
-0.196479369151828
-0.139235824155995
0.041437014856820
0.124810953066240
0.053833290384600
0.001012099630626
-0.000962928468921
-0.035004400594732
-0.078323487298962
-0.024972862196090
0.079793850342974
0.103509524993029
-0.026088537281774
-0.217838649211306
-0.196819035568753
0.193542249263923
0.716441650558199
0.994691730973367
0.832791133948273
0.358986983763848
-0.098631231543664
-0.228943240959665
-0.096913109752967
-0.000941661869518
0.001775576953498
-0.028662809099462
-0.062413942458096
-0.017739770396209
0.094448590121050
0.129943653146192
-0.018237702620511
-0.187803907446181
-0.145333239572661
0.217842166019924
0.746938625945715
1.060991310798425
0.885089687883320
0.370822614225290
-0.064131390763098
-0.190861390516896
-0.082674308614983
0.001999246649583
-0.001942275631175
0.017335383551107
0.038694134190609
0.010104673971351
-0.059951135158256
-0.078437806513634
0.010445548346742
0.100012944793027
0.069591040666296
-0.096956108867961
-0.241185267983835
-0.097457085628967
0.373345656216498
0.853314798958656
0.989607065719600
0.692976492460354
0.222857398545446
-0.003646879405989
0.000315467553806
0.022206209727298
0.049575495877903
0.015221634835386
-0.049463663078568
-0.062223367242553
0.015188006879373
0.121046089565024
0.091698025066681
-0.088388834916693
-0.201337798041374
-0.047901999504354
0.392143355971123
0.889226362197987
1.060179204547061
0.744549579704793
0.243535862010547
0.000304213718577
-0.000102090610070
-0.008400505278340
-0.018758653633271
-0.005675975224322
0.018530177346412
0.023087129604626
-0.005547603251147
-0.044054747642117
-0.031504263140333
0.029821293579462
0.063992978288577
0.013765488239952
-0.101130270970031
-0.155057699269672
0.014790946223856
0.404748817701119
0.821376961560506
0.999903272998172
0.001092186819987
-0.006241260426388
-0.014301936476415
-0.003467005588485
0.022849000325415
0.029392245730318
-0.003590740853867
-0.035582551085189
-0.023982012613801
0.033287513104785
0.078936076880531
0.025286637870944
-0.092237326838708
-0.123646255635980
0.055286909523461
0.435191925369437
0.831437955259438
1.002209584386160
