5
-1.000000000000000
-0.654653670707977
0.000000000000000
0.654653670707977
1.000000000000000
10
-1.000000000000000
-0.777777777777778
-0.555555555555556
-0.333333333333333
-0.111111111111111
0.111111111111111
0.333333333333333
0.555555555555555
0.777777777777778
1.000000000000000
0.910906978198308
0.151014141489398
-0.121574801734924
-0.138474800821398
-0.044973384228819
0.035964801782527
0.061723070339149
0.025905359624319
-0.038184691555718
-0.024669167261773
1.000001640750869
0.213383747137090
-0.090685754463277
-0.123455149372589
-0.043508787105568
0.044020293081261
0.070680433534564
0.029417748215549
-0.026671122547410
0.000001640750868
-0.000002752801009
0.898623652010358
0.949018199664452
0.597668397791885
0.151955224118616
-0.152211975398534
-0.220837604586479
-0.086300633093863
0.077238342260615
-0.000002752801007
0.166410210389313
1.010303890282233
0.992234033353516
0.609906908097594
0.171577001961124
-0.121774894378070
-0.194372494809798
-0.077704210008586
0.110609138808599
0.068763657371105
-0.119618738722910
-0.235267024337465
0.185413847436139
0.658435121905905
0.959202281383627
0.959202281383627
0.658435121905905
0.185413847411003
-0.235267024280540
-0.119618738787502
0.000004340007675
-0.162572502953259
0.193470783131178
0.682629120532888
1.000001000000009
1.000000999999989
0.682629120250254
0.193470783131178
-0.162572502953260
0.000004340007672
-0.000002752801007
0.077238342260615
-0.086300633093863
-0.220837604586479
-0.152211975398534
0.151955224118616
0.597668397791885
0.949018199664452
0.898623652010358
-0.000002752801009
0.068763657371105
0.110609138808599
-0.077704210008586
-0.194372494809798
-0.121774894378070
0.171577001961124
0.609906908097594
0.992234033353516
1.010303890282233
0.166410210389313
-0.024669167261773
-0.038184691555718
0.025905359624319
0.061723070339149
0.035964801782527
-0.044973384228819
-0.138474800821398
-0.121574801734924
0.151014141489398
0.910906978198308
0.000001640750868
-0.026671122547410
0.029417748215549
0.070680433534564
0.044020293081261
-0.043508787105568
-0.123455149372589
-0.090685754463277
0.213383747137090
1.000001640750869
