5
-1.000000000000000
-0.654653670707977
0.000000000000000
0.654653670707977
1.000000000000000
5
-1.000000000000000
-0.670852917968995
0.000000000000000
0.670852917968995
1.000000000000000
0.902672420556922
-0.200231275831983
-0.047894704766522
-0.005755825972747
-0.073887782941092
1.001323449985030
0.021060609445548
0.043839036523570
0.090972956914225
0.001323449985028
-0.002327201403946
0.998439692997852
-0.194966770754785
-0.206786175793744
-0.002327201403943
0.322736382246685
1.214188040169693
0.000001000000000
0.019953380420055
0.204954365015935
-0.351575926508127
-0.074177570462878
0.999998999999999
-0.074177591331763
-0.351575880604960
0.000002618152714
0.006057886006511
1.303686096723292
0.006057886071743
0.000002618152711
-0.002327201403943
-0.206786175793744
-0.194966770754785
0.998439692997852
-0.002327201403946
0.204954365015935
0.019953380420055
0.000001000000000
1.214188040169693
0.322736382246685
-0.073887782941092
-0.005755825972747
-0.047894704766522
-0.200231275831983
0.902672420556922
0.001323449985028
0.090972956914225
0.043839036523570
0.021060609445548
1.001323449985030
