8
-1.000000000000000
-0.871740148509605
-0.591700181433143
-0.209299217902479
0.209299217902479
0.591700181433143
0.871740148509605
1.000000000000000
8
-1.000000000000000
-0.714285714285714
-0.428571428571429
-0.142857142857143
0.142857142857143
0.428571428571428
0.714285714285714
1.000000000000000
0.241784815651396
-0.332262449078571
0.064227583085522
-0.044508629016074
-0.034461072122453
0.025363518147990
-0.021926213994324
-0.000419508472451
1.000095917741660
-0.107123862181388
0.145621005826342
-0.021844886759935
-0.010524203704009
0.043837788647805
-0.017854776808251
0.019905342242487
-0.000365715618252
0.386164850758247
-0.523010221994960
0.062415689449804
0.028156644897806
-0.118309763718636
0.046768785613646
-0.052078935611302
1.255027322177989
0.740529612727294
-0.201156779741807
0.126823718039199
0.093154886102844
-0.067651895251774
0.058089519413193
0.001145172263631
-0.636308808671301
0.771714204193048
0.693868752033481
-0.277387634055550
-0.136316965272867
0.109823433755431
-0.092070426407259
-0.001713461255914
0.000687606885348
1.014904443654838
0.982298671470164
-0.128967230776200
-0.045948639292104
0.197671229408582
-0.072180753808838
0.079371549183130
-0.000809060322345
-0.383886792361232
0.504517819987816
0.958006760535708
0.057668666148896
-0.350547456628296
0.112600045371906
-0.119078698217038
0.201486051129748
-0.205991538515713
0.704835893114258
1.186543563836754
0.181927569417915
-0.194393139652236
0.153595234895452
0.001659159058170
-0.119078698217038
0.112600045371906
-0.350547456628296
0.057668666148896
0.958006760535708
0.504517819987816
-0.383886792361232
-0.000809060322345
0.001659159058170
0.153595234895452
-0.194393139652236
0.181927569417915
1.186543563836754
0.704835893114258
-0.205991538515713
0.201486051129748
-0.001713461255914
-0.092070426407259
0.109823433755431
-0.136316965272867
-0.277387634055550
0.693868752033481
0.771714204193048
-0.636308808671301
0.079371549183130
-0.072180753808838
0.197671229408582
-0.045948639292104
-0.128967230776200
0.982298671470164
1.014904443654838
0.000687606885348
-0.052078935611302
0.046768785613646
-0.118309763718636
0.028156644897806
0.062415689449804
-0.523010221994960
0.386164850758247
-0.000365715618252
0.001145172263631
0.058089519413193
-0.067651895251774
0.093154886102844
0.126823718039199
-0.201156779741807
0.740529612727294
1.255027322177989
-0.000419508472451
-0.021926213994324
0.025363518147990
-0.034461072122453
-0.044508629016074
0.064227583085522
-0.332262449078571
0.241784815651396
0.019905342242487
-0.017854776808251
0.043837788647805
-0.010524203704009
-0.021844886759935
0.145621005826342
-0.107123862181388
1.000095917741660
