8
-1.000000000000000
-0.871740148509605
-0.591700181433143
-0.209299217902479
0.209299217902479
0.591700181433143
0.871740148509605
1.000000000000000
11
-1.000000000000000
-0.800000000000000
-0.600000000000000
-0.400000000000000
-0.200000000000000
0.000000000000000
0.200000000000000
0.400000000000000
0.600000000000000
0.800000000000000
1.000000000000000
0.534561341815470
-0.315169297606345
-0.006708199999999
0.062133008083073
-0.011579373525851
-0.052537354494342
-0.002467935590727
0.026548760641399
-0.011565981632642
-0.022931458029626
-0.000192531595229
1.000253115778626
-0.125045899999996
0.012717234980307
0.094502056804973
-0.003311745218169
-0.038969182527741
0.000981955600292
0.037805229740977
-0.000884927320016
-0.013681953762040
0.026050289867784
-0.000441754697455
0.846491751385895
-0.073104079344665
-0.273526162914252
0.009885112584800
0.108830974197791
-0.003175104486159
-0.100677172072899
0.002893083953466
0.036002404778402
-0.067800853743718
0.814379139068343
1.128073002657543
0.023981767553440
-0.191730894097189
0.034809876134694
0.147194284089246
0.006929821907994
-0.070749465355166
0.030865181801812
0.060269146359375
0.000757457643139
-0.513044463335714
0.278178863870402
0.999002409052253
0.600648996105407
-0.092693727483787
-0.268746114003372
-0.011464534116341
0.115801290693620
-0.047945818266413
-0.092495928706455
-0.000892649905313
0.001062985687638
0.435507401652642
1.224830775187837
0.608944256360385
-0.021571067295140
-0.203683275400253
0.009543928949065
0.164009407991068
-0.005712748305741
-0.054091617065079
0.102972386544741
-0.001314825505842
-0.238034074661497
-0.166599453928814
0.664476719755343
0.999156823864685
0.633296849579436
-0.045325648310445
-0.284962080488432
0.010004315719594
0.081744928785797
-0.153811856443669
0.253481236494917
-0.138442201669869
-0.022884611103515
0.725495980959741
1.118566910120902
0.668986614803674
0.022962245692725
-0.208089627911774
0.076405628454301
0.141605233370808
0.000848744044917
-0.153811856443669
0.081744928785797
0.010004315719594
-0.284962080488432
-0.045325648310445
0.633296849579436
0.999156823864685
0.664476719755343
-0.166599453928814
-0.238034074661497
-0.001314825505842
0.000848744044917
0.141605233370808
0.076405628454301
-0.208089627911774
0.022962245692725
0.668986614803674
1.118566910120902
0.725495980959741
-0.022884611103515
-0.138442201669869
0.253481236494917
-0.000892649905313
-0.092495928706455
-0.047945818266413
0.115801290693620
-0.011464534116341
-0.268746114003372
-0.092693727483787
0.600648996105407
0.999002409052253
0.278178863870402
-0.513044463335714
0.102972386544741
-0.054091617065079
-0.005712748305741
0.164009407991068
0.009543928949065
-0.203683275400253
-0.021571067295140
0.608944256360385
1.224830775187837
0.435507401652642
0.001062985687638
-0.067800853743718
0.036002404778402
0.002893083953466
-0.100677172072899
-0.003175104486159
0.108830974197791
0.009885112584800
-0.273526162914252
-0.073104079344665
0.846491751385895
-0.000441754697455
0.000757457643139
0.060269146359375
0.030865181801812
-0.070749465355166
0.006929821907994
0.147194284089246
0.034809876134694
-0.191730894097189
0.023981767553440
1.128073002657543
0.814379139068343
-0.000192531595229
-0.022931458029626
-0.011565981632642
0.026548760641399
-0.002467935590727
-0.052537354494342
-0.011579373525851
0.062133008083073
-0.006708199999999
-0.315169297606345
0.534561341815470
0.026050289867784
-0.013681953762040
-0.000884927320016
0.037805229740977
0.000981955600292
-0.038969182527741
-0.003311745218169
0.094502056804973
0.012717234980307
-0.125045899999996
1.000253115778626
