8
-1.000000000000000
-0.871740148509605
-0.591700181433143
-0.209299217902479
0.209299217902479
0.591700181433143
0.871740148509605
1.000000000000000
10
-1.000000000000000
-0.939692620785908
-0.766044443118978
-0.500000000000000
-0.173648177666930
0.173648177666930
0.500000000000000
0.766044443118978
0.939692620785908
1.000000000000000
0.999682857867731
0.124391445621764
-0.231290472496652
0.052916480468750
-0.042550335016023
-0.036422150299022
0.017371187712348
-0.034266234032504
0.010867747733694
-0.000317142132265
1.000727321025144
0.357881399781282
-0.131182559257209
0.100187997374106
-0.003242250699018
0.003333666452872
0.046026279417501
-0.016804593348586
0.013777546608195
0.007402359502365
-0.001305681036459
0.771468475919662
0.628994922372509
-0.367709304592619
0.035199970303324
-0.010294842693534
-0.120732305191147
0.044614430588700
-0.035242573648158
-0.018616044384820
0.000946158601555
1.178313954779166
0.808661924455392
-0.172879231064537
0.120847853506903
0.099401268325118
-0.046029488141587
0.090945902377129
-0.028144538295307
0.000946158601552
-0.007972120208727
-0.369261303089014
0.546128443814365
0.891728817410172
-0.266542979238822
-0.142872063498487
0.074406916655622
-0.143909796396620
0.043110189458909
-0.000672010843628
0.001035813411613
-0.191528570599392
0.829477637691264
1.122566664495341
-0.076601921394845
0.016928307399075
0.198551258795336
-0.069460654423557
0.052256731905862
0.026629720036116
-0.001127442320804
0.099794458710376
-0.441050070681192
0.223479705834218
0.987729385886542
-0.074743648445242
-0.322683612205433
0.106811633389851
-0.077779305674998
-0.035515117574601
0.043278427005364
0.128868205340639
-0.188081831286594
0.439925367822718
1.250020323415135
0.092604439106693
-0.122001575415159
0.235005419821296
-0.063238903974334
0.000923242029498
-0.035515117574601
-0.077779305674998
0.106811633389851
-0.322683612205433
-0.074743648445242
0.987729385886542
0.223479705834218
-0.441050070681192
0.099794458710376
-0.001127442320804
0.000923242029498
-0.063238903974334
0.235005419821296
-0.122001575415159
0.092604439106693
1.250020323415135
0.439925367822718
-0.188081831286594
0.128868205340639
0.043278427005364
-0.000672010843628
0.043110189458909
-0.143909796396620
0.074406916655622
-0.142872063498487
-0.266542979238822
0.891728817410172
0.546128443814365
-0.369261303089014
-0.007972120208727
0.026629720036116
0.052256731905862
-0.069460654423557
0.198551258795336
0.016928307399075
-0.076601921394845
1.122566664495341
0.829477637691264
-0.191528570599392
0.001035813411613
-0.018616044384820
-0.035242573648158
0.044614430588700
-0.120732305191147
-0.010294842693534
0.035199970303324
-0.367709304592619
0.628994922372509
0.771468475919662
-0.001305681036459
0.000946158601552
-0.028144538295307
0.090945902377129
-0.046029488141587
0.099401268325118
0.120847853506903
-0.172879231064537
0.808661924455392
1.178313954779166
0.000946158601555
-0.000317142132265
0.010867747733694
-0.034266234032504
0.017371187712348
-0.036422150299022
-0.042550335016023
0.052916480468750
-0.231290472496652
0.124391445621764
0.999682857867731
0.007402359502365
0.013777546608195
-0.016804593348586
0.046026279417501
0.003333666452872
-0.003242250699018
0.100187997374106
-0.131182559257209
0.357881399781282
1.000727321025144
