6
-1.000000000000000
-0.765055323929465
-0.285231516480645
0.285231516480645
0.765055323929466
1.000000000000000
6
-1.000000000000000
-0.765055323929465
-0.285231516480645
0.285231516480645
0.765055323929466
1.000000000000000
0.869315367087466
-0.214529633242299
-0.027772132055445
-0.019596081311456
-0.060610171485080
-0.000008104849588
1.001757229345100
0.000000999999999
0.062220555560228
0.069395557462493
0.002272005696667
0.052753949310635
-0.003027928089108
0.999999000000004
-0.243605924289645
-0.153499201358750
-0.004729382301147
-0.141258285937212
0.414585024633848
1.183067893200855
0.000001000000002
0.060197740197665
0.164487889791736
0.000041013556647
-0.382130032090193
-0.042874626385514
0.999998999999997
-0.170080229235290
-0.248428318604944
-0.000117848136679
0.000096094670104
0.112270866110349
1.264485712652680
0.000000999999998
0.007576309270550
0.222634915944508
-0.000117848136679
-0.248428318604944
-0.170080229235290
0.999998999999997
-0.042874626385514
-0.382130032090193
0.222634915944508
0.007576309270550
0.000000999999998
1.264485712652680
0.112270866110349
0.000096094670104
-0.141258285937212
-0.004729382301147
-0.153499201358750
-0.243605924289645
0.999999000000004
-0.003027928089108
0.000041013556647
0.164487889791736
0.060197740197665
0.000001000000002
1.183067893200855
0.414585024633848
-0.000008104849588
-0.060610171485080
-0.019596081311456
-0.027772132055445
-0.214529633242299
0.869315367087466
0.052753949310635
0.002272005696667
0.069395557462493
0.062220555560228
0.000000999999999
1.001757229345100
