3
-1.000000000000000
0.000000000000000
1.000000000000000
14
-1.000000000000000
-0.846326380184710
-0.692364095301285
-0.538889095759144
-0.384312785835407
-0.230214378198535
-0.076598387106905
0.076598387106905
0.230214378198535
0.384312785835407
0.538889095759144
0.692364095301285
0.846326380184710
1.000000000000000
0.997134883124844
0.778254398435536
0.582979221478084
0.411640494168458
0.263032832956335
0.138638659993902
0.038298193553244
-0.038300193553244
-0.091575718205066
-0.121279952878750
-0.127248601591383
-0.109384873822476
-0.068071981750375
-0.002865116874179
1.000076431527181
0.781336961300166
0.585891119517542
0.414672013421730
0.266009831109390
0.141607519063936
0.041272750107692
-0.035325636999213
-0.088606859134598
-0.118302954726017
-0.124217082337413
-0.106472975783743
-0.064989418884543
0.000076431527181
-0.000151863010944
0.283653457636245
0.520582856198553
0.709546069029345
0.852294123541024
0.947000340070662
0.994053886915843
0.994053889684862
0.947000340052790
0.852294126176206
0.709546069029345
0.520582856198553
0.283653457636245
-0.000151863010944
0.005729233759680
0.289816583306630
0.526404652355293
0.715607107401978
0.858246119923616
0.952936058217931
1.000001000000005
1.000000999999995
0.952936058217942
0.858246119923605
0.715607107427221
0.526404652330042
0.289816583332938
0.005729233733889
-0.002865116874179
-0.068071981750375
-0.109384873822476
-0.127248601591383
-0.121279952878750
-0.091575718205066
-0.038300193553244
0.038298193553244
0.138638659993902
0.263032832956335
0.411640494168458
0.582979221478084
0.778254398435536
0.997134883124844
0.000076431527181
-0.064989418884543
-0.106472975783743
-0.124217082337413
-0.118302954726017
-0.088606859134598
-0.035325636999213
0.041272750107692
0.141607519063936
0.266009831109390
0.414672013421730
0.585891119517542
0.781336961300166
1.000076431527181
