4
-1.000000000000000
-0.447213595499958
0.447213595499958
1.000000000000000
3
-1.000000000000000
0.000000000000000
1.000000000000000
0.407682375509719
-0.331352986107785
-0.000001349269184
1.000157093464680
-0.124999000000000
0.156563343206427
-0.000001037915126
0.592056924673986
-0.759721549914650
1.122445509065216
0.909362060358584
0.000001466864743
-0.759721549914650
0.592056924673986
-0.000001037915126
0.000001466864743
0.909362060358584
1.122445509065216
-0.000001349269184
-0.331352986107785
0.407682375509719
0.156563343206427
-0.124999000000000
1.000157093464680
