6
-1.000000000000000
-0.765055323929465
-0.285231516480645
0.285231516480645
0.765055323929466
1.000000000000000
6
-1.000000000000000
-0.600000000000000
-0.200000000000000
0.200000000000000
0.600000000000000
1.000000000000000
0.473148472940244
-0.336026239763509
0.035519000000000
0.007022998654720
-0.060391804413047
-0.000329692509298
1.000227266713640
-0.131839000000002
0.073916713931647
0.051561705356298
-0.032863577256060
0.049494200841889
-0.000334515722405
0.761028478896776
-0.290418613638788
-0.107895406842962
0.092048436841256
-0.136848998385648
0.932121171435545
1.052629302789079
-0.119820892919163
-0.019555098377340
0.172539137788470
0.001067903650742
-0.579664971907670
0.404883768703960
0.961831464341293
0.008474720778340
-0.322281753311416
-0.001205140358834
0.000573853056575
0.612510134141619
1.252390513765258
0.169096311103724
-0.171863833362350
0.249919215511324
-0.001205140358834
-0.322281753311416
0.008474720778340
0.961831464341293
0.404883768703960
-0.579664971907670
0.249919215511324
-0.171863833362350
0.169096311103724
1.252390513765258
0.612510134141619
0.000573853056575
-0.136848998385648
0.092048436841256
-0.107895406842962
-0.290418613638788
0.761028478896776
-0.000334515722405
0.001067903650742
0.172539137788470
-0.019555098377340
-0.119820892919163
1.052629302789079
0.932121171435545
-0.000329692509298
-0.060391804413047
0.007022998654720
0.035519000000000
-0.336026239763509
0.473148472940244
0.049494200841889
-0.032863577256060
0.051561705356298
0.073916713931647
-0.131839000000002
1.000227266713640
