5
-1.000000000000000
-0.654653670707977
0.000000000000000
0.654653670707977
1.000000000000000
5
-1.000000000000000
-0.774596669241483
0.000000000000000
0.774596669241483
1.000000000000000
0.999998356032466
-0.162271263719923
-0.099718225645951
-0.026462445429948
-0.054692201374201
1.001506759076642
0.206190500386223
0.040723675801047
0.105327763038025
0.001506759076641
-0.002560522720878
0.904124584816972
-0.192278394411980
-0.213780494054070
-0.002560522720876
0.006141018651134
1.401955455231404
0.000001000000000
0.078324675244588
0.146022710630734
-0.197553022578772
-0.189550949712876
0.999998999999999
-0.189550949712877
-0.197553022578776
0.000845613369062
-0.159998999999999
1.278266629616355
-0.159998999999998
0.000845613369059
-0.002560522720876
-0.213780494054070
-0.192278394411980
0.904124584816972
-0.002560522720878
0.146022710630734
0.078324675244588
0.000001000000000
1.401955455231404
0.006141018651134
-0.054692201374201
-0.026462445429948
-0.099718225645951
-0.162271263719923
0.999998356032466
0.001506759076641
0.105327763038025
0.040723675801047
0.206190500386223
1.001506759076642
