8
-1.000000000000000
-0.871740148509605
-0.591700181433143
-0.209299217902479
0.209299217902479
0.591700181433142
0.871740148509605
1.000000000000000
10
-1.000000000000000
-0.884988448231835
-0.646606869785690
-0.408275784298050
-0.160081964418160
0.160081964418160
0.408275784298050
0.646606869785690
0.884988448231835
1.000000000000000
0.898606742010319
-0.156319634566420
-0.107874725105258
0.063109999691458
-0.044263040619418
-0.034476963931473
0.026435443529960
-0.023305428795202
-0.012386430786754
-0.000291526201419
1.003934412494287
0.047086040945951
-0.028995991187152
0.124885839767694
-0.013176739288036
-0.006077472077719
0.047573247149893
-0.006429196172214
0.008017598089604
0.024997288386986
-0.005478859752474
0.992840474002919
0.062662210936450
-0.353563936862705
0.043590490110304
0.021407800067565
-0.123220806623789
0.021832695510569
-0.016080021938020
-0.060386482904866
0.269965542812802
1.232364193387580
0.183236278362931
-0.195713812149068
0.125905011236020
0.093429102736749
-0.070629310209028
0.061257074511997
0.032272812128314
0.000782988221621
-0.304478952861476
-0.112176056841665
0.954951883510004
0.626530460968024
-0.263650914999505
-0.150238028200403
0.113348630233786
-0.096809366403380
-0.050166120881602
-0.002910825343478
0.001757315095834
-0.056450371036067
1.161097484910150
0.732990825457180
-0.101289252522201
-0.042668955243560
0.199361420944088
-0.040914650564580
0.017719583631659
0.084685259116475
-0.001795730040428
-0.091003230065524
-0.289769260784743
0.636663611492293
0.976752608170131
0.052446841542827
-0.345660866856795
0.066232804441509
-0.025240075338077
-0.124171139222605
0.194366961772700
0.039914913277162
-0.131841399038821
0.750510768121277
1.144290243285371
0.131632635960139
-0.205006578109585
0.149464462499290
0.070103145538718
0.001752440906471
-0.124171139222605
-0.025240075338077
0.066232804441509
-0.345660866856795
0.052446841542827
0.976752608170131
0.636663611492293
-0.289769260784743
-0.091003230065524
-0.001795730040428
0.001752440906471
0.070103145538718
0.149464462499290
-0.205006578109585
0.131632635960139
1.144290243285371
0.750510768121277
-0.131841399038821
0.039914913277162
0.194366961772700
-0.002910825343478
-0.050166120881602
-0.096809366403380
0.113348630233786
-0.150238028200403
-0.263650914999505
0.626530460968024
0.954951883510004
-0.112176056841665
-0.304478952861476
0.084685259116475
0.017719583631659
-0.040914650564580
0.199361420944088
-0.042668955243560
-0.101289252522201
0.732990825457180
1.161097484910150
-0.056450371036067
0.001757315095834
-0.060386482904866
-0.016080021938020
0.021832695510569
-0.123220806623789
0.021407800067565
0.043590490110304
-0.353563936862705
0.062662210936450
0.992840474002919
-0.005478859752474
0.000782988221621
0.032272812128314
0.061257074511997
-0.070629310209028
0.093429102736749
0.125905011236020
-0.195713812149068
0.183236278362931
1.232364193387580
0.269965542812802
-0.000291526201419
-0.012386430786754
-0.023305428795202
0.026435443529960
-0.034476963931473
-0.044263040619418
0.063109999691458
-0.107874725105258
-0.156319634566420
0.898606742010319
0.024997288386986
0.008017598089604
-0.006429196172214
0.047573247149893
-0.006077472077719
-0.013176739288036
0.124885839767694
-0.028995991187152
0.047086040945951
1.003934412494287
