6
-1.000000000000000
-0.765055323929465
-0.285231516480645
0.285231516480645
0.765055323929466
1.000000000000000
7
-1.000000000000000
-0.906179845938664
-0.538469310105683
0.000000000000000
0.538469310105683
0.906179845938664
1.000000000000000
0.999836761494918
0.109603089304742
-0.241194663885753
0.062499000000000
-0.058899586795323
0.021385384121365
-0.000163238505082
1.000857233348586
0.436537373862448
-0.123753600463273
0.141251770081751
-0.036625832578531
0.028369884264694
0.006314091056244
-0.001548268985995
0.691476889321171
0.413926634121125
-0.470424416429026
0.103841301351276
-0.077505857699464
-0.015124726598971
0.000436801592554
1.260857748823264
0.717608415160302
-0.194647642353841
0.178175817792379
-0.058139092929755
0.000436801592557
-0.000483650965144
-0.423676930050379
0.653989134878349
0.569993282328358
-0.518914485763347
0.099171564524292
-0.000483650965148
0.001028790418359
-0.190281048616911
1.078201868497149
0.922352129131120
-0.200789619244320
0.138286747205659
0.017017744580186
-0.000483650965148
0.099171564524292
-0.518914485763347
0.569993282328358
0.653989134878349
-0.423676930050379
-0.000483650965144
0.017017744580186
0.138286747205659
-0.200789619244320
0.922352129131120
1.078201868497149
-0.190281048616911
0.001028790418359
-0.015124726598971
-0.077505857699464
0.103841301351276
-0.470424416429026
0.413926634121125
0.691476889321171
-0.001548268985995
0.000436801592557
-0.058139092929755
0.178175817792379
-0.194647642353841
0.717608415160302
1.260857748823264
0.000436801592554
-0.000163238505082
0.021385384121365
-0.058899586795323
0.062499000000000
-0.241194663885753
0.109603089304742
0.999836761494918
0.006314091056244
0.028369884264694
-0.036625832578531
0.141251770081751
-0.123753600463273
0.436537373862448
1.000857233348586
