5
-1.000000000000000
-0.654653670707977
0.000000000000000
0.654653670707977
1.000000000000000
9
-1.000000000000000
-0.949107912342758
-0.741531185599394
-0.405845151377397
0.000000000000000
0.405845151377397
0.741531185599394
0.949107912342758
1.000000000000000
0.999882577415163
0.732709272590105
0.035180390183117
-0.192823021282627
-0.000017625956466
0.055671855559595
-0.027208168879026
-0.039058199811014
-0.000117422584838
1.000303759597566
0.764394793728545
0.137138666619453
-0.131585165762055
0.021602580694477
0.089013907975907
-0.020080240966153
-0.019740258511333
0.000303759597565
-0.000569849034856
0.308265541035085
0.951308942881866
0.733537178473495
-0.096457642307616
-0.263572979095346
0.058757195051778
0.056265334690148
-0.000569849034854
0.000650397804601
0.371085939332812
1.127454819536132
0.806567651657550
0.000001000000000
-0.171932655552961
0.080446022974497
0.110112534756782
0.000650397804604
-0.001198406106827
-0.177246902683265
-0.207641476720879
0.513169328382536
0.999998999999999
0.513169328382536
-0.207641476720880
-0.177246902683266
-0.001198406106829
0.000418490361008
-0.109299099456016
-0.127238252100516
0.575409883025041
1.164639223191056
0.575409883025042
-0.127238252100517
-0.109299099456018
0.000418490361005
-0.000569849034854
0.056265334690148
0.058757195051778
-0.263572979095346
-0.096457642307616
0.733537178473495
0.951308942881866
0.308265541035085
-0.000569849034856
0.000650397804604
0.110112534756782
0.080446022974497
-0.171932655552961
0.000001000000000
0.806567651657550
1.127454819536132
0.371085939332812
0.000650397804601
-0.000117422584838
-0.039058199811014
-0.027208168879026
0.055671855559595
-0.000017625956466
-0.192823021282627
0.035180390183117
0.732709272590105
0.999882577415163
0.000303759597565
-0.019740258511333
-0.020080240966153
0.089013907975907
0.021602580694477
-0.131585165762055
0.137138666619453
0.764394793728545
1.000303759597566
