4
-1.000000000000000
-0.447213595499958
0.447213595499958
1.000000000000000
12
-1.000000000000000
-0.959492973614497
-0.841253532831181
-0.654860733945285
-0.415415013001886
-0.142314838273285
0.142314838273285
0.415415013001886
0.654860733945285
0.841253532831181
0.959492973614497
1.000000000000000
0.999892645952602
0.878330447264573
0.570649458067341
0.214170903479368
-0.048730633335773
-0.146926665951729
-0.103854187624916
-0.010129437926576
0.049363100250779
0.050336928502083
0.018159368609502
-0.000107354047397
1.000292191740151
0.882785281817467
0.584395458893463
0.236690125828418
-0.023973803231082
-0.128275283891824
-0.096112498073345
-0.006865315821052
0.057884413130271
0.056195764633641
0.020842393664345
0.000292191740151
-0.000537888548939
0.155593508801785
0.526089496272009
0.879693199869688
0.996979431583001
0.806948054690992
0.415272118583509
0.015665000492630
-0.192116820858714
-0.179833520133463
-0.063026327986416
-0.000537888548941
0.000353050856187
0.164300763800066
0.552209645856675
0.921048859637509
1.039180284213109
0.833413366522396
0.420013815023951
0.037123809574656
-0.165746425948885
-0.160821883667555
-0.056538159228755
0.000353050856186
-0.000537888548941
-0.063026327986416
-0.179833520133463
-0.192116820858714
0.015665000492630
0.415272118583509
0.806948054690992
0.996979431583001
0.879693199869688
0.526089496272009
0.155593508801785
-0.000537888548939
0.000353050856186
-0.056538159228755
-0.160821883667555
-0.165746425948885
0.037123809574656
0.420013815023951
0.833413366522396
1.039180284213109
0.921048859637509
0.552209645856675
0.164300763800066
0.000353050856187
-0.000107354047397
0.018159368609502
0.050336928502083
0.049363100250779
-0.010129437926576
-0.103854187624916
-0.146926665951729
-0.048730633335773
0.214170903479368
0.570649458067341
0.878330447264573
0.999892645952602
0.000292191740151
0.020842393664345
0.056195764633641
0.057884413130271
-0.006865315821052
-0.096112498073345
-0.128275283891824
-0.023973803231082
0.236690125828418
0.584395458893463
0.882785281817467
1.000292191740151
