6
-1.000000000000000
-0.765055323929465
-0.285231516480645
0.285231516480645
0.765055323929466
1.000000000000000
18
-1.000000000000000
-0.882352941176471
-0.764705882352941
-0.647058823529412
-0.529411764705882
-0.411764705882353
-0.294117647058824
-0.176470588235294
-0.058823529411765
0.058823529411765
0.176470588235294
0.294117647058824
0.411764705882353
0.529411764705882
0.647058823529412
0.764705882352941
0.882352941176471
1.000000000000000
0.941883573859192
0.289614612299841
-0.025094388378727
-0.137673978244162
-0.127294267582420
-0.069764609307836
-0.004370685987506
0.042968115903925
0.062937979166570
0.055926104489852
0.030012119440109
-0.003364241092151
-0.030679020899715
-0.040320689232261
-0.028293932500354
-0.000173046003619
0.020777485054622
-0.000077879861875
1.000706938834792
0.332978102834293
-0.000622302205788
-0.121163730535345
-0.121129233236355
-0.067239283858851
-0.001370885849606
0.047501865407638
0.067111713366308
0.059309372678275
0.031596328610769
-0.001686218810025
-0.027623483317644
-0.036780292350260
-0.025357075587325
0.000771981796731
0.027464199880051
0.011356285982718
-0.001060221827822
0.795348101241889
0.999997528652631
0.865405314785323
0.578527718701185
0.260623552820091
0.001625787966157
-0.157377005762980
-0.212340160761580
-0.179220039627804
-0.092757216662018
0.005920122675133
0.079921865819451
0.104470472294162
0.071370698474189
-0.001407041311980
-0.073818061965644
-0.029701777560499
0.108502960114474
0.872895339638988
1.038020677305000
0.887462817385693
0.581333602553911
0.269784215757289
0.015578206025741
-0.143202577491257
-0.199741529373804
-0.171128944338572
-0.089216936985665
0.010552387792599
0.087775710386139
0.113837643118529
0.078342273557408
0.000579179016881
-0.056422988858607
0.000357114424975
-0.079845443963654
-0.240335560345822
-0.014526434725993
0.340264246703535
0.676733395312726
0.910940637124441
0.999568072415636
0.938539339663430
0.754974018822226
0.496590612274313
0.215619177368608
-0.027671651646038
-0.180175838708455
-0.218479410933074
-0.141834037443557
-0.000866841716604
0.096508581297268
-0.000504957889780
0.000579875671551
-0.189188435889174
0.001092239908408
0.345188321324757
0.692079602649406
0.930563480585105
1.019928541260851
0.954652446160884
0.766026605665026
0.500039304079449
0.221547190230219
-0.015007783394937
-0.165004937647884
-0.202452625225920
-0.132232634470613
0.002250281610350
0.124663412407215
0.047265908130978
-0.000504957889780
0.096508581297268
-0.000866841716604
-0.141834037443557
-0.218479410933074
-0.180175838708455
-0.027671651646038
0.215619177368608
0.496590612274313
0.754974018822226
0.938539339663430
0.999568072415636
0.910940637124441
0.676733395312726
0.340264246703535
-0.014526434725993
-0.240335560345822
-0.079845443963654
0.047265908130978
0.124663412407215
0.002250281610350
-0.132232634470613
-0.202452625225920
-0.165004937647884
-0.015007783394937
0.221547190230219
0.500039304079449
0.766026605665026
0.954652446160884
1.019928541260851
0.930563480585105
0.692079602649406
0.345188321324757
0.001092239908408
-0.189188435889174
0.000579875671551
-0.029701777560499
-0.073818061965644
-0.001407041311980
0.071370698474189
0.104470472294162
0.079921865819451
0.005920122675133
-0.092757216662018
-0.179220039627804
-0.212340160761580
-0.157377005762980
0.001625787966157
0.260623552820091
0.578527718701185
0.865405314785323
0.999997528652631
0.795348101241889
-0.001060221827822
0.000357114424975
-0.056422988858607
0.000579179016881
0.078342273557408
0.113837643118529
0.087775710386139
0.010552387792599
-0.089216936985665
-0.171128944338572
-0.199741529373804
-0.143202577491257
0.015578206025741
0.269784215757289
0.581333602553911
0.887462817385693
1.038020677305000
0.872895339638988
0.108502960114474
-0.000077879861875
0.020777485054622
-0.000173046003619
-0.028293932500354
-0.040320689232261
-0.030679020899715
-0.003364241092151
0.030012119440109
0.055926104489852
0.062937979166570
0.042968115903925
-0.004370685987506
-0.069764609307836
-0.127294267582420
-0.137673978244162
-0.025094388378727
0.289614612299841
0.941883573859192
0.011356285982718
0.027464199880051
0.000771981796731
-0.025357075587325
-0.036780292350260
-0.027623483317644
-0.001686218810025
0.031596328610769
0.059309372678275
0.067111713366308
0.047501865407638
-0.001370885849606
-0.067239283858851
-0.121129233236355
-0.121163730535345
-0.000622302205788
0.332978102834293
1.000706938834792
