6
-1.000000000000000
-0.765055323929465
-0.285231516480645
0.285231516480645
0.765055323929466
1.000000000000000
9
-1.000000000000000
-0.949107912342758
-0.741531185599394
-0.405845151377397
0.000000000000000
0.405845151377397
0.741531185599394
0.949107912342758
1.000000000000000
0.999795794342518
0.562556211236421
-0.170833224358855
-0.094779053051416
0.062499000000000
-0.045608996335498
-0.026090110227158
0.017186124054414
-0.000204205657482
1.000677779086016
0.661381113269794
-0.037680580543993
-0.044040928782780
0.115623677250798
-0.026742200036857
-0.003545410566163
0.040026791934058
0.000677779086015
-0.001254463557457
0.435735230939463
0.993035120782171
0.116603252672398
-0.352673074793071
0.077216968869658
0.010291220257449
-0.108972562901763
-0.001254463557454
0.000546630313812
0.678994720065582
1.143204801251507
0.255194085782311
-0.194647642353841
0.130878856419685
0.069694069025811
-0.046565205066244
0.000546630313815
-0.000899995098200
-0.337246785162802
0.011273516640532
0.919321708851741
0.631368452366883
-0.317358806413944
-0.067725265854741
0.078302199762567
-0.000899995098205
0.000906195438613
-0.146267522434768
0.062564489845008
1.158458495239950
0.773131395232631
-0.160173438906001
-0.018475630704518
0.187019673781670
0.000906195438609
-0.000899995098205
0.078302199762567
-0.067725265854741
-0.317358806413944
0.631368452366883
0.919321708851741
0.011273516640532
-0.337246785162802
-0.000899995098200
0.000906195438609
0.187019673781670
-0.018475630704518
-0.160173438906001
0.773131395232631
1.158458495239950
0.062564489845008
-0.146267522434768
0.000906195438613
-0.001254463557454
-0.108972562901763
0.010291220257449
0.077216968869658
-0.352673074793071
0.116603252672398
0.993035120782171
0.435735230939463
-0.001254463557457
0.000546630313815
-0.046565205066244
0.069694069025811
0.130878856419685
-0.194647642353841
0.255194085782311
1.143204801251507
0.678994720065582
0.000546630313812
-0.000204205657482
0.017186124054414
-0.026090110227158
-0.045608996335498
0.062499000000000
-0.094779053051416
-0.170833224358855
0.562556211236421
0.999795794342518
0.000677779086015
0.040026791934058
-0.003545410566163
-0.026742200036857
0.115623677250798
-0.044040928782780
-0.037680580543993
0.661381113269794
1.000677779086016
