5
-1.000000000000000
-0.654653670707977
0.000000000000000
0.654653670707977
1.000000000000000
4
-1.000000000000000
-0.500000000000000
0.500000000000000
1.000000000000000
0.532181705243140
-0.248333256408130
0.039061500000000
-0.087544978241898
1.000298218888563
-0.117186500000000
0.134032308018851
0.000298218888563
-0.000001080933190
0.640618838371152
-0.641345313763605
-0.000001080933187
0.963290175530783
1.017328132085228
-0.118405716635795
0.264795588095528
-0.684806380446790
0.299153710054255
0.299153710392884
-0.684806381711435
0.000004340007675
1.000000999999991
1.000001000000007
0.000004340007672
-0.000001080933187
-0.641345313763605
0.640618838371152
-0.000001080933190
0.264795588095528
-0.118405716635795
1.017328132085228
0.963290175530783
-0.087544978241898
0.039061500000000
-0.248333256408130
0.532181705243140
0.000298218888563
0.134032308018851
-0.117186500000000
1.000298218888563
