7
-1.000000000000000
-0.830223896278567
-0.468848793470714
0.000000000000000
0.468848793470714
0.830223896278567
1.000000000000000
16
-1.000000000000000
-0.978147600733806
-0.913545457642601
-0.809016994374947
-0.669130606358858
-0.500000000000000
-0.309016994374947
-0.104528463267653
0.104528463267653
0.309016994374947
0.500000000000000
0.669130606358858
0.809016994374947
0.913545457642601
0.978147600733806
1.000000000000000
0.999876617745803
0.769861667638500
0.277977672461742
-0.097695744077024
-0.150772926489596
-0.020508812500002
0.061556573466412
0.033656881884577
-0.036595631861875
-0.041102576200369
0.006732256559110
0.025076664903910
0.004522510185511
-0.018576858935705
-0.011165727843924
-0.000123382254199
1.001302934434135
0.787715016130209
0.322727228076868
-0.045612480402832
-0.125981200906157
-0.010078258070858
0.082493953141504
0.039288089579420
-0.026151289927377
-0.031233703847880
0.011435004897325
0.033754174141198
0.006974162679720
-0.013307278111601
-0.007423624263636
0.001302934434132
-0.002063711098902
0.278722312301263
0.804683802372026
0.990429100483347
0.625993138717795
0.020675345533960
-0.258464255911371
-0.112042302553662
0.076153361683283
0.088072613012063
-0.029966109392443
-0.089108607378713
-0.016981859169961
0.036592203845222
0.020952011726893
-0.002063711098905
0.000582803510787
0.311669522848694
0.884479921743937
1.070127253418329
0.643706851573264
0.074868609829246
-0.196616344727849
-0.099852334801266
0.104793231684290
0.113691034841938
-0.018061640300821
-0.067054798099381
-0.011741590732221
0.049561450617797
0.029574612103933
0.000582803510785
-0.000900308417321
-0.121368954968664
-0.246745066917867
0.051422799152378
0.630345045037091
0.991145764856405
0.801339286763861
0.221680369982899
-0.225284954159388
-0.194937983740361
0.031191301921290
0.110501297644421
0.018597461202052
-0.078291442368085
-0.045663139661275
-0.000782637245872
0.000727567534163
-0.101308710882841
-0.188516892764423
0.077285485875723
0.673191751575948
1.081449376419250
0.850404440399749
0.250320891518414
-0.158509002999162
-0.164112281355328
0.049985405271803
0.144130979104344
0.023616789820381
-0.060166241100907
-0.035193359026401
0.000727567534157
-0.000559939614288
0.055909996139007
0.097360819807308
-0.038129334285008
-0.249783412738300
-0.119637764028534
0.438492637424512
0.925011204758964
0.925011204759768
0.438492637424512
-0.119637764028533
-0.249783412739207
-0.038129334284651
0.097360819807311
0.055909996139010
-0.000559939614285
0.000427791569949
0.069459107811719
0.126727148083853
-0.030649641118826
-0.200653334252616
-0.065585238270141
0.453055955923973
1.000420777561566
1.000420777561576
0.453055955923967
-0.065585238270140
-0.200653334252548
-0.030649641134185
0.126727148107814
0.069459107797377
0.000427791569952
-0.000782637245872
-0.045663139661275
-0.078291442368085
0.018597461202052
0.110501297644421
0.031191301921290
-0.194937983740361
-0.225284954159388
0.221680369982899
0.801339286763861
0.991145764856405
0.630345045037091
0.051422799152378
-0.246745066917867
-0.121368954968664
-0.000900308417321
0.000727567534157
-0.035193359026401
-0.060166241100907
0.023616789820381
0.144130979104344
0.049985405271803
-0.164112281355328
-0.158509002999162
0.250320891518414
0.850404440399749
1.081449376419250
0.673191751575948
0.077285485875723
-0.188516892764423
-0.101308710882841
0.000727567534163
-0.002063711098905
0.020952011726893
0.036592203845222
-0.016981859169961
-0.089108607378713
-0.029966109392443
0.088072613012063
0.076153361683283
-0.112042302553662
-0.258464255911371
0.020675345533960
0.625993138717795
0.990429100483347
0.804683802372026
0.278722312301263
-0.002063711098902
0.000582803510785
0.029574612103933
0.049561450617797
-0.011741590732221
-0.067054798099381
-0.018061640300821
0.113691034841938
0.104793231684290
-0.099852334801266
-0.196616344727849
0.074868609829246
0.643706851573264
1.070127253418329
0.884479921743937
0.311669522848694
0.000582803510787
-0.000123382254199
-0.011165727843924
-0.018576858935705
0.004522510185511
0.025076664903910
0.006732256559110
-0.041102576200369
-0.036595631861875
0.033656881884577
0.061556573466412
-0.020508812500002
-0.150772926489596
-0.097695744077024
0.277977672461742
0.769861667638500
0.999876617745803
0.001302934434132
-0.007423624263636
-0.013307278111601
0.006974162679720
0.033754174141198
0.011435004897325
-0.031233703847880
-0.026151289927377
0.039288089579420
0.082493953141504
-0.010078258070858
-0.125981200906157
-0.045612480402832
0.322727228076868
0.787715016130209
1.001302934434135
