8
-1.000000000000000
-0.871740148509605
-0.591700181433143
-0.209299217902479
0.209299217902479
0.591700181433143
0.871740148509605
1.000000000000000
10
-1.000000000000000
-0.777777777777778
-0.555555555555556
-0.333333333333333
-0.111111111111111
0.111111111111111
0.333333333333333
0.555555555555555
0.777777777777778
1.000000000000000
0.457610297663065
-0.337544797849133
0.025810937840504
0.046611616247576
-0.044279600864816
-0.033926859841364
0.023292000335368
-0.000036144777174
-0.026820074898884
-0.000027615576838
1.000001767171445
-0.132051775303945
0.053658921958518
0.074301516959334
-0.029581322327983
-0.023664704428097
0.035725523401245
0.013555360970789
-0.016504925637974
0.024279349535303
-0.000003609169553
0.758572597288351
-0.245121543960408
-0.170781394119453
0.083968245233745
0.064982247192879
-0.095687217461457
-0.035673479560027
0.043207572475476
-0.063400434762085
0.941263823619387
1.045427876204338
-0.088214028843282
-0.140265473891094
0.125385772574188
0.092395216227707
-0.062665704212328
0.000256965485121
0.070280391316780
0.000004663064403
-0.568802319360652
0.416382484316554
0.981906499792865
0.337595714398799
-0.279123811975612
-0.137713292593410
0.103867346162367
-0.000474528104410
-0.109131071004690
-0.000013859841243
0.000016159674122
0.598384663838915
1.244427895055465
0.371943122496340
-0.169086888613736
-0.115618118868951
0.158184149176308
0.054373069222229
-0.066208054938795
0.096542742634276
-0.000006252178456
-0.300187140467865
-0.031828394379636
0.851893075952209
0.910119532523358
0.243294181107248
-0.308217591181078
-0.069253577998919
0.101025017659912
-0.145248424465319
0.245267236066419
-0.175421610541819
0.112712550828315
0.967498194677514
1.029271622290886
0.278907293700131
-0.194721939223144
0.002505306574313
0.170354002198920
0.000003901237722
-0.145248424465319
0.101025017659912
-0.069253577998919
-0.308217591181078
0.243294181107248
0.910119532523358
0.851893075952209
-0.031828394379636
-0.300187140467865
-0.000006252178456
0.000003901237722
0.170354002198920
0.002505306574313
-0.194721939223144
0.278907293700131
1.029271622290886
0.967498194677514
0.112712550828315
-0.175421610541819
0.245267236066419
-0.000013859841243
-0.109131071004690
-0.000474528104410
0.103867346162367
-0.137713292593410
-0.279123811975612
0.337595714398799
0.981906499792865
0.416382484316554
-0.568802319360652
0.096542742634276
-0.066208054938795
0.054373069222229
0.158184149176308
-0.115618118868951
-0.169086888613736
0.371943122496340
1.244427895055465
0.598384663838915
0.000016159674122
-0.063400434762085
0.043207572475476
-0.035673479560027
-0.095687217461457
0.064982247192879
0.083968245233745
-0.170781394119453
-0.245121543960408
0.758572597288351
-0.000003609169553
0.000004663064403
0.070280391316780
0.000256965485121
-0.062665704212328
0.092395216227707
0.125385772574188
-0.140265473891094
-0.088214028843282
1.045427876204338
0.941263823619387
-0.000027615576838
-0.026820074898884
-0.000036144777174
0.023292000335368
-0.033926859841364
-0.044279600864816
0.046611616247576
0.025810937840504
-0.337544797849133
0.457610297663065
0.024279349535303
-0.016504925637974
0.013555360970789
0.035725523401245
-0.023664704428097
-0.029581322327983
0.074301516959334
0.053658921958518
-0.132051775303945
1.000001767171445
