5
-1.000000000000000
-0.654653670707977
0.000000000000000
0.654653670707977
1.000000000000000
13
-1.000000000000000
-0.884977680664166
-0.760787907131806
-0.608701397064812
-0.414125972797100
-0.192170758370108
0.000000000000000
0.192170758370108
0.414125972797100
0.608701397064812
0.760787907131806
0.884977680664166
1.000000000000000
0.976318406071721
0.496301709583714
0.155956230204106
-0.075194039743251
-0.150980938968911
-0.083055938564379
-0.000059721174298
0.053198064563644
0.054561104064674
0.011604577525747
-0.027247815571992
-0.036389431496215
-0.007516878330948
1.000683356303817
0.517610861774563
0.176156401488160
-0.049558531614765
-0.131225721854760
-0.077848993676071
0.003029042062397
0.062842524779014
0.062994974193366
0.012966171476830
-0.023304777103558
-0.031056938098570
0.000683356303815
-0.001267200561962
0.603144698627116
0.925862198978880
0.987858331749105
0.747571089015741
0.308229342956911
-0.019038553546034
-0.203369996319099
-0.194290367241911
-0.037199735224110
0.068373306252186
0.089407632507485
-0.001267200561959
0.044610547401811
0.642936285699203
0.960851999008406
1.029614041610036
0.769864007020551
0.320306459648168
0.000109834456949
-0.174752494259828
-0.168346189134068
-0.033716578285372
0.079733244197301
0.103649420139174
0.021191150315854
-0.037003281778778
-0.204230533739590
-0.171557983581766
0.070340747410835
0.496455386627686
0.879982318323176
0.999998999999999
0.879982318323184
0.496455386626084
0.070340747722442
-0.171557983919779
-0.204230533411672
-0.037003282163057
0.000896806674264
-0.179398437562397
-0.147329216490566
0.085895458999265
0.514453325706302
0.914519199339899
1.026502105685521
0.914519199344452
0.514453325702514
0.085895459005216
-0.147329216490585
-0.179398437562399
0.000896806674262
-0.001267200561959
0.089407632507485
0.068373306252186
-0.037199735224110
-0.194290367241911
-0.203369996319099
-0.019038553546034
0.308229342956911
0.747571089015741
0.987858331749105
0.925862198978880
0.603144698627116
-0.001267200561962
0.021191150315854
0.103649420139174
0.079733244197301
-0.033716578285372
-0.168346189134068
-0.174752494259828
0.000109834456949
0.320306459648168
0.769864007020551
1.029614041610036
0.960851999008406
0.642936285699203
0.044610547401811
-0.007516878330948
-0.036389431496215
-0.027247815571992
0.011604577525747
0.054561104064674
0.053198064563644
-0.000059721174298
-0.083055938564379
-0.150980938968911
-0.075194039743251
0.155956230204106
0.496301709583714
0.976318406071721
0.000683356303815
-0.031056938098570
-0.023304777103558
0.012966171476830
0.062994974193366
0.062842524779014
0.003029042062397
-0.077848993676071
-0.131225721854760
-0.049558531614765
0.176156401488160
0.517610861774563
1.000683356303817
