3
-1.000000000000000
0.000000000000000
1.000000000000000
7
-1.000000000000000
-0.866025403784439
-0.500000000000000
-0.000000000000000
0.500000000000000
0.866025403784439
1.000000000000000
0.999998574998805
0.799004252512280
0.348130881824493
-0.035963729656451
-0.151869118175507
-0.067021151272903
-0.000001425001195
1.000250999749499
0.808234558628485
0.375126125125125
0.000001000000000
-0.124873874874875
-0.057790845155953
0.000250999749499
-0.000500999498996
0.249557286521662
0.749748749749750
0.999999000000000
0.749748749749751
0.249557286531098
-0.000500999498996
0.000001879416865
0.268020193413928
0.803729905830202
1.071934940763654
0.803729905859452
0.268020193396978
0.000001879416865
-0.000001425001195
-0.067021151272903
-0.151869118175507
-0.035963729656451
0.348130881824493
0.799004252512280
0.999998574998805
0.000250999749499
-0.057790845155953
-0.124873874874875
0.000001000000000
0.375126125125125
0.808234558628485
1.000250999749499
