4
-1.000000000000000
-0.447213595499958
0.447213595499958
1.000000000000000
9
-1.000000000000000
-0.790838069918448
-0.566602587206051
-0.304442493511705
0.000000000000000
0.304442493511705
0.566602587206051
0.790838069918448
1.000000000000000
0.973362893398277
0.452063702472053
0.094559411273987
-0.113536555236704
-0.141633256860546
-0.048150662061277
0.032696401470459
0.055613177076920
-0.000169170399137
1.000447669545481
0.476167888963499
0.118566033106620
-0.087349919958695
-0.124685852016412
-0.045831276358479
0.040017088860275
0.065574007462363
0.014066420913620
-0.000845674909214
0.648100082795842
0.961855463267557
0.952773345766023
0.624262119078347
0.165816506170258
-0.141286299803008
-0.209425172286241
-0.040833705150618
0.051291745273721
0.693731597762582
1.004729032761967
0.995819268085591
0.642916454007752
0.181450018633683
-0.113103174657417
-0.179881148836262
0.000557707155235
-0.040833705150618
-0.209425172286241
-0.141286299803008
0.165816506170258
0.624262119078347
0.952773345766023
0.961855463267557
0.648100082795842
-0.000845674909214
0.000557707155235
-0.179881148836262
-0.113103174657417
0.181450018633683
0.642916454007752
0.995819268085591
1.004729032761967
0.693731597762582
0.051291745273721
-0.000169170399137
0.055613177076920
0.032696401470459
-0.048150662061277
-0.141633256860546
-0.113536555236704
0.094559411273987
0.452063702472053
0.973362893398277
0.014066420913620
0.065574007462363
0.040017088860275
-0.045831276358479
-0.124685852016412
-0.087349919958695
0.118566033106620
0.476167888963499
1.000447669545481
