4
-1.000000000000000
-0.447213595499958
0.447213595499958
1.000000000000000
14
-1.000000000000000
-0.846153846153846
-0.692307692307692
-0.538461538461538
-0.384615384615385
-0.230769230769231
-0.076923076923077
0.076923076923077
0.230769230769231
0.384615384615385
0.538461538461539
0.692307692307693
0.846153846153846
1.000000000000000
0.985282200701517
0.582078451771800
0.284087863597265
0.076624820991743
-0.052977538522843
-0.119314672244633
-0.135161723172875
-0.114979945996089
-0.071736130596419
-0.020073808399654
0.025929865538993
0.053708604005462
0.049598522521208
-0.000055473824632
1.000218590242891
0.595476013480851
0.295449187225992
0.086482565771506
-0.045012677835849
-0.112744132327558
-0.130434514260820
-0.111761380773588
-0.070340649368533
-0.019252691291307
0.028614282279294
0.057761519209867
0.055728198672606
0.007416161369899
-0.000378276228459
0.513191598046870
0.829180141684790
0.978121752930081
0.990456955130431
0.896800076551130
0.727818072971115
0.514060674871372
0.283745003838687
0.068388915809946
-0.100781263927359
-0.192072459166880
-0.176234483664691
-0.021302855492092
0.028523846773805
0.538479125373184
0.850155152770015
0.995576720442986
1.003859130471890
0.906858041986497
0.733923366348069
0.516656452208789
0.286543475884174
0.074602186851788
-0.090547788433040
-0.178351619963342
-0.158279820763612
0.000201473094852
-0.021302855492092
-0.176234483664691
-0.192072459166880
-0.100781263927359
0.068388915809946
0.283745003838687
0.514060674871372
0.727818072971115
0.896800076551130
0.990456955130431
0.978121752930081
0.829180141684790
0.513191598046870
-0.000378276228459
0.000201473094852
-0.158279820763612
-0.178351619963342
-0.090547788433040
0.074602186851788
0.286543475884174
0.516656452208789
0.733923366348069
0.906858041986497
1.003859130471890
0.995576720442986
0.850155152770015
0.538479125373184
0.028523846773805
-0.000055473824632
0.049598522521208
0.053708604005462
0.025929865538993
-0.020073808399654
-0.071736130596419
-0.114979945996089
-0.135161723172875
-0.119314672244633
-0.052977538522843
0.076624820991743
0.284087863597265
0.582078451771800
0.985282200701517
0.007416161369899
0.055728198672606
0.057761519209867
0.028614282279294
-0.019252691291307
-0.070340649368533
-0.111761380773588
-0.130434514260820
-0.112744132327558
-0.045012677835849
0.086482565771506
0.295449187225992
0.595476013480851
1.000218590242891
