8
-1.000000000000000
-0.871740148509605
-0.591700181433143
-0.209299217902479
0.209299217902479
0.591700181433143
0.871740148509605
1.000000000000000
19
-1.000000000000000
-0.984807753012208
-0.939692620785908
-0.866025403784439
-0.766044443118978
-0.642787609686539
-0.500000000000000
-0.342020143325669
-0.173648177666930
-0.000000000000000
0.173648177666930
0.342020143325668
0.500000000000000
0.642787609686539
0.766044443118978
0.866025403784438
0.939692620785908
0.984807753012208
1.000000000000000
0.999817561496100
0.786716576421923
0.318223513945194
-0.066796282518808
-0.158693417365813
-0.044709168187242
0.052916480468750
0.049221419373153
-0.019352908880497
-0.049213809412796
-0.009682598307815
0.024077418375176
0.017516137848107
-0.012636567737068
-0.022302400826464
-0.001665788696560
0.010983503527112
0.006072639788140
-0.000352205076620
1.004018143565222
0.801397618710523
0.358654279598727
-0.016533502163294
-0.130584636762482
-0.038535851260704
0.072829926920168
0.058318666449532
-0.011331249013056
-0.037910330937709
-0.006859716063568
0.032227761114235
0.022656461086972
-0.008436150976382
-0.016192632953799
0.000362755210240
0.015283621850683
0.008852194709501
0.001291004079166
-0.007278684989470
0.261544328135194
0.770017558440492
0.996776189706990
0.705816006121071
0.124635371820031
-0.235860011727028
-0.170831274765861
0.033922323749492
0.106841223273722
0.019413043771351
-0.085654942589849
-0.058804097089900
0.023255181780890
0.043417602285305
0.000031521717661
-0.038811191053824
-0.021973492866068
-0.002374897439470
0.000677554115674
0.289490627136227
0.841471819410721
1.076732175215017
0.730817486001478
0.168543835788206
-0.172774803859696
-0.148332999971991
0.057031434262444
0.136938824369603
0.026019485667741
-0.064477564298801
-0.046329805524300
0.033545359646436
0.058617541609104
0.004489382718684
-0.028364106835555
-0.015546724211990
0.000906091741825
-0.001646054096648
-0.113314123173907
-0.245694002347482
-0.001606841046080
0.545087048699146
0.961080905828254
0.890662515817392
0.387505971784311
-0.136118600942909
-0.247959107859195
-0.044379652230459
0.106232100548836
0.073593695222691
-0.053280699057091
-0.090290790866901
-0.007164040289391
0.042152811582145
0.022782638794168
-0.002265870494590
0.004772479757788
-0.095716738784754
-0.190603194354257
0.028038566559992
0.579184418716129
1.041777163570491
0.950181453647151
0.403549467817795
-0.075469407211906
-0.202963759453249
-0.033591460983849
0.140367843689680
0.090325466100177
-0.038328648769486
-0.068592503650063
-0.001896813371618
0.056708714775373
0.030908413151125
0.001691650955328
-0.002665476116146
0.053330007697465
0.099725377987407
-0.013546086712438
-0.226872747345044
-0.180069003755122
0.297462914000614
0.831133737156861
0.987334527913069
0.633516606257326
0.054385382906077
-0.260087513040092
-0.145234326573574
0.062768970288317
0.106551193529214
0.003954369848679
-0.081974200923403
-0.043128822417231
-0.001036982046437
0.001227349466797
0.065000671029726
0.129412571897114
-0.005452086591016
-0.187261694037032
-0.124545620654293
0.311283430279283
0.889606612400144
1.067212363013693
0.663657256453566
0.092930378280867
-0.199655534776291
-0.125874804466826
0.084729175573725
0.136752827039196
0.008973868280194
-0.062829162999067
-0.034099648448288
0.002282709346641
-0.001036982046437
-0.043128822417231
-0.081974200923403
0.003954369848679
0.106551193529214
0.062768970288317
-0.145234326573574
-0.260087513040092
0.054385382906077
0.633516606257326
0.987334527913069
0.831133737156861
0.297462914000614
-0.180069003755122
-0.226872747345044
-0.013546086712438
0.099725377987407
0.053330007697465
-0.002665476116146
0.002282709346641
-0.034099648448288
-0.062829162999067
0.008973868280194
0.136752827039196
0.084729175573725
-0.125874804466826
-0.199655534776291
0.092930378280867
0.663657256453566
1.067212363013693
0.889606612400144
0.311283430279283
-0.124545620654293
-0.187261694037032
-0.005452086591016
0.129412571897114
0.065000671029726
0.001227349466797
-0.002265870494590
0.022782638794168
0.042152811582145
-0.007164040289391
-0.090290790866901
-0.053280699057091
0.073593695222691
0.106232100548836
-0.044379652230459
-0.247959107859195
-0.136118600942909
0.387505971784311
0.890662515817392
0.961080905828254
0.545087048699146
-0.001606841046080
-0.245694002347482
-0.113314123173907
-0.001646054096648
0.001691650955328
0.030908413151125
0.056708714775373
-0.001896813371618
-0.068592503650063
-0.038328648769486
0.090325466100177
0.140367843689680
-0.033591460983849
-0.202963759453249
-0.075469407211906
0.403549467817795
0.950181453647151
1.041777163570491
0.579184418716129
0.028038566559992
-0.190603194354257
-0.095716738784754
0.004772479757788
-0.002374897439470
-0.021973492866068
-0.038811191053824
0.000031521717661
0.043417602285305
0.023255181780890
-0.058804097089900
-0.085654942589849
0.019413043771351
0.106841223273722
0.033922323749492
-0.170831274765861
-0.235860011727028
0.124635371820031
0.705816006121071
0.996776189706990
0.770017558440492
0.261544328135194
-0.007278684989470
0.000906091741825
-0.015546724211990
-0.028364106835555
0.004489382718684
0.058617541609104
0.033545359646436
-0.046329805524300
-0.064477564298801
0.026019485667741
0.136938824369603
0.057031434262444
-0.148332999971991
-0.172774803859696
0.168543835788206
0.730817486001478
1.076732175215017
0.841471819410721
0.289490627136227
0.000677554115674
-0.000352205076620
0.006072639788140
0.010983503527112
-0.001665788696560
-0.022302400826464
-0.012636567737068
0.017516137848107
0.024077418375176
-0.009682598307815
-0.049213809412796
-0.019352908880497
0.049221419373153
0.052916480468750
-0.044709168187242
-0.158693417365813
-0.066796282518808
0.318223513945194
0.786716576421923
0.999817561496100
0.001291004079166
0.008852194709501
0.015283621850683
0.000362755210240
-0.016192632953799
-0.008436150976382
0.022656461086972
0.032227761114235
-0.006859716063568
-0.037910330937709
-0.011331249013056
0.058318666449532
0.072829926920168
-0.038535851260704
-0.130584636762482
-0.016533502163294
0.358654279598727
0.801397618710523
1.004018143565222
