6
-1.000000000000000
-0.765055323929465
-0.285231516480645
0.285231516480645
0.765055323929466
1.000000000000000
16
-1.000000000000000
-0.969568046269720
-0.899200533094528
-0.792008291861017
-0.652388702882773
-0.486059421887093
-0.299830468900765
-0.101326273521950
0.101326273521949
0.299830468900764
0.486059421887142
0.652388702882451
0.792008291861938
0.899200533093325
0.969568046270279
1.000000000000000
0.999427629136003
0.776748279073464
0.377769750992672
0.019821742420982
-0.146869614716725
-0.115294641384753
-0.007231414806017
0.059031444481431
0.048150345602831
-0.006857803177618
-0.043709123217125
-0.028472193975788
0.006157099517322
0.021477770334290
0.012102755926297
-0.000102478356445
1.000675097449925
0.787954407194204
0.404690561576598
0.054350194673045
-0.118948410558282
-0.104851450481326
-0.000170848934055
0.072486582752014
0.054294101470945
-0.003227774071389
-0.035864043248475
-0.024474910451489
0.008469694312733
0.026281633646588
0.014652224371689
0.000824298518878
-0.001221941512746
0.278352154416773
0.724550523670008
0.989903668868990
0.875712746555417
0.453879720904042
-0.011364053565116
-0.229475564292798
-0.163289568139750
0.010146424658852
0.102194334869576
0.068625173465471
-0.022779891459055
-0.070834017567908
-0.038981473725329
-0.001622811070309
0.001104512650849
0.300311182984215
0.771828447621077
1.048877779638617
0.911275213570968
0.463257539804511
0.025887899806937
-0.190374004602922
-0.145752877428046
0.021019987084526
0.123984000964629
0.078638293881106
-0.016775425216816
-0.058285531524609
-0.032628462613295
0.000390552792345
-0.001097564592868
-0.116817201483653
-0.223602407899281
-0.094251292511951
0.323073931424506
0.778570129760990
0.998808530310429
0.832600199622810
0.391066368272061
-0.059467263293318
-0.238867015336590
-0.143374008867600
0.029498776805025
0.099263438051238
0.054707678508418
-0.000554625079817
0.000833944073578
-0.100467984066188
-0.191676212740193
-0.063104390276903
0.330427614511964
0.818556397085030
1.054928819938440
0.871705717300010
0.398927972265776
-0.024339424202216
-0.202329499144185
-0.126950929111486
0.039556388244853
0.119220461840865
0.063714189090080
0.001498377345877
-0.000554625079817
0.054707678508418
0.099263438051238
0.029498776805025
-0.143374008867600
-0.238867015336590
-0.059467263293318
0.391066368272061
0.832600199622810
0.998808530310429
0.778570129760990
0.323073931424506
-0.094251292511951
-0.223602407899281
-0.116817201483653
-0.001097564592868
0.001498377345877
0.063714189090080
0.119220461840865
0.039556388244853
-0.126950929111486
-0.202329499144185
-0.024339424202216
0.398927972265776
0.871705717300010
1.054928819938440
0.818556397085030
0.330427614511964
-0.063104390276903
-0.191676212740193
-0.100467984066188
0.000833944073578
-0.001622811070309
-0.038981473725329
-0.070834017567908
-0.022779891459055
0.068625173465471
0.102194334869576
0.010146424658852
-0.163289568139750
-0.229475564292798
-0.011364053565116
0.453879720904042
0.875712746555417
0.989903668868990
0.724550523670008
0.278352154416773
-0.001221941512746
0.000390552792345
-0.032628462613295
-0.058285531524609
-0.016775425216816
0.078638293881106
0.123984000964629
0.021019987084526
-0.145752877428046
-0.190374004602922
0.025887899806937
0.463257539804511
0.911275213570968
1.048877779638617
0.771828447621077
0.300311182984215
0.001104512650849
-0.000102478356445
0.012102755926297
0.021477770334290
0.006157099517322
-0.028472193975788
-0.043709123217125
-0.006857803177618
0.048150345602831
0.059031444481431
-0.007231414806017
-0.115294641384753
-0.146869614716725
0.019821742420982
0.377769750992672
0.776748279073464
0.999427629136003
0.000824298518878
0.014652224371689
0.026281633646588
0.008469694312733
-0.024474910451489
-0.035864043248475
-0.003227774071389
0.054294101470945
0.072486582752014
-0.000170848934055
-0.104851450481326
-0.118948410558282
0.054350194673045
0.404690561576598
0.787954407194204
1.000675097449925
