4
-1.000000000000000
-0.447213595499958
0.447213595499958
1.000000000000000
11
-1.000000000000000
-0.951056516295154
-0.809016994374947
-0.587785252292473
-0.309016994374947
-0.000000000000000
0.309016994374947
0.587785252292473
0.809016994374947
0.951056516295154
1.000000000000000
0.999888801124809
0.853029816284599
0.494802997358179
0.115163296974289
-0.113479735795665
-0.141213007140952
-0.046851199873617
0.037390212477243
0.054251124296869
0.021491614191857
-0.000111198875191
1.000251655290416
0.859229681532114
0.513884497187473
0.144546963731610
-0.085362736711752
-0.124883152399699
-0.044446683300181
0.046561312290198
0.062520317972675
0.024831945944038
0.000251655290417
-0.000474675429742
0.186334465689988
0.606556189257829
0.946390938979005
0.955656265132253
0.624635726908839
0.158496370537795
-0.162651181747774
-0.198769161691424
-0.076926980601624
-0.000474675429744
0.000334219014518
0.198045841640294
0.643229772498837
0.998703829666758
1.001964102843895
0.641911820857343
0.174940687867702
-0.128326967828528
-0.174691810742172
-0.067055761413958
0.000334219014517
-0.000474675429744
-0.076926980601624
-0.198769161691424
-0.162651181747774
0.158496370537795
0.624635726908839
0.955656265132253
0.946390938979005
0.606556189257829
0.186334465689988
-0.000474675429742
0.000334219014517
-0.067055761413958
-0.174691810742172
-0.128326967828528
0.174940687867702
0.641911820857343
1.001964102843895
0.998703829666758
0.643229772498837
0.198045841640294
0.000334219014518
-0.000111198875191
0.021491614191857
0.054251124296869
0.037390212477243
-0.046851199873617
-0.141213007140952
-0.113479735795665
0.115163296974289
0.494802997358179
0.853029816284599
0.999888801124809
0.000251655290417
0.024831945944038
0.062520317972675
0.046561312290198
-0.044446683300181
-0.124883152399699
-0.085362736711752
0.144546963731610
0.513884497187473
0.859229681532114
1.000251655290416
