4
-1.000000000000000
-0.447213595499958
0.447213595499958
1.000000000000000
16
-1.000000000000000
-0.969568046269720
-0.899200533094528
-0.792008291861017
-0.652388702882773
-0.486059421887093
-0.299830468900765
-0.101326273521950
0.101326273521949
0.299830468900764
0.486059421887142
0.652388702882451
0.792008291861938
0.899200533093325
0.969568046270279
1.000000000000000
0.999878647804911
0.909342405508357
0.717588931344588
0.470229723334360
0.221765076013868
0.021340578216402
-0.100851209373621
-0.139074971811994
-0.111176933990293
-0.048969678905331
0.011604103329744
0.049014586990050
0.055505626347640
0.038331982369645
0.014029341177040
-0.000061447343694
1.000214105716968
0.911185773475767
0.722461312003144
0.478705902519283
0.232999187571239
0.033734746435909
-0.089343826533909
-0.130415970770955
-0.106379026990290
-0.047970370129628
0.014151388923403
0.053085074273829
0.059043199969660
0.040848736404089
0.015018303205912
0.000259348144139
-0.000383176822027
0.118352318325697
0.360061498336256
0.645235362473427
0.882686055630414
0.996018596638554
0.949955507540287
0.758388765658926
0.478068089892201
0.180955571715019
-0.053622273786137
-0.177677500421676
-0.190886241669532
-0.127567557281993
-0.046515313205679
-0.000451928256283
0.000336532282988
0.122044355710687
0.369322426914150
0.661364920603826
0.903105825064977
1.017895431536672
0.968298722349663
0.770092936645649
0.481064697919899
0.187644209255200
-0.041355229936397
-0.164699830191612
-0.179446881503441
-0.120854782888243
-0.043567423156249
0.000230528270463
-0.000451928256283
-0.046515313205679
-0.127567557281993
-0.190886241669532
-0.177677500421676
-0.053622273786137
0.180955571715019
0.478068089892201
0.758388765658926
0.949955507540287
0.996018596638554
0.882686055630414
0.645235362473427
0.360061498336256
0.118352318325697
-0.000383176822027
0.000230528270463
-0.043567423156249
-0.120854782888243
-0.179446881503441
-0.164699830191612
-0.041355229936397
0.187644209255200
0.481064697919899
0.770092936645649
0.968298722349663
1.017895431536672
0.903105825064977
0.661364920603826
0.369322426914150
0.122044355710687
0.000336532282988
-0.000061447343694
0.014029341177040
0.038331982369645
0.055505626347640
0.049014586990050
0.011604103329744
-0.048969678905331
-0.111176933990293
-0.139074971811994
-0.100851209373621
0.021340578216402
0.221765076013868
0.470229723334360
0.717588931344588
0.909342405508357
0.999878647804911
0.000259348144139
0.015018303205912
0.040848736404089
0.059043199969660
0.053085074273829
0.014151388923403
-0.047970370129628
-0.106379026990290
-0.130415970770955
-0.089343826533909
0.033734746435909
0.232999187571239
0.478705902519283
0.722461312003144
0.911185773475767
1.000214105716968
