7
-1.000000000000000
-0.830223896278567
-0.468848793470714
0.000000000000000
0.468848793470714
0.830223896278567
1.000000000000000
4
-1.000000000000000
-0.333333333333333
0.333333333333333
1.000000000000000
-0.142572747299365
-0.119410364195604
-0.029228249080848
-0.013658472388211
1.000002346854829
0.068315691739149
0.030254060324836
0.020219425094305
-0.000003369180954
-0.223103069121916
-0.024499822121880
-0.120281552802576
1.469604631844584
-0.089607973029895
0.169486826646081
0.027119353233323
-0.315224791713558
0.615164846068536
-0.618019388801337
-0.018036779041875
0.238542192804667
1.276061597635874
-0.087050645620875
0.410993949230729
-0.705283508299061
0.121235506922976
0.121235507333991
-0.705283509093580
0.027173091124466
1.000005974861516
1.000005974861487
0.027173091124471
-0.018036779041875
-0.618019388801337
0.615164846068536
-0.315224791713558
0.410993949230729
-0.087050645620875
1.276061597635874
0.238542192804667
-0.120281552802576
-0.024499822121880
-0.223103069121916
-0.000003369180954
0.027119353233323
0.169486826646081
-0.089607973029895
1.469604631844584
-0.013658472388211
-0.029228249080848
-0.119410364195604
-0.142572747299365
0.020219425094305
0.030254060324836
0.068315691739149
1.000002346854829
