4
-1.000000000000000
-0.447213595499958
0.447213595499958
1.000000000000000
6
-1.000000000000000
-0.662740945940716
-0.270489140150450
0.270489140150450
0.662740945940716
1.000000000000000
0.929378263083594
0.194334785830759
-0.162964317911000
-0.087677977070714
0.050424616595917
-0.000240096263506
1.000647975106970
0.248607335187077
-0.100487987505856
-0.057186310950226
0.072855840908814
0.032035295010351
-0.001207268487779
0.869877148106685
0.929132687289198
0.208041321721985
-0.258786394562465
-0.076333118729831
0.123134510634449
0.981921407061473
1.017581241373391
0.235816231445184
-0.168909099889679
0.000697157268297
-0.076333118729831
-0.258786394562465
0.208041321721985
0.929132687289198
0.869877148106685
-0.001207268487779
0.000697157268297
-0.168909099889679
0.235816231445184
1.017581241373391
0.981921407061473
0.123134510634449
-0.000240096263506
0.050424616595917
-0.087677977070714
-0.162964317911000
0.194334785830759
0.929378263083594
0.032035295010351
0.072855840908814
-0.057186310950226
-0.100487987505856
0.248607335187077
1.000647975106970
