6
-1.000000000000000
-0.765055323929465
-0.285231516480645
0.285231516480645
0.765055323929466
1.000000000000000
7
-1.000000000000000
-0.780903319037794
-0.368317668351183
0.000000000000000
0.368317668351183
0.780903319037794
1.000000000000000
0.881476981032683
-0.158538824372718
-0.104528525624239
0.062499000000001
-0.048481008745457
-0.023093828056166
-0.000239179187344
1.002103069659689
0.030264433805886
-0.030716140985183
0.122050188312238
-0.018302900051803
0.008485761731770
0.043308793654905
-0.002963595155355
0.996881280703375
0.067566199943618
-0.349278399378802
0.055747685265233
-0.020430636949967
-0.115405681578185
0.295889816244091
1.231350428676599
0.166667914780680
-0.194647642353845
0.137980807611373
0.062436398350009
0.000647738168710
-0.311767930674454
-0.099225291784683
0.961780101337757
0.630698444271329
-0.288423089368692
-0.089718483948260
-0.001727961629993
0.001118069420148
-0.038083700666893
1.154930234278121
0.741917597190839
-0.122270884819993
0.031717189387025
0.194064979553960
-0.001727961629993
-0.089718483948260
-0.288423089368692
0.630698444271329
0.961780101337757
-0.099225291784683
-0.311767930674454
0.194064979553960
0.031717189387025
-0.122270884819993
0.741917597190839
1.154930234278121
-0.038083700666893
0.001118069420148
-0.115405681578185
-0.020430636949967
0.055747685265233
-0.349278399378802
0.067566199943618
0.996881280703375
-0.002963595155355
0.000647738168710
0.062436398350009
0.137980807611373
-0.194647642353845
0.166667914780680
1.231350428676599
0.295889816244091
-0.000239179187344
-0.023093828056166
-0.048481008745457
0.062499000000001
-0.104528525624239
-0.158538824372718
0.881476981032683
0.043308793654905
0.008485761731770
-0.018302900051803
0.122050188312238
-0.030716140985183
0.030264433805886
1.002103069659689
