8
-1.000000000000000
-0.871740148509605
-0.591700181433143
-0.209299217902479
0.209299217902479
0.591700181433142
0.871740148509605
1.000000000000000
12
-1.000000000000000
-0.899079800656911
-0.728668586651282
-0.566503172786771
-0.320386764313192
-0.118313138928427
0.118313138928427
0.320386764313192
0.566503172786771
0.728668586651282
0.899079800656911
1.000000000000000
0.909855150083821
-0.043016583747362
-0.187531886513654
0.018639144935736
0.041893492356554
-0.044698228461023
-0.034535177874803
0.021406860877105
0.004530480245676
-0.028198784703492
0.003391446432497
-0.000551367718075
1.003365653638624
0.107956757514144
-0.113935736162761
0.059961010073639
0.074604801237604
-0.024859294147400
-0.018764720644832
0.037953033076918
0.018068334268636
-0.015153601995870
0.011543716054011
0.019007314465090
-0.005862159672278
0.967934825073589
0.531742074212393
-0.206595226552832
-0.208830740930752
0.074379383287503
0.054840615783329
-0.098646158476752
-0.044475039826801
0.042727168642376
-0.027275320683951
-0.046307420859378
0.194250861188041
1.194170520283664
0.601143875093020
-0.064299404659457
-0.125081123911964
0.126904487710564
0.094619489334097
-0.057171979097086
-0.011441950838656
0.074651908272451
-0.008772480160261
0.001913275265796
-0.203833627305549
-0.187242009594273
0.714855542159871
0.991106001602668
0.305731684848721
-0.271677526692761
-0.144081875462857
0.096277046554003
0.018619232424375
-0.114716467086245
0.015754087294349
-0.001947480383357
0.002166635024233
-0.109541629507089
0.782725178201592
1.135602601106206
0.353881318289272
-0.160193840541664
-0.105452219453012
0.154873609375921
0.061876706031318
-0.072780419976841
0.034599593116881
0.062727647930948
-0.001492053462804
0.052581608949281
-0.304846673921254
0.032068096683452
0.880312665167759
0.922437266293340
0.234205941718536
-0.294471682472646
-0.079826587282317
0.114469680770653
-0.049747924084260
-0.089131165889920
0.134013133282745
0.081111535347477
-0.207498112987730
0.078170155061742
0.978569872330288
1.022885758728697
0.257781980712607
-0.184361794392363
-0.029709008164598
0.178563079896071
-0.029585019772555
0.001707909721977
-0.089131165889920
-0.049747924084260
0.114469680770653
-0.079826587282317
-0.294471682472646
0.234205941718536
0.922437266293340
0.880312665167759
0.032068096683452
-0.304846673921254
0.052581608949281
-0.001492053462804
0.001707909721977
-0.029585019772555
0.178563079896071
-0.029709008164598
-0.184361794392363
0.257781980712607
1.022885758728697
0.978569872330288
0.078170155061742
-0.207498112987730
0.081111535347477
0.134013133282745
-0.001947480383357
0.015754087294349
-0.114716467086245
0.018619232424375
0.096277046554003
-0.144081875462857
-0.271677526692761
0.305731684848721
0.991106001602668
0.714855542159871
-0.187242009594273
-0.203833627305549
0.062727647930948
0.034599593116881
-0.072780419976841
0.061876706031318
0.154873609375921
-0.105452219453012
-0.160193840541664
0.353881318289272
1.135602601106206
0.782725178201592
-0.109541629507089
0.002166635024233
-0.046307420859378
-0.027275320683951
0.042727168642376
-0.044475039826801
-0.098646158476752
0.054840615783329
0.074379383287503
-0.208830740930752
-0.206595226552832
0.531742074212393
0.967934825073589
-0.005862159672278
0.001913275265796
-0.008772480160261
0.074651908272451
-0.011441950838656
-0.057171979097086
0.094619489334097
0.126904487710564
-0.125081123911964
-0.064299404659457
0.601143875093020
1.194170520283664
0.194250861188041
-0.000551367718075
0.003391446432497
-0.028198784703492
0.004530480245676
0.021406860877105
-0.034535177874803
-0.044698228461023
0.041893492356554
0.018639144935736
-0.187531886513654
-0.043016583747362
0.909855150083821
0.019007314465090
0.011543716054011
-0.015153601995870
0.018068334268636
0.037953033076918
-0.018764720644832
-0.024859294147400
0.074604801237604
0.059961010073639
-0.113935736162761
0.107956757514144
1.003365653638624
