5
-1.000000000000000
-0.654653670707977
0.000000000000000
0.654653670707977
1.000000000000000
12
-1.000000000000000
-0.818181818181818
-0.636363636363636
-0.454545454545455
-0.272727272727273
-0.090909090909091
0.090909090909091
0.272727272727273
0.454545454545455
0.636363636363636
0.818181818181818
1.000000000000000
0.939731584224989
0.268369768480274
-0.048481897657573
-0.145185724743324
-0.112924906633993
-0.036564699684293
0.030349253121236
0.061470210982857
0.048141483390187
0.004408445875875
-0.041087175984422
-0.016704324280754
1.000381586981791
0.313578769401065
-0.021513923844000
-0.128318328503694
-0.107300759099900
-0.034901392234038
0.035972165017458
0.067757184381984
0.053027197722710
0.005225436613495
-0.031012432319850
0.000381586981790
-0.000575028280519
0.813280217728339
0.998088262942667
0.816414496263671
0.475776896649600
0.122201553598902
-0.123400298361776
-0.217194181649400
-0.159223257016702
-0.014705311151970
0.089858374961300
-0.000575028280516
0.113059514083036
0.895184159543423
1.040180080822709
0.838464088785663
0.478269945859902
0.137398335978191
-0.103648578784024
-0.196844611581340
-0.147285913113013
-0.012056851856555
0.117971613358700
0.046672513940492
-0.081748171717440
-0.241181955040281
0.016913222532996
0.410736951840246
0.764974070008878
0.972535056711848
0.972535056711848
0.764974070008879
0.410736951839960
0.016913222589974
-0.241181955133112
-0.081748171614447
0.000313290637684
-0.185778659859298
0.032900800631941
0.416483237725466
0.785159047976333
1.000309950630008
1.000309950630010
0.785159047976332
0.416483237812937
0.032900800624989
-0.185778659859285
0.000313290637682
-0.000575028280516
0.089858374961300
-0.014705311151970
-0.159223257016702
-0.217194181649400
-0.123400298361776
0.122201553598902
0.475776896649600
0.816414496263671
0.998088262942667
0.813280217728339
-0.000575028280519
0.046672513940492
0.117971613358700
-0.012056851856555
-0.147285913113013
-0.196844611581340
-0.103648578784024
0.137398335978191
0.478269945859902
0.838464088785663
1.040180080822709
0.895184159543423
0.113059514083036
-0.016704324280754
-0.041087175984422
0.004408445875875
0.048141483390187
0.061470210982857
0.030349253121236
-0.036564699684293
-0.112924906633993
-0.145185724743324
-0.048481897657573
0.268369768480274
0.939731584224989
0.000381586981790
-0.031012432319850
0.005225436613495
0.053027197722710
0.067757184381984
0.035972165017458
-0.034901392234038
-0.107300759099900
-0.128318328503694
-0.021513923844000
0.313578769401065
1.000381586981791
