5
-1.000000000000000
-0.654653670707977
0.000000000000000
0.654653670707977
1.000000000000000
6
-1.000000000000000
-0.708851606743119
-0.174048334337985
0.174048334337985
0.708851606743119
1.000000000000000
0.920549534632614
-0.100710320449171
-0.160233798494902
0.050096901673044
-0.019001509739619
-0.054029766593298
1.001294663416733
0.078327244414851
-0.069974197195723
0.094737162296196
0.008722447174751
0.001294663416732
-0.002294350005315
0.981782521394017
0.275681715698503
-0.314017128971904
-0.000602242595423
-0.002294350005312
0.194431643457282
1.235437267654669
0.357042798134717
-0.165607989956376
0.055724506758441
0.153517766271031
-0.239421140075164
-0.155262704827311
0.901164119628551
0.901164119627786
-0.155262704465142
-0.239421140646385
0.000717091866871
-0.085788691361053
1.000713751859210
1.000713751859180
-0.085788691361054
0.000717091866868
-0.002294350005312
-0.000602242595423
-0.314017128971904
0.275681715698503
0.981782521394017
-0.002294350005315
0.153517766271031
0.055724506758441
-0.165607989956376
0.357042798134717
1.235437267654669
0.194431643457282
-0.054029766593298
-0.019001509739619
0.050096901673044
-0.160233798494902
-0.100710320449171
0.920549534632614
0.001294663416732
0.008722447174751
0.094737162296196
-0.069974197195723
0.078327244414851
1.001294663416733
