8
-1.000000000000000
-0.871740148509605
-0.591700181433143
-0.209299217902479
0.209299217902479
0.591700181433143
0.871740148509605
1.000000000000000
6
-1.000000000000000
-0.765055323929465
-0.285231516480645
0.285231516480645
0.765055323929466
1.000000000000000
0.301593119284403
-0.263319254983352
-0.018887513128603
-0.065971882018490
-0.017542499263795
-0.000007959035256
1.000001720806257
-0.063733429798568
0.149258305110643
0.028200595076448
0.021748239731835
0.008699979000418
-0.000010606864486
0.179012165345845
-0.463875040919019
-0.073670806349052
-0.063640644309663
-0.021044594264124
1.288714948320034
0.813603956680037
0.048831740541607
0.191898196270970
0.045946038933601
0.000028005070351
-0.685212144990565
0.551067372442063
-0.145071036287658
-0.297080908471281
-0.070708716492191
-0.000254589166931
0.000002145082255
1.386998501473384
0.496078059148129
0.127045765350963
0.082130404560674
0.034625054102799
-0.000087548571791
-0.536273496837142
0.943637491569558
-0.278764073376138
-0.000597598972035
-0.086018561344674
0.237712421367267
-0.189012555348383
1.333148647202840
-0.011788363423810
0.128106277273974
0.000625050614813
-0.086018561344674
-0.000597598972035
-0.278764073376138
0.943637491569558
-0.536273496837142
-0.000087548571791
0.000625050614813
0.128106277273974
-0.011788363423810
1.333148647202840
-0.189012555348383
0.237712421367267
-0.000254589166931
-0.070708716492191
-0.297080908471281
-0.145071036287658
0.551067372442063
-0.685212144990565
0.034625054102799
0.082130404560674
0.127045765350963
0.496078059148129
1.386998501473384
0.000002145082255
-0.021044594264124
-0.063640644309663
-0.073670806349052
-0.463875040919019
0.179012165345845
-0.000010606864486
0.000028005070351
0.045946038933601
0.191898196270970
0.048831740541607
0.813603956680037
1.288714948320034
-0.000007959035256
-0.017542499263795
-0.065971882018490
-0.018887513128603
-0.263319254983352
0.301593119284403
0.008699979000418
0.021748239731835
0.028200595076448
0.149258305110643
-0.063733429798568
1.000001720806257
