8
-1.000000000000000
-0.871740148509605
-0.591700181433143
-0.209299217902479
0.209299217902479
0.591700181433143
0.871740148509605
1.000000000000000
7
-1.000000000000000
-0.906179845938664
-0.538469310105683
0.000000000000000
0.538469310105683
0.906179845938664
1.000000000000000
0.995144173566623
-0.215522542380851
-0.011669702271317
-0.041127597715419
0.001532999701439
-0.041559232624290
-0.000053291787543
1.001378360559360
0.143243585190160
0.083296284928271
0.006653239820158
0.037035770288042
0.008535781303125
0.022910617230477
-0.001787332920513
0.947816241976792
-0.273083512170712
0.033492530626812
-0.124759479845165
-0.020306132606584
-0.059122436313874
0.110409983998359
1.242430073967422
-0.120705515893673
0.140696693857638
-0.005105149026230
0.116236856877167
0.002056812191467
-0.336872215104496
-0.137605278159609
0.848416373087968
-0.542316049991858
0.029313996841292
-0.214464983947140
-0.000037196964054
0.000006520630843
0.311257192666222
1.239921121749941
-0.195245088909872
0.318584699476431
0.027847680156815
0.088242253317205
-0.000009349608603
-0.567390361734981
0.048334929733086
0.408437435713230
-0.659912800667052
-0.041122876588539
-0.129231842410355
0.202882894004595
0.065840453195335
0.780195739787947
1.160601003786336
-0.055087060884086
0.363678285773596
0.000015076012702
-0.129231842410355
-0.041122876588539
-0.659912800667052
0.408437435713230
0.048334929733086
-0.567390361734981
-0.000009349608603
0.000015076012702
0.363678285773596
-0.055087060884086
1.160601003786336
0.780195739787947
0.065840453195335
0.202882894004595
-0.000037196964054
-0.214464983947140
0.029313996841292
-0.542316049991858
0.848416373087968
-0.137605278159609
-0.336872215104496
0.088242253317205
0.027847680156815
0.318584699476431
-0.195245088909872
1.239921121749941
0.311257192666222
0.000006520630843
-0.059122436313874
-0.020306132606584
-0.124759479845165
0.033492530626812
-0.273083512170712
0.947816241976792
-0.001787332920513
0.002056812191467
0.116236856877167
-0.005105149026230
0.140696693857638
-0.120705515893673
1.242430073967422
0.110409983998359
-0.000053291787543
-0.041559232624290
0.001532999701439
-0.041127597715419
-0.011669702271317
-0.215522542380851
0.995144173566623
0.022910617230477
0.008535781303125
0.037035770288042
0.006653239820158
0.083296284928271
0.143243585190160
1.001378360559360
