4
-1.000000000000000
-0.447213595499958
0.447213595499958
1.000000000000000
9
-1.000000000000000
-0.949107912342758
-0.741531185599394
-0.405845151377397
0.000000000000000
0.405845151377397
0.741531185599394
0.949107912342758
1.000000000000000
0.999948137234510
0.842688183160543
0.338614285330029
-0.085596868079165
-0.154018199955613
-0.013146217802024
0.056506023476991
0.022289919808749
-0.000051862765490
1.000407647251502
0.853811344674272
0.380926014897030
-0.031006420037497
-0.124962965523753
-0.006749555221476
0.076582510280026
0.026726330538093
0.000202852423697
-0.000318230130980
0.193455062083857
0.747673999675896
0.995819569731047
0.624804387842129
0.009060430702328
-0.247076908001547
-0.081970517667536
-0.000314753986963
0.000148002342064
0.214676717635681
0.827190286575884
1.088488738701672
0.657102051981876
0.048314115959752
-0.185121796431082
-0.069575639459115
0.000157746675789
-0.000314753986963
-0.081970517667536
-0.247076908001547
0.009060430702328
0.624804387842129
0.995819569731047
0.747673999675896
0.193455062083857
-0.000318230130980
0.000157746675789
-0.069575639459115
-0.185121796431082
0.048314115959752
0.657102051981876
1.088488738701672
0.827190286575884
0.214676717635681
0.000148002342064
-0.000051862765490
0.022289919808749
0.056506023476991
-0.013146217802024
-0.154018199955613
-0.085596868079165
0.338614285330029
0.842688183160543
0.999948137234510
0.000202852423697
0.026726330538093
0.076582510280026
-0.006749555221476
-0.124962965523753
-0.031006420037497
0.380926014897030
0.853811344674272
1.000407647251502
