5
-1.000000000000000
-0.654653670707977
0.000000000000000
0.654653670707977
1.000000000000000
19
-1.000000000000000
-0.888888888888889
-0.777777777777778
-0.666666666666667
-0.555555555555556
-0.444444444444444
-0.333333333333333
-0.222222222222222
-0.111111111111111
0.000000000000000
0.111111111111111
0.222222222222222
0.333333333333333
0.444444444444444
0.555555555555555
0.666666666666667
0.777777777777778
0.888888888888889
1.000000000000000
0.977111873517057
0.511975568713081
0.198647319084777
0.003677402872360
-0.098874025638894
-0.135687726784692
-0.126708641177364
-0.091769776956773
-0.045049006279599
-0.000046651581484
0.035893798552713
0.057345441091297
0.061652067109336
0.049886270950928
0.025834356394506
-0.003966654219799
-0.028902414534625
-0.035998119020505
-0.006733585107772
1.000631685219791
0.531170029111416
0.214013791606012
0.015690127998969
-0.090055709994354
-0.129324657792396
-0.122825104903667
-0.089518226776883
-0.044169717509844
0.001874787707750
0.038468305126848
0.060214477582115
0.064422966272258
0.052187469186265
0.027245391778016
-0.002467324862261
-0.026041078078488
-0.030747020849233
0.000631685219790
-0.001142509053233
0.587914387354452
0.897483895758134
0.998598097115057
0.947878443412229
0.799365016273045
0.596528641539662
0.375180790987487
0.165832640947234
-0.007533596584603
-0.130242991431355
-0.194918420278170
-0.201863831830172
-0.158656251422491
-0.080574570829775
0.007989796367464
0.076098586008392
0.088456653351931
-0.001142509053230
0.043105450485906
0.623609039840657
0.924229504360276
1.018863066621540
0.960872768843528
0.807777216359733
0.599687285432477
0.378411827471392
0.171821636745513
0.000043525862706
-0.121530259593682
-0.186506070774663
-0.194127860025410
-0.152940931365291
-0.077459575224197
0.011985243611489
0.083991329364564
0.102584039184449
0.018722733461553
-0.032186480828665
-0.202225053573904
-0.177948984864993
-0.030574720345265
0.190431670684853
0.432270754225735
0.658067705940141
0.840977379154414
0.958834865417863
0.999998999999999
0.958834865417863
0.840977379154415
0.658067705940141
0.432270754225091
0.190431670685114
-0.030574720345268
-0.177948984864990
-0.202225053573910
-0.032186480829332
0.000760353598308
-0.177055343037136
-0.161816489362621
-0.020062732916503
0.194226796721816
0.435348803540695
0.664881997882164
0.850068680403143
0.969883025877142
1.011102151415878
0.969883025885342
0.850068680395427
0.664881997888965
0.435348803530628
0.194226796721816
-0.020062732916503
-0.161816489362623
-0.177055343037138
0.000760353598306
-0.001142509053230
0.088456653351931
0.076098586008392
0.007989796367464
-0.080574570829775
-0.158656251422491
-0.201863831830172
-0.194918420278170
-0.130242991431355
-0.007533596584603
0.165832640947234
0.375180790987487
0.596528641539662
0.799365016273045
0.947878443412229
0.998598097115057
0.897483895758134
0.587914387354452
-0.001142509053233
0.018722733461553
0.102584039184449
0.083991329364564
0.011985243611489
-0.077459575224197
-0.152940931365291
-0.194127860025410
-0.186506070774663
-0.121530259593682
0.000043525862706
0.171821636745513
0.378411827471392
0.599687285432477
0.807777216359733
0.960872768843528
1.018863066621540
0.924229504360276
0.623609039840657
0.043105450485906
-0.006733585107772
-0.035998119020505
-0.028902414534625
-0.003966654219799
0.025834356394506
0.049886270950928
0.061652067109336
0.057345441091297
0.035893798552713
-0.000046651581484
-0.045049006279599
-0.091769776956773
-0.126708641177364
-0.135687726784692
-0.098874025638894
0.003677402872360
0.198647319084777
0.511975568713081
0.977111873517057
0.000631685219790
-0.030747020849233
-0.026041078078488
-0.002467324862261
0.027245391778016
0.052187469186265
0.064422966272258
0.060214477582115
0.038468305126848
0.001874787707750
-0.044169717509844
-0.089518226776883
-0.122825104903667
-0.129324657792396
-0.090055709994354
0.015690127998969
0.214013791606012
0.531170029111416
1.000631685219791
