8
-1.000000000000000
-0.871740148509605
-0.591700181433143
-0.209299217902479
0.209299217902479
0.591700181433143
0.871740148509605
1.000000000000000
9
-1.000000000000000
-0.923879532511287
-0.707106781186548
-0.382683432365090
-0.000000000000000
0.382683432365090
0.707106781186547
0.923879532511287
1.000000000000000
0.999410733312434
-0.042020958460190
-0.188005388310180
0.059428641806130
-0.072895483218745
0.026456892732823
-0.025258908974239
0.000514542681498
-0.000202807228447
1.000161920748781
0.246105572459558
-0.069254698477916
0.134656566331962
-0.039061500000000
0.037810803900553
-0.017402473514766
0.010891805272068
0.013007739488567
-0.000419511022063
0.872537845684403
0.191316462373865
-0.410495850320620
0.108839023398811
-0.100048771588075
0.045706701492687
-0.028244002354833
-0.034045153284784
0.005847578641188
1.326811988817647
0.488657495500865
-0.182207007081634
0.221274381325006
-0.070856977142373
0.066298987820085
-0.001736694945726
0.000512083819802
-0.096170549296469
-0.255863182686558
0.797632816993389
0.391102882722055
-0.475043524473605
0.116067901842117
-0.102393310767365
0.004111588826595
-0.000807684888473
0.000643525366690
-0.173824779170951
1.217348303563311
0.727080899068930
-0.204028353469557
0.175527848190006
-0.070693109917565
0.042870408999505
0.050204559590407
-0.000690798159323
0.088496736458366
-0.423568965441162
0.718719620221504
0.572687883520081
-0.488298903682006
0.110452951895469
-0.063223847104169
-0.071292392063988
0.107790180591656
0.100766882325632
-0.203331917387482
1.077735116141580
0.918466672500870
-0.210263751925359
0.158683222757416
-0.011393595200145
0.001115342774737
-0.071292392063988
-0.063223847104169
0.110452951895469
-0.488298903682006
0.572687883520081
0.718719620221504
-0.423568965441162
0.088496736458366
-0.000690798159323
0.001115342774737
-0.011393595200145
0.158683222757416
-0.210263751925359
0.918466672500870
1.077735116141580
-0.203331917387482
0.100766882325632
0.107790180591656
-0.000807684888473
0.004111588826595
-0.102393310767365
0.116067901842117
-0.475043524473605
0.391102882722055
0.797632816993389
-0.255863182686558
-0.096170549296469
0.050204559590407
0.042870408999505
-0.070693109917565
0.175527848190006
-0.204028353469557
0.727080899068930
1.217348303563311
-0.173824779170951
0.000643525366690
-0.034045153284784
-0.028244002354833
0.045706701492687
-0.100048771588075
0.108839023398811
-0.410495850320620
0.191316462373865
0.872537845684403
-0.000419511022063
0.000512083819802
-0.001736694945726
0.066298987820085
-0.070856977142373
0.221274381325006
-0.182207007081634
0.488657495500865
1.326811988817647
0.005847578641188
-0.000202807228447
0.000514542681498
-0.025258908974239
0.026456892732823
-0.072895483218745
0.059428641806130
-0.188005388310180
-0.042020958460190
0.999410733312434
0.013007739488567
0.010891805272068
-0.017402473514766
0.037810803900553
-0.039061500000000
0.134656566331962
-0.069254698477916
0.246105572459558
1.000161920748781
