7
-1.000000000000000
-0.830223896278567
-0.468848793470714
0.000000000000000
0.468848793470714
0.830223896278567
1.000000000000000
7
-1.000000000000000
-0.866025403784439
-0.500000000000000
-0.000000000000000
0.500000000000000
0.866025403784439
1.000000000000000
0.976556830349881
-0.192274862382624
-0.070701178403880
-0.031019715069389
-0.049864251393313
-0.007943656579601
-0.030631511683441
1.000551737081933
0.107315186970061
0.056863243040000
0.074012888079192
0.016048259045914
0.043346253895688
0.000551737081931
-0.000818717907857
0.968257694997889
-0.230120882522280
-0.169360384152542
-0.043769797460819
-0.113441581381957
-0.000818717907860
0.130988720603285
1.283091773874972
0.074868609829246
0.095328609677225
0.130212892407729
0.022061029247382
0.081995648296250
-0.282802153080592
-0.141781883030011
0.991145764856405
-0.233399106264626
-0.177660778795342
-0.035160605633957
-0.126603723876363
0.000616561703928
-0.108592336811612
1.313098680429497
0.000000999999999
0.088180324561326
0.154783040844353
0.000616561703922
-0.002425876682585
-0.200504355805657
-0.214730416307396
0.999999000000002
-0.214730416307342
-0.200504355805739
-0.002425876682582
0.184632132107525
0.058568844980449
-0.065623999999997
1.286988864009287
-0.065623999999997
0.058568844980452
0.184632132107528
-0.126603723876363
-0.035160605633957
-0.177660778795342
-0.233399106264626
0.991145764856405
-0.141781883030011
-0.282802153080592
0.000616561703922
0.154783040844353
0.088180324561326
0.000000999999999
1.313098680429497
-0.108592336811612
0.000616561703928
-0.000818717907860
-0.113441581381957
-0.043769797460819
-0.169360384152542
-0.230120882522280
0.968257694997889
-0.000818717907857
0.081995648296250
0.022061029247382
0.130212892407729
0.095328609677225
0.074868609829246
1.283091773874972
0.130988720603285
-0.030631511683441
-0.007943656579601
-0.049864251393313
-0.031019715069389
-0.070701178403880
-0.192274862382624
0.976556830349881
0.000551737081931
0.043346253895688
0.016048259045914
0.074012888079192
0.056863243040000
0.107315186970061
1.000551737081933
