6
-1.000000000000000
-0.765055323929465
-0.285231516480645
0.285231516480645
0.765055323929466
1.000000000000000
8
-1.000000000000000
-0.932469514203152
-0.661209386466264
-0.238619186083197
0.238619186083197
0.661209386466264
0.932469514203152
1.000000000000000
0.999765197352600
0.358245563268307
-0.230127941485406
0.020851824515243
-0.002032296755637
-0.066784821135958
0.019851365830304
-0.000234802647401
1.001510691720437
0.568101337191197
-0.114299521014612
0.071998389811043
0.056531977997029
-0.021941013752974
0.039678673554180
0.001510691720437
-0.002635088140191
0.546004299046185
0.891971679734848
-0.261252498892188
-0.133350051432265
0.062443735440090
-0.108219902818361
-0.002635088140188
0.000780561152303
0.941550970380778
1.042003532071568
-0.072276727371203
0.006129701201903
0.190594601938692
-0.053722591609903
0.000780561152306
-0.001357267432211
-0.442569620790353
0.271379490864530
0.988374261216823
-0.055823914190656
-0.330620901703320
0.090667899159331
-0.001357267432214
0.001893502158527
-0.170999593779290
0.466149205954412
1.237824284043369
0.089296814370650
-0.116831410886522
0.193342828999426
0.001893502158523
-0.001357267432214
0.090667899159331
-0.330620901703320
-0.055823914190656
0.988374261216823
0.271379490864530
-0.442569620790353
-0.001357267432211
0.001893502158523
0.193342828999426
-0.116831410886522
0.089296814370650
1.237824284043369
0.466149205954412
-0.170999593779290
0.001893502158527
-0.002635088140188
-0.108219902818361
0.062443735440090
-0.133350051432265
-0.261252498892188
0.891971679734848
0.546004299046185
-0.002635088140191
0.000780561152306
-0.053722591609903
0.190594601938692
0.006129701201903
-0.072276727371203
1.042003532071568
0.941550970380778
0.000780561152303
-0.000234802647401
0.019851365830304
-0.066784821135958
-0.002032296755637
0.020851824515243
-0.230127941485406
0.358245563268307
0.999765197352600
0.001510691720437
0.039678673554180
-0.021941013752974
0.056531977997029
0.071998389811043
-0.114299521014612
0.568101337191197
1.001510691720437
