8
-1.000000000000000
-0.871740148509605
-0.591700181433143
-0.209299217902479
0.209299217902479
0.591700181433143
0.871740148509605
1.000000000000000
16
-1.000000000000000
-0.866666666666667
-0.733333333333333
-0.600000000000000
-0.466666666666667
-0.333333333333333
-0.200000000000000
-0.066666666666667
0.066666666666667
0.200000000000000
0.333333333333333
0.466666666666667
0.600000000000000
0.733333333333333
0.866666666666667
1.000000000000000
0.765134760249496
-0.146134463958279
-0.127380876549713
-0.006857721389169
0.061352841426612
0.046364195128585
-0.006401554022581
-0.043094058705883
-0.035707169797972
-0.002551787419422
0.023044579216376
0.022087353504799
-0.002351454660216
-0.026189742556462
-0.002779800912915
-0.000275036695830
1.001739780547191
-0.015649379149516
-0.118435823412245
0.003483424635785
0.077483928718560
0.051589783356714
-0.001721726049988
-0.035063675394002
-0.030441798408185
0.000190339607720
0.029471751423404
0.027336375586487
0.000061416147984
-0.016733806407993
0.004731935263175
0.020452365198236
-0.002371133186322
0.999016577014649
0.549316182474514
-0.032278605284785
-0.231978152162563
-0.157508610238870
0.007743906388729
0.101269619683836
0.086476063887116
0.001536677221930
-0.076928017852078
-0.070415717368840
0.002062234374349
0.046084582498555
-0.010182033996356
-0.051034869416245
0.430865014383297
1.208149523926501
0.560777222632158
0.024440787977783
-0.196209531584248
-0.139284415279792
0.019546783236418
0.121878846392986
0.098249715082548
0.007172696287488
-0.061684645601026
-0.058533768451152
0.006620409703000
0.068808002528750
0.007474342679953
0.000985721675705
-0.294657353479326
-0.085458874917690
0.696103718177387
0.998946520283873
0.808812458040821
0.361542678597996
-0.053652118246269
-0.232779066258308
-0.177231914327370
-0.011327626038754
0.103159198500253
0.095036022498783
-0.010302203724609
-0.104587443574123
-0.010373029680361
-0.000722007503358
0.000726519878897
0.023565431218734
0.754077242810119
1.078561844461569
0.835392025398804
0.372653482701115
-0.021571067295140
-0.201527179351284
-0.160383637335265
-0.004377827684631
0.124616330422532
0.109597052132660
-0.006246297882625
-0.073954149167729
0.012727171079694
0.073785810036862
-0.000946085211506
-0.018686553082021
-0.277638359344481
-0.056536778033383
0.429839499199087
0.850953242919159
0.999156823864685
0.816645433348156
0.418652429239337
-0.003432936726062
-0.231997432204324
-0.186569025950748
0.010373953055679
0.114471640615233
-0.019327372526615
-0.107417957739902
0.165904665147821
0.032484331475041
-0.206895933892084
-0.022985486469203
0.441155627921512
0.892349196086679
1.044452435309690
0.847939773484547
0.425242389285999
0.022927305394237
-0.194082414064853
-0.164156600463908
0.018471664855285
0.160351007580932
0.013542247430810
0.000643426396013
-0.107417957739902
-0.019327372526615
0.114471640615233
0.010373953055679
-0.186569025950748
-0.231997432204324
-0.003432936726062
0.418652429239337
0.816645433348156
0.999156823864685
0.850953242919159
0.429839499199087
-0.056536778033383
-0.277638359344481
-0.018686553082021
-0.000946085211506
0.000643426396013
0.013542247430810
0.160351007580932
0.018471664855285
-0.164156600463908
-0.194082414064853
0.022927305394237
0.425242389285999
0.847939773484547
1.044452435309690
0.892349196086679
0.441155627921512
-0.022985486469203
-0.206895933892084
0.032484331475041
0.165904665147821
-0.000722007503358
-0.010373029680361
-0.104587443574123
-0.010302203724609
0.095036022498783
0.103159198500253
-0.011327626038754
-0.177231914327370
-0.232779066258308
-0.053652118246269
0.361542678597996
0.808812458040821
0.998946520283873
0.696103718177387
-0.085458874917690
-0.294657353479326
0.073785810036862
0.012727171079694
-0.073954149167729
-0.006246297882625
0.109597052132660
0.124616330422532
-0.004377827684631
-0.160383637335265
-0.201527179351284
-0.021571067295140
0.372653482701115
0.835392025398804
1.078561844461569
0.754077242810119
0.023565431218734
0.000726519878897
-0.051034869416245
-0.010182033996356
0.046084582498555
0.002062234374349
-0.070415717368840
-0.076928017852078
0.001536677221930
0.086476063887116
0.101269619683836
0.007743906388729
-0.157508610238870
-0.231978152162563
-0.032278605284785
0.549316182474514
0.999016577014649
-0.002371133186322
0.000985721675705
0.007474342679953
0.068808002528750
0.006620409703000
-0.058533768451152
-0.061684645601026
0.007172696287488
0.098249715082548
0.121878846392986
0.019546783236418
-0.139284415279792
-0.196209531584248
0.024440787977783
0.560777222632158
1.208149523926501
0.430865014383297
-0.000275036695830
-0.002779800912915
-0.026189742556462
-0.002351454660216
0.022087353504799
0.023044579216376
-0.002551787419422
-0.035707169797972
-0.043094058705883
-0.006401554022581
0.046364195128585
0.061352841426612
-0.006857721389169
-0.127380876549713
-0.146134463958279
0.765134760249496
0.020452365198236
0.004731935263175
-0.016733806407993
0.000061416147984
0.027336375586487
0.029471751423404
0.000190339607720
-0.030441798408185
-0.035063675394002
-0.001721726049988
0.051589783356714
0.077483928718560
0.003483424635785
-0.118435823412245
-0.015649379149516
1.001739780547191
