3
-1.000000000000000
0.000000000000000
1.000000000000000
6
-1.000000000000000
-0.604554203798890
-0.200062645999751
0.200062645999751
0.604554203798890
1.000000000000000
0.981755414683300
0.464122922561684
0.100030322997203
-0.100032322997203
-0.140431281242590
-0.018244585312003
1.000192848832374
0.485020994564900
0.120064332313052
-0.079998313686699
-0.119533209233990
0.000192848832376
-0.000384699594021
0.634513214669090
0.959934979444377
0.959934979444377
0.634513214669090
-0.000384699594021
0.036488120343780
0.676307412915095
1.000000947260838
1.000001052739197
0.676307304582278
0.036488220740617
-0.018244585312003
-0.140431281242590
-0.100032322997203
0.100030322997203
0.464122922561684
0.981755414683300
0.000192848832376
-0.119533209233990
-0.079998313686699
0.120064332313052
0.485020994564900
1.000192848832374
