6
-1.000000000000000
-0.765055323929465
-0.285231516480645
0.285231516480645
0.765055323929466
1.000000000000000
18
-1.000000000000000
-0.976105557422073
-0.920649185323714
-0.835593535240203
-0.723679329272682
-0.588504834321388
-0.434415036911771
-0.266362652878298
-0.089749093484652
0.089749093484652
0.266362652878281
0.434415036912113
0.588504834318751
0.723679329282940
0.835593535218656
0.920649185346972
0.976105557412419
1.000000000000000
0.999627657471631
0.823647428808115
0.488958079099887
0.141978216879341
-0.086857432368245
-0.148452589855565
-0.084082716886520
0.008872883075884
0.060520525676310
0.050533619578781
0.003640096210366
-0.036751849837112
-0.038326615672341
-0.010962375060058
0.014942516274584
0.020918757298774
0.009950817221169
-0.000110849215293
1.000767174960233
0.831205580103726
0.506623994837980
0.168334550394083
-0.060914191636331
-0.131545666070416
-0.079429239821964
0.015734867067423
0.070935625806516
0.055864846950674
0.005914907485484
-0.030926056122088
-0.033519652458812
-0.009115143642852
0.017813507747627
0.024719979876573
0.011931626802815
0.000863363457349
-0.001363670628290
0.222883964059799
0.615612354163339
0.930875690822843
0.979587412500358
0.732037587009120
0.312150759806001
-0.062257021342118
-0.224072285395762
-0.168543758303725
-0.016388611418816
0.088956410594810
0.094502313426314
0.025898334247609
-0.047966062981074
-0.066416329420112
-0.031488040686155
-0.001633473703007
0.001080383745985
0.236767576005557
0.648817431647950
0.975512707440402
1.020231379419599
0.748930294848343
0.327032648941482
-0.031188122027588
-0.194215244729919
-0.153305789876801
-0.009535972856316
0.105258953007829
0.106968074722310
0.030248402835330
-0.040638790020000
-0.056597672567046
-0.026714947117839
0.000493319574143
-0.001043106882741
-0.093898236896166
-0.204101904306895
-0.172813127107848
0.099444397775866
0.516170535160984
0.876617101857568
0.998073339587109
0.812453698010936
0.421112701725357
0.009967204098889
-0.211871016674700
-0.199667507451818
-0.051833632007787
0.070290154176408
0.095800447993440
0.044639889987426
-0.000834443307305
0.000885987036220
-0.082127785828998
-0.182520363302528
-0.143966603232137
0.112939840624022
0.531286391879294
0.914229742844322
1.040710663968060
0.842021498312587
0.427057749928533
0.034639037695717
-0.181508661429701
-0.178875767589456
-0.047462514608721
0.083524527507308
0.109251911222545
0.051989978010894
0.001107106497658
-0.000834443307305
0.044639889987426
0.095800447993440
0.070290154176408
-0.051833632007787
-0.199667507451818
-0.211871016674700
0.009967204098889
0.421112701725357
0.812453698010936
0.998073339587109
0.876617101857568
0.516170535160984
0.099444397775866
-0.172813127107848
-0.204101904306895
-0.093898236896166
-0.001043106882741
0.001107106497658
0.051989978010894
0.109251911222545
0.083524527507308
-0.047462514608721
-0.178875767589456
-0.181508661429701
0.034639037695717
0.427057749928533
0.842021498312587
1.040710663968060
0.914229742844322
0.531286391879294
0.112939840624022
-0.143966603232137
-0.182520363302528
-0.082127785828998
0.000885987036220
-0.001633473703007
-0.031488040686155
-0.066416329420112
-0.047966062981074
0.025898334247609
0.094502313426314
0.088956410594810
-0.016388611418816
-0.168543758303725
-0.224072285395762
-0.062257021342118
0.312150759806001
0.732037587009120
0.979587412500358
0.930875690822843
0.615612354163339
0.222883964059799
-0.001363670628290
0.000493319574143
-0.026714947117839
-0.056597672567046
-0.040638790020000
0.030248402835330
0.106968074722310
0.105258953007829
-0.009535972856316
-0.153305789876801
-0.194215244729919
-0.031188122027588
0.327032648941482
0.748930294848343
1.020231379419599
0.975512707440402
0.648817431647950
0.236767576005557
0.001080383745985
-0.000110849215293
0.009950817221169
0.020918757298774
0.014942516274584
-0.010962375060058
-0.038326615672341
-0.036751849837112
0.003640096210366
0.050533619578781
0.060520525676310
0.008872883075884
-0.084082716886520
-0.148452589855565
-0.086857432368245
0.141978216879341
0.488958079099887
0.823647428808115
0.999627657471631
0.000863363457349
0.011931626802815
0.024719979876573
0.017813507747627
-0.009115143642852
-0.033519652458812
-0.030926056122088
0.005914907485484
0.055864846950674
0.070935625806516
0.015734867067423
-0.079429239821964
-0.131545666070416
-0.060914191636331
0.168334550394083
0.506623994837980
0.831205580103726
1.000767174960233
