3
-1.000000000000000
0.000000000000000
1.000000000000000
13
-1.000000000000000
-0.835250209922859
-0.668478072164073
-0.500043037763334
-0.331635914894843
-0.166685911336596
0.000000000000000
0.166685911336596
0.331635914894843
0.500043037763334
0.668478072164073
0.835250209922859
1.000000000000000
0.996695451311875
0.762962125776624
0.554198889767700
0.371418605159496
0.217339931936986
0.093899485318711
-0.003616118214297
-0.072786426017885
-0.114295982957857
-0.128624432603901
-0.114279182396282
-0.072288084146294
-0.003304548688205
1.000084187024453
0.766482507700858
0.557686660212919
0.375081538958679
0.220868287257310
0.097279620927632
0.000001000000000
-0.069406290408964
-0.110767627637534
-0.124961498804655
-0.110791411951154
-0.068767702180841
0.000084187024452
-0.000167374018125
0.302286194385288
0.553105751825110
0.749880959922935
0.889900340365454
0.972127669560890
0.999999000000000
0.972127671688149
0.889900340361519
0.749880959922947
0.553105751601735
0.302286194569717
-0.000167374018125
0.006608081280174
0.309324974223217
0.560079276461934
0.757204843766011
0.896955034508316
0.978885956890466
1.007231219182008
0.978885956890713
0.896955034508069
0.757204843766262
0.560079276461690
0.309324974223462
0.006608081279930
-0.003304548688205
-0.072288084146294
-0.114279182396282
-0.128624432603901
-0.114295982957857
-0.072786426017885
-0.003616118214297
0.093899485318711
0.217339931936986
0.371418605159496
0.554198889767700
0.762962125776624
0.996695451311875
0.000084187024452
-0.068767702180841
-0.110791411951154
-0.124961498804655
-0.110767627637534
-0.069406290408964
0.000001000000000
0.097279620927632
0.220868287257310
0.375081538958679
0.557686660212919
0.766482507700858
1.000084187024453
