5
-1.000000000000000
-0.654653670707977
0.000000000000000
0.654653670707977
1.000000000000000
18
-1.000000000000000
-0.916989974843492
-0.830810901276100
-0.728858073553809
-0.616693768808438
-0.486562820395214
-0.328676959037187
-0.196119704606613
-0.066033777429324
0.066033777429324
0.196119704606613
0.328676959037187
0.486562820395214
0.616693768808438
0.728858073553809
0.830810901276100
0.916989974843492
1.000000000000000
0.985786857745814
0.624098650305071
0.336083160476415
0.099886420328288
-0.052688269489436
-0.133735574215123
-0.129996995936610
-0.080704542736825
-0.026200881256425
0.022867855926585
0.053814337586703
0.061869972539766
0.041888112194825
0.009874285256986
-0.019618960236324
-0.034492242020449
-0.030294040133328
-0.004011893548571
1.000524456065081
0.634169927698145
0.348293761779167
0.113305968735717
-0.041945825026190
-0.121180086567375
-0.122103280952430
-0.079571948847141
-0.024973679370557
0.026253826560557
0.056808807650521
0.066212973145740
0.045724434067564
0.010500181431155
-0.017268829989203
-0.031746351018262
-0.027068269316506
0.000524456065080
-0.000978562794091
0.468223240771415
0.780393866777759
0.964826370097899
0.991576012755276
0.864655424521991
0.587658849867023
0.322575143922731
0.088724435007252
-0.090807976216433
-0.186607873562559
-0.207256175073657
-0.137557123800604
-0.030563081748229
0.050916059859414
0.091830263128658
0.077549362340702
-0.000978562794088
0.027570983005238
0.486544321555437
0.803093771378860
0.987433686186253
1.009256636624704
0.881670702764262
0.593772750133628
0.327747849259032
0.096827990581709
-0.078997223798066
-0.176539197799823
-0.195015010876838
-0.127255478531820
-0.028954139953698
0.057499258485633
0.099266438425823
0.086170379398920
0.011125299485366
-0.020481732457090
-0.166531233436800
-0.203988657429672
-0.125230124436235
0.062529682402450
0.339870124918765
0.666850476669882
0.875177526625413
0.985508499216490
0.985508499216490
0.875177526625413
0.666850476620187
0.339870136895712
0.062529664959464
-0.125230129615863
-0.203988652238897
-0.166531233512473
-0.020481732362877
0.000707622003254
-0.153086471214525
-0.188971850674943
-0.112007731249089
0.070282027064728
0.345695877981948
0.676940065114579
0.887590345950188
1.000704281995578
1.000704281995578
0.887590345950188
0.676940065114580
0.345695877984093
0.070282027066604
-0.112007731249117
-0.188971850674944
-0.153086471214527
0.000707622003251
-0.000978562794088
0.077549362340702
0.091830263128658
0.050916059859414
-0.030563081748229
-0.137557123800604
-0.207256175073657
-0.186607873562559
-0.090807976216433
0.088724435007252
0.322575143922731
0.587658849867023
0.864655424521991
0.991576012755276
0.964826370097899
0.780393866777759
0.468223240771415
-0.000978562794091
0.011125299485366
0.086170379398920
0.099266438425823
0.057499258485633
-0.028954139953698
-0.127255478531820
-0.195015010876838
-0.176539197799823
-0.078997223798066
0.096827990581709
0.327747849259032
0.593772750133628
0.881670702764262
1.009256636624704
0.987433686186253
0.803093771378860
0.486544321555437
0.027570983005238
-0.004011893548571
-0.030294040133328
-0.034492242020449
-0.019618960236324
0.009874285256986
0.041888112194825
0.061869972539766
0.053814337586703
0.022867855926585
-0.026200881256425
-0.080704542736825
-0.129996995936610
-0.133735574215123
-0.052688269489436
0.099886420328288
0.336083160476415
0.624098650305071
0.985786857745814
0.000524456065080
-0.027068269316506
-0.031746351018262
-0.017268829989203
0.010500181431155
0.045724434067564
0.066212973145740
0.056808807650521
0.026253826560557
-0.024973679370557
-0.079571948847141
-0.122103280952430
-0.121180086567375
-0.041945825026190
0.113305968735717
0.348293761779167
0.634169927698145
1.000524456065081
