5
-1.000000000000000
-0.654653670707977
0.000000000000000
0.654653670707977
1.000000000000000
11
-1.000000000000000
-0.951056516295154
-0.809016994374947
-0.587785252292473
-0.309016994374947
-0.000000000000000
0.309016994374947
0.587785252292473
0.809016994374947
0.951056516295154
1.000000000000000
0.999922726175052
0.754767540156613
0.242464271828028
-0.120276607489858
-0.139544437389097
-0.000001000000000
0.062199615564969
0.017151263139681
-0.039857082339983
-0.024739749656222
-0.000077273824949
1.000644745808654
0.773075030611173
0.289332576982411
-0.067322636583442
-0.117373512228155
0.011752245899802
0.082334787690575
0.020132361750605
-0.030039351482608
-0.018827661315277
0.000644745808653
-0.001168435452197
0.297145231829495
0.835261958781716
0.974871939755950
0.547175790579490
-0.058634862216135
-0.251762201951900
-0.058825675661835
0.087316766050420
0.054033749392398
-0.001168435452194
0.000485222514214
0.331182844612414
0.921232842857165
1.056554672921276
0.563142828687771
0.000001000000000
-0.196891395509587
-0.049741364285908
0.116616788531200
0.069139528416138
0.000485222514217
-0.001050669274917
-0.128406893721956
-0.244289745108349
0.099951210555715
0.702118766176999
0.999998999999999
0.702118766176858
0.099951210690610
-0.244289745278285
-0.128406893630648
-0.001050669282569
0.000781875739184
-0.105691854100146
-0.182137453880034
0.127617415511734
0.752349400978700
1.094860372240434
0.752349400973013
0.127617415511743
-0.182137453880166
-0.105691854076707
0.000781875739181
-0.001168435452194
0.054033749392398
0.087316766050420
-0.058825675661835
-0.251762201951900
-0.058634862216135
0.547175790579490
0.974871939755950
0.835261958781716
0.297145231829495
-0.001168435452197
0.000485222514217
0.069139528416138
0.116616788531200
-0.049741364285908
-0.196891395509587
0.000001000000000
0.563142828687771
1.056554672921276
0.921232842857165
0.331182844612414
0.000485222514214
-0.000077273824949
-0.024739749656222
-0.039857082339983
0.017151263139681
0.062199615564969
-0.000001000000000
-0.139544437389097
-0.120276607489858
0.242464271828028
0.754767540156613
0.999922726175052
0.000644745808653
-0.018827661315277
-0.030039351482608
0.020132361750605
0.082334787690575
0.011752245899802
-0.117373512228155
-0.067322636583442
0.289332576982411
0.773075030611173
1.000644745808654
