7
-1.000000000000000
-0.830223896278567
-0.468848793470714
0.000000000000000
0.468848793470714
0.830223896278567
1.000000000000000
14
-1.000000000000000
-0.846153846153846
-0.692307692307692
-0.538461538461538
-0.384615384615385
-0.230769230769231
-0.076923076923077
0.076923076923077
0.230769230769231
0.384615384615385
0.538461538461539
0.692307692307693
0.846153846153846
1.000000000000000
0.815349303620462
-0.063480700153115
-0.150717100584896
-0.052252679389860
0.042744631741383
0.061977297110818
0.024794783740218
-0.025657042173400
-0.044875686756163
-0.021152447144618
0.014215241937130
0.023835021076918
-0.009792307532776
-0.021076959525836
1.000551722509452
0.042690072635772
-0.131387751618652
-0.044503884208816
0.055343605178288
0.069502625817130
0.027443135884675
-0.020873692861682
-0.038285810875383
-0.018465362123253
0.017950665539646
0.031588682035137
-0.002975424744714
0.000551722509449
-0.000807643930401
0.994034919118857
0.707535567496981
0.151163869094790
-0.184782564923855
-0.212538832136812
-0.078436546516462
0.060519934580454
0.107813397104042
0.051446913864967
-0.048390202361176
-0.083595846750360
0.008644188895236
-0.000807643930404
0.333979664088068
1.175660017872505
0.716613881000098
0.182702660908368
-0.142329514763224
-0.191604070733287
-0.072338118918882
0.075189254318811
0.124479769367292
0.058653366252796
-0.038311263289761
-0.063647829377809
0.026199790299773
0.055930547221135
-0.237970411954837
-0.152319401466096
0.545270573856644
0.955129861571602
0.940005345781400
0.602684819693900
0.157689635108825
-0.160726127644709
-0.233089548536307
-0.102110982109776
0.064988466136174
0.104132805997127
-0.041862213317301
-0.087671565244829
0.000308774044972
-0.052411423334713
0.580503705078600
1.020475806904091
0.980166501857705
0.618980065304662
0.177375412022491
-0.126997973188638
-0.205383021159118
-0.092553067712200
0.084261980076141
0.132733312761490
-0.014740973566580
0.000308774044966
-0.000143922608986
0.024730537597836
-0.226427980841017
-0.178732998545194
0.208393064203417
0.661955170215148
0.959010620116322
0.959010620116321
0.661955170215136
0.208393064207834
-0.178732998552736
-0.226427980833757
0.024730537597973
-0.000143922608984
0.136673193247581
0.068335677296916
-0.187168226238622
-0.131226069477989
0.219401569628661
0.684023034393700
1.000742922948654
1.000742922948660
0.684023034393693
0.219401569628660
-0.131226069477990
-0.187168226238620
0.068335677082425
0.136673193524427
-0.087671565244829
-0.041862213317301
0.104132805997127
0.064988466136174
-0.102110982109776
-0.233089548536307
-0.160726127644709
0.157689635108825
0.602684819693900
0.940005345781400
0.955129861571602
0.545270573856644
-0.152319401466096
-0.237970411954837
0.000308774044966
-0.014740973566580
0.132733312761490
0.084261980076141
-0.092553067712200
-0.205383021159118
-0.126997973188638
0.177375412022491
0.618980065304662
0.980166501857705
1.020475806904091
0.580503705078600
-0.052411423334713
0.000308774044972
-0.000807643930404
0.008644188895236
-0.083595846750360
-0.048390202361176
0.051446913864967
0.107813397104042
0.060519934580454
-0.078436546516462
-0.212538832136812
-0.184782564923855
0.151163869094790
0.707535567496981
0.994034919118857
-0.000807643930401
0.055930547221135
0.026199790299773
-0.063647829377809
-0.038311263289761
0.058653366252796
0.124479769367292
0.075189254318811
-0.072338118918882
-0.191604070733287
-0.142329514763224
0.182702660908368
0.716613881000098
1.175660017872505
0.333979664088068
-0.021076959525836
-0.009792307532776
0.023835021076918
0.014215241937130
-0.021152447144618
-0.044875686756163
-0.025657042173400
0.024794783740218
0.061977297110818
0.042744631741383
-0.052252679389860
-0.150717100584896
-0.063480700153115
0.815349303620462
0.000551722509449
-0.002975424744714
0.031588682035137
0.017950665539646
-0.018465362123253
-0.038285810875383
-0.020873692861682
0.027443135884675
0.069502625817130
0.055343605178288
-0.044503884208816
-0.131387751618652
0.042690072635772
1.000551722509452
