7
-1.000000000000000
-0.830223896278567
-0.468848793470714
0.000000000000000
0.468848793470714
0.830223896278567
1.000000000000000
11
-1.000000000000000
-0.934001430408044
-0.784483473663170
-0.565235326996195
-0.295758135586940
-0.000000000000000
0.295758135586939
0.565235326996205
0.784483473663145
0.934001430408058
1.000000000000000
0.996819479095864
0.346542497484715
-0.180154792981136
-0.081699307995349
0.062952199582539
-0.013225424407522
-0.055979727966355
0.018583616643324
0.010046935446808
-0.023358970368275
-0.001722363612552
1.001003058753589
0.445907334763324
-0.084358738074836
-0.054342590858073
0.101612017979372
0.000975576189587
-0.033320683827884
0.029564152202339
0.022341727531314
-0.014203854737182
0.001003058753586
-0.001328091594385
0.681520081097007
0.958359160300894
0.166099464902491
-0.320817780170680
-0.001155730370427
0.093912691144003
-0.078470278395869
-0.058068979189719
0.038865799897714
-0.001328091594388
0.003254521653593
0.884075070113645
1.076435396310969
0.266350770280388
-0.200000328931480
0.039819212205056
0.155973787565282
-0.050230204747052
-0.026735159484455
0.062232390229242
0.004355216424288
-0.003369772149307
-0.329034233104470
0.140802847520379
0.913440631161667
0.770961377227058
-0.110664724854718
-0.275320405519414
0.084846885307064
0.043168105354887
-0.099815665776079
-0.005606934128891
0.000981810138645
-0.189378788520598
0.174317357273756
1.092349225132930
0.884636814596746
0.000000999999999
-0.174207820916392
0.131289505095882
0.090645232746360
-0.062145772509269
0.000981810138639
-0.001795221533975
0.098958244192819
-0.114148778459268
-0.292888356337603
0.467801664592748
0.999999000000002
0.467801664542671
-0.292888356246596
-0.114148778518906
0.098958244193213
-0.001795221533972
0.005269581569799
0.166936826244378
-0.072852530450866
-0.165535720206678
0.532380467643194
1.182333749592961
0.532380467648586
-0.165535720206636
-0.072852530474943
0.166936826299626
0.005269581555889
-0.005606934128891
-0.099815665776079
0.043168105354887
0.084846885307064
-0.275320405519414
-0.110664724854718
0.770961377227058
0.913440631161667
0.140802847520379
-0.329034233104470
-0.003369772149307
0.000981810138639
-0.062145772509269
0.090645232746360
0.131289505095882
-0.174207820916392
0.000000999999999
0.884636814596746
1.092349225132930
0.174317357273756
-0.189378788520598
0.000981810138645
-0.001328091594388
0.038865799897714
-0.058068979189719
-0.078470278395869
0.093912691144003
-0.001155730370427
-0.320817780170680
0.166099464902491
0.958359160300894
0.681520081097007
-0.001328091594385
0.004355216424288
0.062232390229242
-0.026735159484455
-0.050230204747052
0.155973787565282
0.039819212205056
-0.200000328931480
0.266350770280388
1.076435396310969
0.884075070113645
0.003254521653593
-0.001722363612552
-0.023358970368275
0.010046935446808
0.018583616643324
-0.055979727966355
-0.013225424407522
0.062952199582539
-0.081699307995349
-0.180154792981136
0.346542497484715
0.996819479095864
0.001003058753586
-0.014203854737182
0.022341727531314
0.029564152202339
-0.033320683827884
0.000975576189587
0.101612017979372
-0.054342590858073
-0.084358738074836
0.445907334763324
1.001003058753589
