7
-1.000000000000000
-0.830223896278567
-0.468848793470714
0.000000000000000
0.468848793470714
0.830223896278567
1.000000000000000
7
-1.000000000000000
-0.815025030357291
-0.476498029739225
0.000000000000000
0.476498029739225
0.815025030357291
1.000000000000000
0.804252724356860
-0.227540374004875
-0.013399247731571
-0.031250776688967
-0.048621183542372
0.003165234315995
-0.036875416508301
1.002823008654348
-0.033907604698532
0.074404889232880
0.057624147251225
0.012380393208062
0.048999372737663
0.002823008654345
-0.003714877199044
0.995002992846589
-0.269113709752076
-0.127878283136945
-0.030994852912918
-0.125462260727633
-0.003714877199048
0.497658110956251
1.187208110876146
0.017307601948208
0.088914507691567
0.137612417668797
-0.007388967755179
0.099308394003111
-0.410731103219042
-0.000425781805659
0.999471669515349
-0.222486219920812
-0.196325124159800
0.010548982509619
-0.157909991418284
0.000616561703926
0.168897771400886
1.251377915159602
0.000000999999999
0.058063491830016
0.182946781368987
0.000616561703916
-0.002432648865040
-0.268064859385283
-0.160857126456731
0.999999000000002
-0.160857130358495
-0.268064853969376
-0.002432648865039
0.235604889847943
-0.015454918090061
-0.017050177291909
1.303662647015614
-0.017050177291910
-0.015454918026283
0.235604889639643
-0.157909991418284
0.010548982509619
-0.196325124159800
-0.222486219920812
0.999471669515349
-0.000425781805659
-0.410731103219042
0.000616561703916
0.182946781368987
0.058063491830016
0.000000999999999
1.251377915159602
0.168897771400886
0.000616561703926
-0.003714877199048
-0.125462260727633
-0.030994852912918
-0.127878283136945
-0.269113709752076
0.995002992846589
-0.003714877199044
0.099308394003111
-0.007388967755179
0.137612417668797
0.088914507691567
0.017307601948208
1.187208110876146
0.497658110956251
-0.036875416508301
0.003165234315995
-0.048621183542372
-0.031250776688967
-0.013399247731571
-0.227540374004875
0.804252724356860
0.002823008654345
0.048999372737663
0.012380393208062
0.057624147251225
0.074404889232880
-0.033907604698532
1.002823008654348
