4
-1.000000000000000
-0.447213595499958
0.447213595499958
1.000000000000000
8
-1.000000000000000
-0.784770962017877
-0.522577951781528
-0.208302588529635
0.208302588529635
0.522577951781528
0.784770962017877
1.000000000000000
0.978985523505298
0.430399978730404
0.039076057257385
-0.153182924768584
-0.097240340146647
0.021749873895245
0.055940452183832
-0.000177064602643
1.000488424608838
0.463891376349247
0.069602631344270
-0.118125994882399
-0.077035630542101
0.029568798109614
0.069946529647602
0.011425412024841
-0.000916219475075
0.661382931762510
0.985072095274662
0.875882871539509
0.310871212949189
-0.117410030476523
-0.215483891801330
-0.039754236411080
0.045418195018131
0.718880852679234
1.044724416327719
0.924558061888729
0.327691485037796
-0.076367380028687
-0.181214760295590
0.000594140905259
-0.039754236411080
-0.215483891801330
-0.117410030476523
0.310871212949189
0.875882871539509
0.985072095274662
0.661382931762510
-0.000916219475075
0.000594140905259
-0.181214760295590
-0.076367380028687
0.327691485037796
0.924558061888729
1.044724416327719
0.718880852679234
0.045418195018131
-0.000177064602643
0.055940452183832
0.021749873895245
-0.097240340146647
-0.153182924768584
0.039076057257385
0.430399978730404
0.978985523505298
0.011425412024841
0.069946529647602
0.029568798109614
-0.077035630542101
-0.118125994882399
0.069602631344270
0.463891376349247
1.000488424608838
