8
-1.000000000000000
-0.871740148509605
-0.591700181433143
-0.209299217902479
0.209299217902479
0.591700181433143
0.871740148509605
1.000000000000000
4
-1.000000000000000
-0.577350269189626
0.577350269189626
1.000000000000000
-0.137980510536217
-0.127254120138065
-0.001145007052757
-0.058771821741877
1.000002078000791
0.071056889593831
0.019041157385494
0.010306552660271
-0.000005874240718
-0.224188519300425
-0.045549686427086
-0.027311652464255
1.490709186330518
0.137832935175506
0.080853801678457
0.002168128792451
-0.236446273987974
0.073127995875489
-0.549567101964677
-0.000005741103151
0.214599049730453
1.103905187247993
0.012240038934116
0.049219410225729
-0.655822831173366
-0.033496550073297
-0.248527289389834
-0.042443458408328
0.005112635587307
1.382848342070795
0.259189238299744
0.000006147943000
-0.042443458408328
-0.248527289389834
-0.033496550073297
-0.655822831173366
0.000006147943000
0.259189238299744
1.382848342070795
0.005112635587307
-0.000005741103151
-0.549567101964677
0.073127995875489
-0.236446273987974
0.049219410225729
0.012240038934116
1.103905187247993
0.214599049730453
-0.027311652464255
-0.045549686427086
-0.224188519300425
-0.000005874240718
0.002168128792451
0.080853801678457
0.137832935175506
1.490709186330518
-0.058771821741877
-0.001145007052757
-0.127254120138065
-0.137980510536217
0.010306552660271
0.019041157385494
0.071056889593831
1.000002078000791
