7
-1.000000000000000
-0.830223896278567
-0.468848793470714
0.000000000000000
0.468848793470714
0.830223896278567
1.000000000000000
8
-1.000000000000000
-0.871740148509605
-0.591700181433143
-0.209299217902479
0.209299217902479
0.591700181433143
0.871740148509605
1.000000000000000
0.964304157837908
-0.102771623646501
-0.153692940436394
0.059306992203995
-0.060290326729259
0.022017657539551
-0.010745327479799
-0.022599566650876
1.000395696504617
0.128434602859005
-0.055545761204901
0.130054942208455
-0.038417378972854
0.034765826953863
0.006333054309866
0.000395696504614
-0.000693884819519
0.956673900332027
0.145021242081991
-0.391113150348354
0.108178821974459
-0.093268269239552
-0.015802395183299
-0.000693884819522
0.094626702667097
1.299108428300419
0.377724235072244
-0.182087130677019
0.182721237557197
-0.059427065885544
0.028505050121335
0.059659514897804
-0.208269185609932
-0.182117934504713
0.859009181185136
0.449596441112360
-0.452979716818489
0.099246684941525
-0.045625931911881
-0.093405089609699
0.000440669975052
-0.123112292808041
1.211769599708268
0.711507287697962
-0.207980964318070
0.154430738067273
0.021047756078599
0.000440669975046
-0.000224549881000
0.059000864824955
-0.370030941067565
0.716980191468133
0.716980191468133
-0.370030941067568
0.059000864824959
-0.000224549880997
0.146009628581920
0.074842247329946
-0.189539995414514
1.000254112642828
1.000254112642816
-0.189539995414516
0.074842247068300
0.146009629081290
-0.093405089609699
-0.045625931911881
0.099246684941525
-0.452979716818489
0.449596441112360
0.859009181185136
-0.182117934504713
-0.208269185609932
0.000440669975046
0.021047756078599
0.154430738067273
-0.207980964318070
0.711507287697962
1.211769599708268
-0.123112292808041
0.000440669975052
-0.000693884819522
-0.015802395183299
-0.093268269239552
0.108178821974459
-0.391113150348354
0.145021242081991
0.956673900332027
-0.000693884819519
0.059659514897804
0.028505050121335
-0.059427065885544
0.182721237557197
-0.182087130677019
0.377724235072244
1.299108428300419
0.094626702667097
-0.022599566650876
-0.010745327479799
0.022017657539551
-0.060290326729259
0.059306992203995
-0.153692940436394
-0.102771623646501
0.964304157837908
0.000395696504614
0.006333054309866
0.034765826953863
-0.038417378972854
0.130054942208455
-0.055545761204901
0.128434602859005
1.000395696504617
