4
-1.000000000000000
-0.447213595499958
0.447213595499958
1.000000000000000
4
-1.000000000000000
-0.577350269189626
0.577350269189626
1.000000000000000
0.991658166436731
-0.155122086183870
-0.099330509112082
-0.000001772859122
1.000190437305335
0.131446855765802
0.036720170354212
0.109023044781681
-0.000350375122615
0.954580020306585
-0.142940316636854
-0.275967344536260
0.054775987609766
1.337139158707231
-0.065804955756196
0.000001077147188
-0.275967344536260
-0.142940316636854
0.954580020306585
-0.000350375122615
0.000001077147188
-0.065804955756196
1.337139158707231
0.054775987609766
-0.000001772859122
-0.099330509112082
-0.155122086183870
0.991658166436731
0.109023044781681
0.036720170354212
0.131446855765802
1.000190437305335
