3
-1.000000000000000
0.000000000000000
1.000000000000000
4
-1.000000000000000
-0.577350269189626
0.577350269189626
1.000000000000000
0.999998498995808
0.288674134994406
-0.288676134994406
-0.000001501004192
1.000049035930253
0.455342801277244
-0.122007467928146
0.000049035930258
-0.000097071585484
0.666665666666667
0.666665666666666
-0.000097071585485
0.000002002003004
1.000001000000000
1.000001000000000
0.000002002003004
-0.000001501004192
-0.288676134994406
0.288674134994406
0.999998498995808
0.000049035930258
-0.122007467928146
0.455342801277244
1.000049035930253
