8
-1.000000000000000
-0.871740148509605
-0.591700181433143
-0.209299217902479
0.209299217902479
0.591700181433143
0.871740148509605
1.000000000000000
8
-1.000000000000000
-0.871740148509605
-0.591700181433143
-0.209299217902479
0.209299217902479
0.591700181433143
0.871740148509605
1.000000000000000
0.866151561761110
-0.222198924703933
-0.017579046992976
-0.036946831860037
-0.042480381248946
-0.005993643690546
-0.034748941897938
-0.000018230197627
1.000605369258795
0.000001000000000
0.075154381804950
0.051625106298808
0.017464708491023
0.039599946865953
0.000778280928632
0.027115078014541
-0.001028384093826
0.999998999999998
-0.277635136745058
-0.109220744609761
-0.047564117025458
-0.103603215114395
-0.001486798990981
-0.070059206920902
0.434394969159733
1.174664642056117
0.000001000000000
0.106688133050443
0.115195857013868
0.016082363802546
0.091558433302286
0.000335932371616
-0.392434660999775
-0.037413420949486
0.999998999999999
-0.248428569519922
-0.162177501589880
-0.025636037890906
-0.140183267904723
-0.000355344819146
0.000233932363878
0.152453041807194
1.255950197592039
0.000000999999999
0.088015508322622
0.152693935822776
0.000960507616459
0.104468998221930
-0.000261168645915
-0.280759064601167
-0.149484463044938
0.999999000000001
-0.210320646516912
-0.211592030834138
-0.001445177992188
-0.154102755701556
0.232326867793712
0.005368515783647
0.049786660150884
1.276868282722028
0.000000999999999
0.054846071936151
0.191704410008048
0.000060486871243
-0.154102755701556
-0.001445177992188
-0.211592030834138
-0.210320646516912
0.999999000000001
-0.149484463044938
-0.280759064601167
-0.000261168645915
0.000060486871243
0.191704410008048
0.054846071936151
0.000000999999999
1.276868282722028
0.049786660150884
0.005368515783647
0.232326867793712
-0.000355344819146
-0.140183267904723
-0.025636037890906
-0.162177501589880
-0.248428569519922
0.999998999999999
-0.037413420949486
-0.392434660999775
0.104468998221930
0.000960507616459
0.152693935822776
0.088015508322622
0.000000999999999
1.255950197592039
0.152453041807194
0.000233932363878
-0.070059206920902
-0.001486798990981
-0.103603215114395
-0.047564117025458
-0.109220744609761
-0.277635136745058
0.999998999999998
-0.001028384093826
0.000335932371616
0.091558433302286
0.016082363802546
0.115195857013868
0.106688133050443
0.000001000000000
1.174664642056117
0.434394969159733
-0.000018230197627
-0.034748941897938
-0.005993643690546
-0.042480381248946
-0.036946831860037
-0.017579046992976
-0.222198924703933
0.866151561761110
0.027115078014541
0.000778280928632
0.039599946865953
0.017464708491023
0.051625106298808
0.075154381804950
0.000001000000000
1.000605369258795
