6
-1.000000000000000
-0.765055323929465
-0.285231516480645
0.285231516480645
0.765055323929466
1.000000000000000
11
-1.000000000000000
-0.800000000000000
-0.600000000000000
-0.400000000000000
-0.200000000000000
0.000000000000000
0.200000000000000
0.400000000000000
0.600000000000000
0.800000000000000
1.000000000000000
0.839529947764502
-0.024494853393403
-0.156287785560173
-0.067363422378266
0.035519000000000
0.062466705625399
0.023527923782914
-0.033814614302670
-0.040732675133583
0.007860335162243
-0.000164744736369
1.000268700556435
0.072180999999998
-0.131734486345539
-0.060364995311351
0.047470246418759
0.071671757904676
0.026251725097525
-0.026123563347908
-0.032750901565186
0.016993408041465
0.027000028489967
-0.000409464197018
0.984304830528248
0.760995200734917
0.214457254416480
-0.163468434684413
-0.220269288399129
-0.075725638343843
0.075165122883154
0.091806660812436
-0.046138122699953
-0.072880080653112
0.292801139755346
1.152293300589886
0.779845460849355
0.240881039940632
-0.119820892919163
-0.194447908450243
-0.069593194837026
0.097505199914909
0.113324760528053
-0.021425167194986
0.000568364460304
-0.210246052032348
-0.177019534614934
0.482966342825387
0.926952324275438
0.961790411817791
0.631673642840921
0.151243904831226
-0.205371928480240
-0.205530037963673
0.037754649917772
-0.000659359637873
0.000425514093737
-0.080651962842198
0.509020566929863
0.989125074428083
1.009654310661290
0.653732040708413
0.169176567251882
-0.155253136392783
-0.171748737691281
0.080688502636540
0.121195078526704
-0.000659359637873
0.037754649917772
-0.205530037963673
-0.205371928480240
0.151243904831226
0.631673642840921
0.961790411817791
0.926952324275438
0.482966342825387
-0.177019534614934
-0.210246052032348
0.121195078526704
0.080688502636540
-0.171748737691281
-0.155253136392783
0.169176567251882
0.653732040708413
1.009654310661290
0.989125074428083
0.509020566929863
-0.080651962842198
0.000425514093737
-0.072880080653112
-0.046138122699953
0.091806660812436
0.075165122883154
-0.075725638343843
-0.220269288399129
-0.163468434684413
0.214457254416480
0.760995200734917
0.984304830528248
-0.000409464197018
0.000568364460304
-0.021425167194986
0.113324760528053
0.097505199914909
-0.069593194837026
-0.194447908450243
-0.119820892919163
0.240881039940632
0.779845460849355
1.152293300589886
0.292801139755346
-0.000164744736369
0.007860335162243
-0.040732675133583
-0.033814614302670
0.023527923782914
0.062466705625399
0.035519000000000
-0.067363422378266
-0.156287785560173
-0.024494853393403
0.839529947764502
0.027000028489967
0.016993408041465
-0.032750901565186
-0.026123563347908
0.026251725097525
0.071671757904676
0.047470246418759
-0.060364995311351
-0.131734486345539
0.072180999999998
1.000268700556435
