3
-1.000000000000000
0.000000000000000
1.000000000000000
11
-1.000000000000000
-0.800000000000000
-0.600000000000000
-0.400000000000000
-0.200000000000000
0.000000000000000
0.200000000000000
0.400000000000000
0.600000000000000
0.800000000000000
1.000000000000000
0.995009016725985
0.714988012316516
0.475009012796095
0.274988339173465
0.115009004999372
-0.005011015019439
-0.084990995000590
-0.125011660826500
-0.124990987204164
-0.085011987683074
-0.004990983274464
1.000100699298898
0.720080719278918
0.480060779258983
0.280040879236666
0.120021020020020
0.000001000000000
-0.079978979979980
-0.119959120763334
-0.119939220741017
-0.079919280721082
0.000100699298899
-0.000200397246252
0.359839562823822
0.639879442876742
0.839919242917128
0.959958961334348
0.999999000000000
0.959958962662662
0.839919241586147
0.639879441715868
0.359839562824985
-0.000200397246252
0.009980966554060
0.370022975359636
0.649980974414341
0.850022321645686
0.969980990009448
1.010021030030593
0.969980990009448
0.850022321645685
0.649980974414340
0.370022975359700
0.009980966553996
-0.004990983274464
-0.085011987683074
-0.124990987204164
-0.125011660826500
-0.084990995000590
-0.005011015019439
0.115009004999372
0.274988339173465
0.475009012796095
0.714988012316516
0.995009016725985
0.000100699298899
-0.079919280721082
-0.119939220741017
-0.119959120763334
-0.079978979979980
0.000001000000000
0.120021020020020
0.280040879236666
0.480060779258983
0.720080719278918
1.000100699298898
