8
-1.000000000000000
-0.871740148509605
-0.591700181433143
-0.209299217902479
0.209299217902479
0.591700181433142
0.871740148509605
1.000000000000000
9
-1.000000000000000
-0.873026278986229
-0.606648934606407
-0.300273353452982
0.000000000000000
0.300273353452982
0.606648934606407
0.873026278986229
1.000000000000000
0.859297447425772
-0.201732148982396
-0.045498406973089
0.031284959417047
-0.073327981247384
0.018927004482309
-0.014701254381933
-0.023056364515589
-0.000146231471434
1.003880631968466
0.004170917686293
0.035071677097428
0.101619784678869
-0.035402103506259
0.042708731139788
0.012530787047654
0.004703845635196
0.028662348354732
-0.005077782177346
0.999934390267859
-0.156771025585964
-0.254854144313855
0.104345177158883
-0.108882115188567
-0.027756418732145
-0.007238781834739
-0.069566432613049
0.418856227292634
1.180437212614241
0.044176027916578
-0.085840840986437
0.206201970866340
-0.050320108712492
0.039563067227234
0.060895597937833
0.001107237385272
-0.375178336968477
-0.052621208859444
0.996748156036392
0.144248481069681
-0.389015480188055
0.082796180025651
-0.062695128927299
-0.095654883168937
-0.003344426564925
0.000902654626682
0.060893053499902
1.279172600187850
0.277144763163879
-0.204028353469556
0.171523014134332
0.034338242037378
0.004238716856675
0.098100829292980
-0.001991379879099
-0.205205913168824
-0.213165284921984
0.919370115321982
0.632427801074604
-0.328690407303263
-0.030120521678043
-0.007150672968263
-0.144874719655641
0.223838346243112
0.012393564699552
-0.040565815151746
1.146843075280049
0.790508532571728
-0.164134585720480
0.096060816585438
0.142491573392105
0.001951644709553
-0.144874719655641
-0.007150672968263
-0.030120521678043
-0.328690407303263
0.632427801074604
0.919370115321982
-0.213165284921984
-0.205205913168824
-0.001991379879099
0.001951644709553
0.142491573392105
0.096060816585438
-0.164134585720480
0.790508532571728
1.146843075280049
-0.040565815151746
0.012393564699552
0.223838346243112
-0.003344426564925
-0.095654883168937
-0.062695128927299
0.082796180025651
-0.389015480188055
0.144248481069681
0.996748156036392
-0.052621208859444
-0.375178336968477
0.098100829292980
0.004238716856675
0.034338242037378
0.171523014134332
-0.204028353469556
0.277144763163879
1.279172600187850
0.060893053499902
0.000902654626682
-0.069566432613049
-0.007238781834739
-0.027756418732145
-0.108882115188567
0.104345177158883
-0.254854144313855
-0.156771025585964
0.999934390267859
-0.005077782177346
0.001107237385272
0.060895597937833
0.039563067227234
-0.050320108712492
0.206201970866340
-0.085840840986437
0.044176027916578
1.180437212614241
0.418856227292634
-0.000146231471434
-0.023056364515589
-0.014701254381933
0.018927004482309
-0.073327981247384
0.031284959417047
-0.045498406973089
-0.201732148982396
0.859297447425772
0.028662348354732
0.004703845635196
0.012530787047654
0.042708731139788
-0.035402103506259
0.101619784678869
0.035071677097428
0.004170917686293
1.003880631968466
