6
-1.000000000000000
-0.765055323929465
-0.285231516480645
0.285231516480645
0.765055323929466
1.000000000000000
11
-1.000000000000000
-0.951056516295154
-0.809016994374947
-0.587785252292473
-0.309016994374947
-0.000000000000000
0.309016994374947
0.587785252292473
0.809016994374947
0.951056516295154
1.000000000000000
0.999809084708112
0.634208282832983
0.004910962794303
-0.182381554762898
-0.012057528020627
0.062499000000000
-0.015713316959206
-0.051474172032817
0.009833034824555
0.016812872130829
-0.000190915291889
1.001230436358812
0.673373045799606
0.094170495588372
-0.130870858558221
0.008307035006449
0.092240562572328
-0.005094344346494
-0.033080122892769
0.014723102354732
0.029368555715820
0.001230436358811
-0.002135694558440
0.420997919477407
0.974752907878137
0.729318056334082
-0.049093032916941
-0.277894807987820
0.016233559706053
0.093814165175403
-0.039295885704672
-0.078280136757478
-0.002135694558438
0.000524877520497
0.496127274142056
1.124009364893753
0.785201436621669
0.043241872351673
-0.194647642353841
0.046498183457327
0.144522145414767
-0.026946049377564
-0.045533311502417
0.000524877520500
-0.000550640863684
-0.225117733026192
-0.152611957888173
0.518546511806636
0.996774029074447
0.631810445984593
-0.119164191440278
-0.261273503019803
0.047366517499686
0.076845157580909
-0.000550640863689
0.001294751664260
-0.142322868656777
-0.099056694948834
0.572784831250515
1.141977396516873
0.689583393079283
-0.038928115803159
-0.178743966570857
0.066742123285161
0.129435125376055
0.001294751664256
-0.000550640863689
0.076845157580909
0.047366517499686
-0.261273503019803
-0.119164191440278
0.631810445984593
0.996774029074447
0.518546511806636
-0.152611957888173
-0.225117733026192
-0.000550640863684
0.001294751664256
0.129435125376055
0.066742123285161
-0.178743966570857
-0.038928115803159
0.689583393079283
1.141977396516873
0.572784831250515
-0.099056694948834
-0.142322868656777
0.001294751664260
-0.002135694558438
-0.078280136757478
-0.039295885704672
0.093814165175403
0.016233559706053
-0.277894807987820
-0.049093032916941
0.729318056334082
0.974752907878137
0.420997919477407
-0.002135694558440
0.000524877520500
-0.045533311502417
-0.026946049377564
0.144522145414767
0.046498183457327
-0.194647642353841
0.043241872351673
0.785201436621669
1.124009364893753
0.496127274142056
0.000524877520497
-0.000190915291889
0.016812872130829
0.009833034824555
-0.051474172032817
-0.015713316959206
0.062499000000000
-0.012057528020627
-0.182381554762898
0.004910962794303
0.634208282832983
0.999809084708112
0.001230436358811
0.029368555715820
0.014723102354732
-0.033080122892769
-0.005094344346494
0.092240562572328
0.008307035006449
-0.130870858558221
0.094170495588372
0.673373045799606
1.001230436358812
