4
-1.000000000000000
-0.447213595499958
0.447213595499958
1.000000000000000
10
-1.000000000000000
-0.834821000601872
-0.644657441661013
-0.424476083487303
-0.160305247427199
0.160305247427199
0.424476083487303
0.644657441661013
0.834821000601872
1.000000000000000
0.984719138103920
0.552789561170726
0.201886706635864
-0.037712965576746
-0.147683789647264
-0.102806182220183
-0.007237752545709
0.047823340928182
0.051300097797459
-0.000154569151875
1.000385568909086
0.569857531009929
0.221620870146537
-0.017584490891198
-0.126262476883731
-0.091133923777216
-0.004229148673104
0.055092211600735
0.058651659023223
0.008361254542923
-0.000721724352112
0.543015839408927
0.891732196648468
0.998566549373993
0.826815834084092
0.386862408753184
0.006264389929023
-0.182138562205831
-0.189542150134562
-0.020273556397727
0.028343556895973
0.576852600855312
0.926338122372657
1.034714125961571
0.856782233845038
0.395642510685617
0.026303657085199
-0.161166918386258
-0.164173468216316
0.000488518508355
-0.020273556397727
-0.189542150134562
-0.182138562205831
0.006264389929023
0.386862408753184
0.826815834084092
0.998566549373993
0.891732196648468
0.543015839408927
-0.000721724352112
0.000488518508355
-0.164173468216316
-0.161166918386258
0.026303657085199
0.395642510685617
0.856782233845038
1.034714125961571
0.926338122372657
0.576852600855312
0.028343556895973
-0.000154569151875
0.051300097797459
0.047823340928182
-0.007237752545709
-0.102806182220183
-0.147683789647264
-0.037712965576746
0.201886706635864
0.552789561170726
0.984719138103920
0.008361254542923
0.058651659023223
0.055092211600735
-0.004229148673104
-0.091133923777216
-0.126262476883731
-0.017584490891198
0.221620870146537
0.569857531009929
1.000385568909086
