3
-1.000000000000000
0.000000000000000
1.000000000000000
10
-1.000000000000000
-0.919533908166460
-0.738773865105504
-0.477924949810445
-0.165278957666387
0.165278957666387
0.477924949810443
0.738773865105507
0.919533908166457
1.000000000000000
0.999911924646273
0.880273708614608
0.635839780524821
0.342308702138388
0.082638478830735
-0.082640478830735
-0.135616247676403
-0.102934084577149
-0.039260199553873
-0.000088075353490
1.000088212348526
0.882610940137149
0.642281344443724
0.353186892811068
0.096367457073738
-0.068911500592650
-0.124738056991030
-0.096492520671289
-0.036922968021147
0.000088212348526
-0.000175424669380
0.154313027927577
0.454212176236809
0.771552164215981
0.972545043546584
0.972545043546584
0.771552164215982
0.454212176237070
0.154313027878083
-0.000175424669380
0.000175153487121
0.158985477762509
0.467093326001731
0.793306516980954
1.000001032341621
1.000000967658398
0.793306574138435
0.467093282091335
0.158985504100932
0.000175147927907
-0.000088075353490
-0.039260199553873
-0.102934084577149
-0.135616247676403
-0.082640478830735
0.082638478830735
0.342308702138388
0.635839780524821
0.880273708614608
0.999911924646273
0.000088212348526
-0.036922968021147
-0.096492520671289
-0.124738056991030
-0.068911500592650
0.096367457073738
0.353186892811068
0.642281344443724
0.882610940137149
1.000088212348526
