7
-1.000000000000000
-0.830223896278567
-0.468848793470714
0.000000000000000
0.468848793470714
0.830223896278567
1.000000000000000
16
-1.000000000000000
-0.928985393525097
-0.840945204773001
-0.723014073293517
-0.588433814999585
-0.436522635752762
-0.266025466108588
-0.085986949723495
0.085986949723495
0.266025466108588
0.436522635752762
0.588433814999585
0.723014073293517
0.840945204773001
0.928985393525097
1.000000000000000
0.959720255458440
0.378009235687580
-0.014938827998911
-0.160471767744591
-0.087160621426398
0.018873759053837
0.064036117911728
0.027763472094792
-0.029979552643907
-0.044697745622809
-0.007976577892809
0.021585076101965
0.020741624808250
-0.003250339648247
-0.019541239555396
-0.004943674369240
1.001889914609220
0.413028904596248
0.028343211960653
-0.128483215366923
-0.081767192089541
0.031512260250922
0.079177968177786
0.031885229564610
-0.021669428304543
-0.035350114791017
-0.005187518891431
0.028284538224651
0.026290691056612
-0.000524488579556
-0.013458971082127
0.001889914609217
-0.003423772994096
0.716064148430928
0.996234860903921
0.804647125213243
0.322333487274624
-0.115302831017120
-0.240535688823588
-0.091443258893098
0.063928150259244
0.100273097757069
0.015661081700123
-0.074886207675318
-0.068464969454663
0.002991511602509
0.037156994424936
-0.003423772994099
0.075342659836255
0.779408912062981
1.066963036045599
0.843100507703230
0.343573957534843
-0.065142845879059
-0.200479407215153
-0.081817107478935
0.086607091464997
0.124566001722383
0.021799698213399
-0.057874434557867
-0.055070087605191
0.009164006905007
0.051984623311425
0.013449724338536
-0.048144008545167
-0.243308125142703
-0.062726832864469
0.424120899664584
0.866364877718788
0.990822928570272
0.696741993448349
0.181337339268591
-0.185793376698070
-0.225451454546968
-0.036914771550581
0.097084733106107
0.089658149157243
-0.014980364501361
-0.081605927933007
-0.020735170798052
0.002075991805192
-0.191938251603747
-0.034701906862362
0.442986943986698
0.917248099308792
1.052317626202817
0.727820170179465
0.202275872616059
-0.137007597648601
-0.191057732012035
-0.029482390970710
0.122587657115783
0.106991361373501
-0.008159972515637
-0.061713256307420
0.002075991805182
-0.001052703252127
0.100983379303100
0.015958216332039
-0.181128760437912
-0.232635686469418
0.052152117536725
0.564542641586462
0.948928855648380
0.948928855648397
0.564542641583734
0.052152117908449
-0.232635686916288
-0.181128760106402
0.015958216328995
0.100983379303142
-0.001052703252126
0.029693741098647
0.129711436485179
0.024662276383732
-0.158380661347161
-0.187126115594012
0.078306876009359
0.591561098771936
1.000821766005660
1.000821766005657
0.591561098771938
0.078306876009359
-0.187126115594012
-0.158380661349789
0.024662276701681
0.129711436000418
0.029693741545733
-0.020735170798052
-0.081605927933007
-0.014980364501361
0.089658149157243
0.097084733106107
-0.036914771550581
-0.225451454546968
-0.185793376698070
0.181337339268591
0.696741993448349
0.990822928570272
0.866364877718788
0.424120899664584
-0.062726832864469
-0.243308125142703
-0.048144008545167
0.002075991805182
-0.061713256307420
-0.008159972515637
0.106991361373501
0.122587657115783
-0.029482390970710
-0.191057732012035
-0.137007597648601
0.202275872616059
0.727820170179465
1.052317626202817
0.917248099308792
0.442986943986698
-0.034701906862362
-0.191938251603747
0.002075991805192
-0.003423772994099
0.037156994424936
0.002991511602509
-0.068464969454663
-0.074886207675318
0.015661081700123
0.100273097757069
0.063928150259244
-0.091443258893098
-0.240535688823588
-0.115302831017120
0.322333487274624
0.804647125213243
0.996234860903921
0.716064148430928
-0.003423772994096
0.013449724338536
0.051984623311425
0.009164006905007
-0.055070087605191
-0.057874434557867
0.021799698213399
0.124566001722383
0.086607091464997
-0.081817107478935
-0.200479407215153
-0.065142845879059
0.343573957534843
0.843100507703230
1.066963036045599
0.779408912062981
0.075342659836255
-0.004943674369240
-0.019541239555396
-0.003250339648247
0.020741624808250
0.021585076101965
-0.007976577892809
-0.044697745622809
-0.029979552643907
0.027763472094792
0.064036117911728
0.018873759053837
-0.087160621426398
-0.160471767744591
-0.014938827998911
0.378009235687580
0.959720255458440
0.001889914609217
-0.013458971082127
-0.000524488579556
0.026290691056612
0.028284538224651
-0.005187518891431
-0.035350114791017
-0.021669428304543
0.031885229564610
0.079177968177786
0.031512260250922
-0.081767192089541
-0.128483215366923
0.028343211960653
0.413028904596248
1.001889914609220
