6
-1.000000000000000
-0.765055323929465
-0.285231516480645
0.285231516480645
0.765055323929466
1.000000000000000
14
-1.000000000000000
-0.912925026612983
-0.800892755009326
-0.658821925911249
-0.472393715670115
-0.286340497200444
-0.100183186826458
0.100183186826458
0.286340497200444
0.472393715670115
0.658821925911249
0.800892755009326
0.912925026612983
1.000000000000000
0.975398846664941
0.434052104366526
0.039703673088356
-0.147956533474580
-0.112943067355680
-0.000601028089866
0.059244004685211
0.048342263803429
-0.002412548735963
-0.043411257062445
-0.029199022863798
0.008090391922191
0.021307868367328
-0.000172914926640
1.001261901859936
0.468517115415033
0.074523113568919
-0.115581985394494
-0.098061728097092
0.006280098256477
0.072150457405527
0.055605595649419
0.000937521114729
-0.034402929418284
-0.022669526985747
0.011342259106350
0.027852200067938
0.006107942157279
-0.002309196697332
0.657358415497473
0.982917291802972
0.887281775215537
0.411409899165004
-0.033599057227307
-0.224937044197520
-0.169092965816569
-0.001315891805224
0.098814076353147
0.064113438830860
-0.030087648336750
-0.074539810732784
-0.015219204152282
0.050135927899488
0.715964194806788
1.045636812910947
0.927801216714920
0.427041706165723
0.002014046497453
-0.191042344236833
-0.146332018157735
0.008263440035060
0.123314254414297
0.080584563087899
-0.022024744197108
-0.057727139430797
0.000623279167478
-0.039585102265111
-0.226348064994443
-0.118066635839850
0.302097923982460
0.806848836231141
0.999992303928033
0.830654716661499
0.394469850623204
-0.031408163138488
-0.240118743795351
-0.145475818434886
0.038619179584576
0.097989758033641
-0.000967550174101
0.001463773647804
-0.187501450911330
-0.082077877904245
0.314961681718423
0.853958545214299
1.050760485266877
0.864028209931370
0.404982992126649
-0.000931352246918
-0.198613174044729
-0.119794418748178
0.051061453944725
0.123641520098886
0.022250210111426
-0.000967550174101
0.097989758033641
0.038619179584576
-0.145475818434886
-0.240118743795351
-0.031408163138488
0.394469850623204
0.830654716661499
0.999992303928033
0.806848836231141
0.302097923982460
-0.118066635839850
-0.226348064994443
-0.039585102265111
0.022250210111426
0.123641520098886
0.051061453944725
-0.119794418748178
-0.198613174044729
-0.000931352246918
0.404982992126649
0.864028209931370
1.050760485266877
0.853958545214299
0.314961681718423
-0.082077877904245
-0.187501450911330
0.001463773647804
-0.015219204152282
-0.074539810732784
-0.030087648336750
0.064113438830860
0.098814076353147
-0.001315891805224
-0.169092965816569
-0.224937044197520
-0.033599057227307
0.411409899165004
0.887281775215537
0.982917291802972
0.657358415497473
-0.002309196697332
0.000623279167478
-0.057727139430797
-0.022024744197108
0.080584563087899
0.123314254414297
0.008263440035060
-0.146332018157735
-0.191042344236833
0.002014046497453
0.427041706165723
0.927801216714920
1.045636812910947
0.715964194806788
0.050135927899488
-0.000172914926640
0.021307868367328
0.008090391922191
-0.029199022863798
-0.043411257062445
-0.002412548735963
0.048342263803429
0.059244004685211
-0.000601028089866
-0.112943067355680
-0.147956533474580
0.039703673088356
0.434052104366526
0.975398846664941
0.006107942157279
0.027852200067938
0.011342259106350
-0.022669526985747
-0.034402929418284
0.000937521114729
0.055605595649419
0.072150457405527
0.006280098256477
-0.098061728097092
-0.115581985394494
0.074523113568919
0.468517115415033
1.001261901859936
