4
-1.000000000000000
-0.447213595499958
0.447213595499958
1.000000000000000
11
-1.000000000000000
-0.800000000000000
-0.600000000000000
-0.400000000000000
-0.200000000000000
0.000000000000000
0.200000000000000
0.400000000000000
0.600000000000000
0.800000000000000
1.000000000000000
0.975207660019812
0.473458711400100
0.142673382772799
-0.049017355009929
-0.129881716047836
-0.131500374326284
-0.082527577705894
-0.015023520227512
0.039999000030603
0.054999000000000
-0.000030994964909
1.000150684400785
0.495070739400681
0.160020874580326
-0.034999000000000
-0.119988974463375
-0.124949093139425
-0.079888540730616
-0.013297676651061
0.045026814006562
0.064178981330846
0.012418325851308
-0.000243277548416
0.627396850027632
0.936641620780213
0.994573275274955
0.868274011298984
0.624836710571546
0.329221741880567
0.043907622356880
-0.155202668003880
-0.205898942182540
-0.035101316882211
0.047938989891164
0.667842039459678
0.967902708910791
1.018124322208547
0.882944312238987
0.631830824183777
0.331785434723221
0.055462860211483
-0.136655314599950
-0.177460393738389
0.000129783787551
-0.035101316882211
-0.205898942182540
-0.155202668003880
0.043907622356880
0.329221741880567
0.624836710571546
0.868274011298984
0.994573275274955
0.936641620780213
0.627396850027632
-0.000243277548416
0.000129783787551
-0.177460393738389
-0.136655314599950
0.055462860211483
0.331785434723221
0.631830824183777
0.882944312238987
1.018124322208547
0.967902708910791
0.667842039459678
0.047938989891164
-0.000030994964909
0.054999000000000
0.039999000030603
-0.015023520227512
-0.082527577705894
-0.131500374326284
-0.129881716047836
-0.049017355009929
0.142673382772799
0.473458711400100
0.975207660019812
0.012418325851308
0.064178981330846
0.045026814006562
-0.013297676651061
-0.079888540730616
-0.124949093139425
-0.119988974463375
-0.034999000000000
0.160020874580326
0.495070739400681
1.000150684400785
