4
-1.000000000000000
-0.447213595499958
0.447213595499958
1.000000000000000
7
-1.000000000000000
-0.866025403784439
-0.500000000000000
-0.000000000000000
0.500000000000000
0.866025403784439
1.000000000000000
0.999948737981068
0.596052963397296
-0.040203669778643
-0.175290881810698
0.015624000000000
0.046047443641730
-0.000051262018933
1.000313553051320
0.641641968100342
0.046876000000000
-0.124867563997233
0.028412901573016
0.078676978046774
0.000313553051320
-0.000506880915781
0.458538362547266
0.992827432226513
0.624578752218060
-0.117278353709082
-0.235517252923147
-0.000506880915782
0.000255000202205
0.548283608510093
1.144173579882914
0.685979599087435
-0.055327432226513
-0.146217359431054
0.000255000202204
-0.000506880915782
-0.235517252923147
-0.117278353709082
0.624578752218060
0.992827432226513
0.458538362547266
-0.000506880915781
0.000255000202204
-0.146217359431054
-0.055327432226513
0.685979599087435
1.144173579882914
0.548283608510093
0.000255000202205
-0.000051262018933
0.046047443641730
0.015624000000000
-0.175290881810698
-0.040203669778643
0.596052963397296
0.999948737981068
0.000313553051320
0.078676978046774
0.028412901573016
-0.124867563997233
0.046876000000000
0.641641968100342
1.000313553051320
