8
-1.000000000000000
-0.871740148509605
-0.591700181433143
-0.209299217902479
0.209299217902479
0.591700181433143
0.871740148509605
1.000000000000000
17
-1.000000000000000
-0.980785280403230
-0.923879532511287
-0.831469612302545
-0.707106781186548
-0.555570233019602
-0.382683432365090
-0.195090322016128
-0.000000000000000
0.195090322016128
0.382683432365090
0.555570233019602
0.707106781186547
0.831469612302545
0.923879532511287
0.980785280403230
1.000000000000000
0.999743807670953
0.730456479218626
0.188502666071269
-0.149498758176998
-0.117118796154182
0.025579487417523
0.059428641806130
-0.013128692351813
-0.052015278727892
-0.003798154086867
0.026370483398718
0.006967811659972
-0.023389706705597
-0.011728200130902
0.009488130732037
0.007186602731667
-0.000295609961332
1.003866453709197
0.753343212524347
0.247486765338285
-0.092312474227255
-0.100458164496945
0.047002063842576
0.077846125194612
-0.003694461791658
-0.037720164432246
0.000440679065706
0.037038532225094
0.010700927536461
-0.016031271320444
-0.007071687130142
0.013295626275694
0.012281673371622
0.001497980060297
-0.006757955424013
0.322429199622209
0.870135988129441
0.944086016924659
0.413859094722801
-0.171205989650927
-0.225796934129537
0.012264938019852
0.106521210430709
-0.000401148542119
-0.097994571400651
-0.026733924130923
0.043295963503080
0.019642316006379
-0.033440423834343
-0.030743913290674
-0.002739542025781
0.000761223089897
0.359385049842686
0.982940866391794
1.015794419375498
0.440069798944364
-0.087528517499272
-0.182207007081634
0.040081714968562
0.144064175748993
0.010162437876788
-0.070602871287976
-0.018272772110555
0.061490187648603
0.030524209949925
-0.024676768569648
-0.018658537892881
0.000962033306224
-0.000844384691481
-0.143479719194156
-0.242556555279490
0.185645595467851
0.797632816993389
0.981113346595296
0.540910227858772
-0.104851217448648
-0.260976516695056
-0.017187386799163
0.115913547009027
0.028555098163380
-0.095558787504686
-0.045452146731178
0.037383868566879
0.028121347912090
-0.000928975919105
0.003991073076814
-0.114977351269681
-0.172479903716816
0.203893764956472
0.876539048714133
1.081625028812761
0.560287212331584
-0.030685171553429
-0.202790378939833
0.000452924846066
0.158920178399897
0.037952260171880
-0.069269684657483
-0.032147287263713
0.048205352863816
0.043900863157008
0.001931512562597
-0.001857417003154
0.063761827850374
0.088012608784248
-0.101444802717475
-0.278167382226416
0.073203681635342
0.718416285487871
0.997079253276822
0.633425650703539
-0.019924827838165
-0.282365654047473
-0.055312160635447
0.109809030348104
0.050088915475932
-0.069201984351906
-0.062055322991901
-0.001141831767945
0.000844977143409
0.091432772755770
0.111804234754338
-0.084822666694477
-0.203331917387482
0.113497372975927
0.776114036310956
1.104124821452789
0.671293367400123
0.035783425619404
-0.210408228829284
-0.044888886311552
0.150477482448309
0.065258344440291
-0.055376024913333
-0.041242984814200
0.001165775758370
-0.001141831767945
-0.062055322991901
-0.069201984351906
0.050088915475932
0.109809030348104
-0.055312160635447
-0.282365654047473
-0.019924827838165
0.633425650703539
0.997079253276822
0.718416285487871
0.073203681635342
-0.278167382226416
-0.101444802717475
0.088012608784248
0.063761827850374
-0.001857417003154
0.001165775758370
-0.041242984814200
-0.055376024913333
0.065258344440291
0.150477482448309
-0.044888886311552
-0.210408228829284
0.035783425619404
0.671293367400123
1.104124821452789
0.776114036310956
0.113497372975927
-0.203331917387482
-0.084822666694477
0.111804234754338
0.091432772755770
0.000844977143409
-0.000928975919105
0.028121347912090
0.037383868566879
-0.045452146731178
-0.095558787504686
0.028555098163380
0.115913547009027
-0.017187386799163
-0.260976516695056
-0.104851217448648
0.540910227858772
0.981113346595296
0.797632816993389
0.185645595467851
-0.242556555279490
-0.143479719194156
-0.000844384691481
0.001931512562597
0.043900863157008
0.048205352863816
-0.032147287263713
-0.069269684657483
0.037952260171880
0.158920178399897
0.000452924846066
-0.202790378939833
-0.030685171553429
0.560287212331584
1.081625028812761
0.876539048714133
0.203893764956472
-0.172479903716816
-0.114977351269681
0.003991073076814
-0.002739542025781
-0.030743913290674
-0.033440423834343
0.019642316006379
0.043295963503080
-0.026733924130923
-0.097994571400651
-0.000401148542119
0.106521210430709
0.012264938019852
-0.225796934129537
-0.171205989650927
0.413859094722801
0.944086016924659
0.870135988129441
0.322429199622209
-0.006757955424013
0.000962033306224
-0.018658537892881
-0.024676768569648
0.030524209949925
0.061490187648603
-0.018272772110555
-0.070602871287976
0.010162437876788
0.144064175748993
0.040081714968562
-0.182207007081634
-0.087528517499272
0.440069798944364
1.015794419375498
0.982940866391794
0.359385049842686
0.000761223089897
-0.000295609961332
0.007186602731667
0.009488130732037
-0.011728200130902
-0.023389706705597
0.006967811659972
0.026370483398718
-0.003798154086867
-0.052015278727892
-0.013128692351813
0.059428641806130
0.025579487417523
-0.117118796154182
-0.149498758176998
0.188502666071269
0.730456479218626
0.999743807670953
0.001497980060297
0.012281673371622
0.013295626275694
-0.007071687130142
-0.016031271320444
0.010700927536461
0.037038532225094
0.000440679065706
-0.037720164432246
-0.003694461791658
0.077846125194612
0.047002063842576
-0.100458164496945
-0.092312474227255
0.247486765338285
0.753343212524347
1.003866453709197
