3
-1.000000000000000
0.000000000000000
1.000000000000000
5
-1.000000000000000
-0.774596669241483
0.000000000000000
0.774596669241483
1.000000000000000
0.999998498998952
0.622431706223895
-0.085870653378898
-0.152164963018155
-0.000001501001048
1.000388514069976
0.687553961420643
0.000001000000000
-0.087042707772674
0.000388514069976
-0.000776024751500
0.399489749624620
0.999999000000000
0.399489749624620
-0.000776024751500
0.000002002035691
0.529732249826825
1.171740314773656
0.529732249846989
0.000002002035691
-0.000001501001048
-0.152164963018155
-0.085870653378898
0.622431706223895
0.999998498998952
0.000388514069976
-0.087042707772674
0.000001000000000
0.687553961420643
1.000388514069976
