6
-1.000000000000000
-0.765055323929465
-0.285231516480645
0.285231516480645
0.765055323929466
1.000000000000000
7
-1.000000000000000
-0.666666666666667
-0.333333333333333
0.000000000000000
0.333333333333333
0.666666666666667
1.000000000000000
0.605517053758568
-0.288623036377902
-0.024922809282819
0.062499000000000
-0.035366268225627
-0.039638573619957
-0.000231451258129
1.000894210561094
-0.111881716049385
-0.006528709387012
0.101019524403804
-0.011451468451250
-0.018480834170318
0.050174754737142
-0.000948327696086
0.903151140563816
-0.007675476604053
-0.297965191564197
0.034759372650786
0.052249904259188
-0.136073463774677
0.710160279150089
1.174191868968303
0.091482349343158
-0.194647642353841
0.102040797586418
0.109820501830427
0.000634688366271
-0.468279613650222
0.175527035007890
0.986904544017867
0.632147642353840
-0.223241608999773
-0.189933896510182
-0.000349543372195
0.000004663890775
0.312651966551728
1.201802048154820
0.673122306341881
-0.076767747785997
-0.095053880359307
0.238681213747975
-0.000349543372195
-0.189933896510182
-0.223241608999773
0.632147642353840
0.986904544017867
0.175527035007890
-0.468279613650222
0.238681213747975
-0.095053880359307
-0.076767747785997
0.673122306341881
1.201802048154820
0.312651966551728
0.000004663890775
-0.136073463774677
0.052249904259188
0.034759372650786
-0.297965191564197
-0.007675476604053
0.903151140563816
-0.000948327696086
0.000634688366271
0.109820501830427
0.102040797586418
-0.194647642353841
0.091482349343158
1.174191868968303
0.710160279150089
-0.000231451258129
-0.039638573619957
-0.035366268225627
0.062499000000000
-0.024922809282819
-0.288623036377902
0.605517053758568
0.050174754737142
-0.018480834170318
-0.011451468451250
0.101019524403804
-0.006528709387012
-0.111881716049385
1.000894210561094
