8
-1.000000000000000
-0.871740148509605
-0.591700181433143
-0.209299217902479
0.209299217902479
0.591700181433142
0.871740148509605
1.000000000000000
11
-1.000000000000000
-0.892975508763469
-0.672808137431098
-0.494604756163763
-0.242208957747485
0.000000000000000
0.242208957747485
0.494604756163763
0.672808137431098
0.892975508763469
1.000000000000000
0.916884901824422
-0.112389352226214
-0.151506769581295
0.054676097956464
0.004339910636132
-0.060912074263446
0.007202951622257
0.018011479687926
-0.027306821940877
-0.005848755480900
-0.000565910487654
1.003887665550426
0.080143377750029
-0.068363695963214
0.096528440077325
0.024998293766146
-0.035373217733865
0.022345681558623
0.037604408033773
-0.010402641960460
0.009819829679254
0.022996666596162
-0.005561355079819
0.981072177342244
0.247198832191762
-0.314817256687785
-0.050575260347128
0.103810118038358
-0.055727078433662
-0.095227118434815
0.032039513070328
-0.020972897125864
-0.055356209291499
0.208606451399619
1.235206009110299
0.327927655537870
-0.177972341936007
-0.010401486759131
0.171426236981073
-0.019346985998861
-0.047629195175527
0.071894280276368
0.015365211487658
0.001722658717607
-0.256661663952166
-0.148359253357025
0.900610862800961
0.878947732554315
-0.008637532965677
-0.311604270434369
0.033941795039922
0.076983387443248
-0.110075669442152
-0.022238830982656
-0.001964863559684
0.001475110192328
-0.087985521725715
1.028710916614809
0.972663859061929
0.085427474314065
-0.203406806115031
0.087644940929616
0.145079389034379
-0.056999678434980
0.024765970212716
0.076396840182387
-0.002041799313528
-0.026722827088117
-0.315368515839483
0.325813470365940
0.989380931201536
0.632568410249492
-0.188919221735693
-0.234361586556492
0.090174934958056
-0.036617511392965
-0.111432205164502
0.172767904746367
0.057934945815267
-0.173290796019577
0.372438387930113
1.159383740468346
0.703379911870695
-0.071277215109037
-0.131827833331781
0.169600684356693
0.030003020756046
0.002005823173071
-0.111432205164502
-0.036617511392965
0.090174934958056
-0.234361586556492
-0.188919221735693
0.632568410249492
0.989380931201536
0.325813470365940
-0.315368515839483
-0.026722827088117
-0.002041799313528
0.002005823173071
0.030003020756046
0.169600684356693
-0.131827833331781
-0.071277215109037
0.703379911870695
1.159383740468346
0.372438387930113
-0.173290796019577
0.057934945815267
0.172767904746367
-0.001964863559684
-0.022238830982656
-0.110075669442152
0.076983387443248
0.033941795039922
-0.311604270434369
-0.008637532965677
0.878947732554315
0.900610862800961
-0.148359253357025
-0.256661663952166
0.076396840182387
0.024765970212716
-0.056999678434980
0.145079389034379
0.087644940929616
-0.203406806115031
0.085427474314065
0.972663859061929
1.028710916614809
-0.087985521725715
0.001475110192328
-0.055356209291499
-0.020972897125864
0.032039513070328
-0.095227118434815
-0.055727078433662
0.103810118038358
-0.050575260347128
-0.314817256687785
0.247198832191762
0.981072177342244
-0.005561355079819
0.001722658717607
0.015365211487658
0.071894280276368
-0.047629195175527
-0.019346985998861
0.171426236981073
-0.010401486759131
-0.177972341936007
0.327927655537870
1.235206009110299
0.208606451399619
-0.000565910487654
-0.005848755480900
-0.027306821940877
0.018011479687926
0.007202951622257
-0.060912074263446
0.004339910636132
0.054676097956464
-0.151506769581295
-0.112389352226214
0.916884901824422
0.022996666596162
0.009819829679254
-0.010402641960460
0.037604408033773
0.022345681558623
-0.035373217733865
0.024998293766146
0.096528440077325
-0.068363695963214
0.080143377750029
1.003887665550426
