6
-1.000000000000000
-0.765055323929465
-0.285231516480645
0.285231516480645
0.765055323929466
1.000000000000000
7
-1.000000000000000
-0.866025403784439
-0.500000000000000
-0.000000000000000
0.500000000000000
0.866025403784439
1.000000000000000
0.999782734201029
0.002973986419321
-0.208211123128641
0.062499000000000
-0.052460007778543
0.012882217787064
-0.000167709727454
1.000425363744053
0.269699984140718
-0.102852288669720
0.137599541834313
-0.036840838768985
0.022182241809860
0.021281697950028
-0.000737627751457
0.852653858354249
0.323928625021867
-0.438138667369385
0.104602520885529
-0.060038124254805
-0.057012466982280
0.002432375170943
1.292766409384290
0.580322427392396
-0.194647642353841
0.151540574086059
-0.043867344635309
0.000436801592556
-0.057251907969131
-0.293860464490307
0.747722536837086
0.590986803078909
-0.467392591528997
0.089862884642425
-0.000848504887839
0.001047230010090
-0.178868110947141
1.113111058418720
0.876541387891579
-0.204508685013632
0.104042125364677
0.091275908920544
-0.000848504887839
0.089862884642425
-0.467392591528997
0.590986803078909
0.747722536837086
-0.293860464490307
-0.057251907969131
0.091275908920544
0.104042125364677
-0.204508685013632
0.876541387891579
1.113111058418720
-0.178868110947141
0.001047230010090
-0.057012466982280
-0.060038124254805
0.104602520885529
-0.438138667369385
0.323928625021867
0.852653858354249
-0.000737627751457
0.000436801592556
-0.043867344635309
0.151540574086059
-0.194647642353841
0.580322427392396
1.292766409384290
0.002432375170943
-0.000167709727454
0.012882217787064
-0.052460007778543
0.062499000000000
-0.208211123128641
0.002973986419321
0.999782734201029
0.021281697950028
0.022182241809860
-0.036840838768985
0.137599541834313
-0.102852288669720
0.269699984140718
1.000425363744053
