7
-1.000000000000000
-0.830223896278567
-0.468848793470714
0.000000000000000
0.468848793470714
0.830223896278567
1.000000000000000
7
-1.000000000000000
-0.906179845938664
-0.538469310105683
0.000000000000000
0.538469310105683
0.906179845938664
1.000000000000000
0.999997128266070
-0.132347976899360
-0.132024689854389
-0.030975968417493
-0.051320793940727
-0.013990139087383
-0.021139865380894
1.001240432806948
0.282558474295213
0.038460361923924
0.095764400381603
0.022650207645752
0.036652309279740
0.001240432806945
-0.002012349530347
0.841499283985808
-0.178685253604626
-0.231027821545057
-0.060254368543410
-0.095464502562492
-0.002012349530349
0.000447768713873
1.440324672616815
0.182502925631258
0.097960228879139
0.126980086178539
0.037470114629243
0.056204450479814
-0.089844635178885
-0.252243617968992
0.955119739078702
-0.238251998021598
-0.167767735017332
-0.060498511790815
-0.089162947996194
0.000884408404096
-0.182521380289857
1.370648775649150
0.044313288456166
0.111350187212863
0.118717318517966
0.000884408404090
-0.002333045600974
-0.102721547945595
-0.258253303831467
0.999999000000002
-0.258253301315351
-0.102721552481303
-0.002333045600972
0.122830841567434
0.097049664577499
-0.131237434740446
1.259052966520932
-0.131237434740446
0.097049664628568
0.122830841269814
-0.089162947996194
-0.060498511790815
-0.167767735017332
-0.238251998021598
0.955119739078702
-0.252243617968992
-0.089844635178885
0.000884408404090
0.118717318517966
0.111350187212863
0.044313288456166
1.370648775649150
-0.182521380289857
0.000884408404096
-0.002012349530349
-0.095464502562492
-0.060254368543410
-0.231027821545057
-0.178685253604626
0.841499283985808
-0.002012349530347
0.056204450479814
0.037470114629243
0.126980086178539
0.097960228879139
0.182502925631258
1.440324672616815
0.000447768713873
-0.021139865380894
-0.013990139087383
-0.051320793940727
-0.030975968417493
-0.132024689854389
-0.132347976899360
0.999997128266070
0.001240432806945
0.036652309279740
0.022650207645752
0.095764400381603
0.038460361923924
0.282558474295213
1.001240432806948
