5
-1.000000000000000
-0.654653670707977
0.000000000000000
0.654653670707977
1.000000000000000
16
-1.000000000000000
-0.986283808696812
-0.928434883663574
-0.827201315069765
-0.687292904811685
-0.515248636358154
-0.319112368927890
-0.108054948707344
0.108054948707344
0.319112368927890
0.515248636358154
0.687292904811685
0.827201315069765
0.928434883663574
0.986283808696812
1.000000000000000
0.999905819020853
0.930400744806428
0.667928791401529
0.317513987717013
0.019356628685930
-0.132507157965644
-0.131293319979920
-0.044069313715994
0.035156507749411
0.062049506003705
0.035558367388283
-0.010226582120808
-0.036644521804017
-0.027949451708888
-0.007384382955713
-0.000094180979148
1.000365745155628
0.933064318484421
0.679056137783817
0.338159578086905
0.044568743399826
-0.111178394534588
-0.120038513825565
-0.042034724507285
0.043343402580450
0.069959670251826
0.039299303288905
-0.007900335692855
-0.031693451759785
-0.024908060372964
-0.006109790593490
0.000365745155626
-0.000663518402007
0.089585482764381
0.414056499446667
0.790183656247618
0.993300679511192
0.903503362614338
0.569214064308380
0.147592044740141
-0.149256602801630
-0.219371571748079
-0.116909795987401
0.023591268071597
0.091572610916620
0.071171863568834
0.017624227940965
-0.000663518402005
0.000437834133356
0.095027332814408
0.434735469082417
0.828120742682976
1.035324820206357
0.934344321847234
0.576358843818972
0.166504458764617
-0.119177388784393
-0.195983366564101
-0.107302257852257
0.030778061020953
0.105596984785563
0.079455059217632
0.020980402580065
0.000437834133359
-0.000635149298442
-0.038252044876808
-0.155623623798374
-0.212486575396196
-0.077224013624747
0.274436597646883
0.684173680852155
0.961397520832490
0.961397520832488
0.684173680852859
0.274436597645346
-0.077224013621387
-0.212486575399326
-0.155623623795533
-0.038252044878128
-0.000635149298445
0.000446068626948
-0.034313716462088
-0.139525918292167
-0.188371871357171
-0.053709833155575
0.279933532324221
0.706687575404841
1.000442728619270
1.000442728619272
0.706687575404839
0.279933532324221
-0.053709833155576
-0.188371871357172
-0.139525918292169
-0.034313716462091
0.000446068626945
-0.000663518402005
0.017624227940965
0.071171863568834
0.091572610916620
0.023591268071597
-0.116909795987401
-0.219371571748079
-0.149256602801630
0.147592044740141
0.569214064308380
0.903503362614338
0.993300679511192
0.790183656247618
0.414056499446667
0.089585482764381
-0.000663518402007
0.000437834133359
0.020980402580065
0.079455059217632
0.105596984785563
0.030778061020953
-0.107302257852257
-0.195983366564101
-0.119177388784393
0.166504458764617
0.576358843818972
0.934344321847234
1.035324820206357
0.828120742682976
0.434735469082417
0.095027332814408
0.000437834133356
-0.000094180979148
-0.007384382955713
-0.027949451708888
-0.036644521804017
-0.010226582120808
0.035558367388283
0.062049506003705
0.035156507749411
-0.044069313715994
-0.131293319979920
-0.132507157965644
0.019356628685930
0.317513987717013
0.667928791401529
0.930400744806428
0.999905819020853
0.000365745155626
-0.006109790593490
-0.024908060372964
-0.031693451759785
-0.007900335692855
0.039299303288905
0.069959670251826
0.043343402580450
-0.042034724507285
-0.120038513825565
-0.111178394534588
0.044568743399826
0.338159578086905
0.679056137783817
0.933064318484421
1.000365745155628
