5
-1.000000000000000
-0.654653670707977
0.000000000000000
0.654653670707977
1.000000000000000
7
-1.000000000000000
-0.830223896278567
-0.468848793470714
0.000000000000000
0.468848793470714
0.830223896278567
1.000000000000000
0.996156471148339
0.203909815118345
-0.216828670492212
-0.000001000000000
0.045431941324167
-0.043504361512279
-0.012291170620678
1.000680723815023
0.346704013523088
-0.125789859805963
0.029215488904747
0.090126754881988
-0.031583489620593
0.000680723815022
-0.001005792900887
0.782079572600221
0.838771744188507
-0.126779357132940
-0.255401148425931
0.091787921010189
-0.001005792900884
0.008732210519352
1.042093378223724
0.961412643933552
0.000001000000000
-0.138128475930998
0.132102916581959
0.028803370662989
-0.011980188998002
-0.352063777617879
0.359093581252947
0.999998999999999
0.359093581630765
-0.352063778253264
-0.011980188849879
0.000612898328794
-0.189015223779883
0.443064101529027
1.214151490134985
0.443064101529960
-0.189015223780159
0.000612898328792
-0.001005792900884
0.091787921010189
-0.255401148425931
-0.126779357132940
0.838771744188507
0.782079572600221
-0.001005792900887
0.028803370662989
0.132102916581959
-0.138128475930998
0.000001000000000
0.961412643933552
1.042093378223724
0.008732210519352
-0.012291170620678
-0.043504361512279
0.045431941324167
-0.000001000000000
-0.216828670492212
0.203909815118345
0.996156471148339
0.000680723815022
-0.031583489620593
0.090126754881988
0.029215488904747
-0.125789859805963
0.346704013523088
1.000680723815023
