6
-1.000000000000000
-0.765055323929465
-0.285231516480645
0.285231516480645
0.765055323929466
1.000000000000000
6
-1.000000000000000
-0.758910868794397
-0.282320699724306
0.282320699724306
0.758910868794397
1.000000000000000
0.851337816272567
-0.217029569898661
-0.022475595943550
-0.018926331666800
-0.060745576331406
-0.000002786733024
1.002123697225725
-0.010690682039759
0.063334399949760
0.068781183871284
0.001225520142438
0.053551987161241
-0.002829501040535
0.999548928664430
-0.245304130822089
-0.151101852949695
-0.000708917023831
-0.142158680664447
0.439563636619773
1.184470487396937
-0.004978822997892
0.058604549738446
0.166503986590652
0.000763323858624
-0.392003656802261
-0.032327749924407
0.999952926000740
-0.167503162773073
-0.254822229606190
-0.002111356246952
0.000480429520235
0.132357437542958
1.267184562223470
0.005129484323145
0.000830216119810
0.227784219664296
-0.002111356246952
-0.254822229606190
-0.167503162773073
0.999952926000740
-0.032327749924407
-0.392003656802261
0.227784219664296
0.000830216119810
0.005129484323145
1.267184562223470
0.132357437542958
0.000480429520235
-0.142158680664447
-0.000708917023831
-0.151101852949695
-0.245304130822089
0.999548928664430
-0.002829501040535
0.000763323858624
0.166503986590652
0.058604549738446
-0.004978822997892
1.184470487396937
0.439563636619773
-0.000002786733024
-0.060745576331406
-0.018926331666800
-0.022475595943550
-0.217029569898661
0.851337816272567
0.053551987161241
0.001225520142438
0.068781183871284
0.063334399949760
-0.010690682039759
1.002123697225725
