7
-1.000000000000000
-0.830223896278567
-0.468848793470714
0.000000000000000
0.468848793470714
0.830223896278567
1.000000000000000
11
-1.000000000000000
-0.878996214313364
-0.677575096670022
-0.484447845893441
-0.229672385892469
0.000000000000000
0.229672385892469
0.484447845893441
0.677575096670022
0.878996214313364
1.000000000000000
0.933630438444126
0.018567111341961
-0.203565921979997
-0.010027386624565
0.061673474940676
-0.006345837128578
-0.053354010433504
0.002476914476524
0.024475819087233
-0.014234403100723
-0.017530065367507
1.002562855551207
0.156986014499150
-0.126725791191030
0.016288145847442
0.092584579795485
0.002483283343463
-0.036324182271786
0.009531687886369
0.037529419284815
-0.007602183853076
0.002562855551205
-0.004518828548594
0.939066653332573
0.653261266227024
-0.069162702667666
-0.279519690419762
-0.004228546562427
0.104266066083861
-0.023939760460588
-0.098287433193406
0.022432060615172
-0.004518828548597
0.142418019344363
1.155638574888640
0.742363423156866
0.036045189727678
-0.190514138840853
0.020899903798600
0.149120951445086
-0.007645417342126
-0.065317093820536
0.038086576944031
0.046558070254661
-0.162802589535346
-0.216227578530862
0.598842646195132
0.997796319663405
0.599027344538215
-0.067013598297895
-0.273418108540107
0.014652487783832
0.107631312086487
-0.060063524226638
-0.072261543768916
0.001939384896734
-0.139456112170289
0.641689575982828
1.139685714021694
0.661470551273207
0.001074385717050
-0.204244856272267
0.037324627428427
0.156317379897857
-0.040782463160380
0.001939384896724
-0.001458824285879
0.068273380659521
-0.267845848648306
-0.097204754487928
0.663902526915776
0.999999000000002
0.663902526915776
-0.097204754544900
-0.267845848589618
0.068273380657831
-0.001458824285878
0.108233514124242
0.097494460159224
-0.195933395141357
-0.034143440627101
0.708773574698926
1.117726145970182
0.708773574698925
-0.034143440627102
-0.195933395141286
0.097494460256642
0.108233513970481
-0.072261543768916
-0.060063524226638
0.107631312086487
0.014652487783832
-0.273418108540107
-0.067013598297895
0.599027344538215
0.997796319663405
0.598842646195132
-0.216227578530862
-0.162802589535346
0.001939384896724
-0.040782463160380
0.156317379897857
0.037324627428427
-0.204244856272267
0.001074385717050
0.661470551273207
1.139685714021694
0.641689575982828
-0.139456112170289
0.001939384896734
-0.004518828548597
0.022432060615172
-0.098287433193406
-0.023939760460588
0.104266066083861
-0.004228546562427
-0.279519690419762
-0.069162702667666
0.653261266227024
0.939066653332573
-0.004518828548594
0.046558070254661
0.038086576944031
-0.065317093820536
-0.007645417342126
0.149120951445086
0.020899903798600
-0.190514138840853
0.036045189727678
0.742363423156866
1.155638574888640
0.142418019344363
-0.017530065367507
-0.014234403100723
0.024475819087233
0.002476914476524
-0.053354010433504
-0.006345837128578
0.061673474940676
-0.010027386624565
-0.203565921979997
0.018567111341961
0.933630438444126
0.002562855551205
-0.007602183853076
0.037529419284815
0.009531687886369
-0.036324182271786
0.002483283343463
0.092584579795485
0.016288145847442
-0.126725791191030
0.156986014499150
1.002562855551207
