3
-1.000000000000000
0.000000000000000
1.000000000000000
12
-1.000000000000000
-0.973906528517172
-0.865063366688985
-0.679409568299024
-0.433395394129247
-0.148874338981631
0.148874338981631
0.433395394129247
0.679409568299024
0.865063366688985
0.973906528517172
1.000000000000000
0.999998498998461
0.960635961894803
0.803863163486205
0.564411940353773
0.301411699970957
0.074436169492228
-0.074438169492228
-0.131983694155779
-0.114997627947125
-0.061200203201605
-0.013270566622797
-0.000001501001539
1.000044666737890
0.961244014198969
0.806699997544367
0.570523121657794
0.310653472392435
0.085524530512934
-0.063349808468697
-0.122741921736813
-0.108886446641224
-0.058363369150852
-0.012662514319564
0.000044666737890
-0.000088333469417
0.051419500126219
0.251664371612719
0.538364325600439
0.812089449485846
0.977826278041361
0.977826277941085
0.812089449385551
0.538364324990296
0.251664371612719
0.051419500126219
-0.000088333469417
0.000002002003004
0.052633604728344
0.257336039715301
0.550584687593159
0.830570994184758
1.000000999999995
1.000001000000005
0.830570994184750
0.550584687593166
0.257336039715296
0.052633604728346
0.000002002003004
-0.000001501001539
-0.013270566622797
-0.061200203201605
-0.114997627947125
-0.131983694155779
-0.074438169492228
0.074436169492228
0.301411699970957
0.564411940353773
0.803863163486205
0.960635961894803
0.999998498998461
0.000044666737890
-0.012662514319564
-0.058363369150852
-0.108886446641224
-0.122741921736813
-0.063349808468697
0.085524530512934
0.310653472392435
0.570523121657794
0.806699997544367
0.961244014198969
1.000044666737890
