3
-1.000000000000000
0.000000000000000
1.000000000000000
10
-1.000000000000000
-0.777777777777778
-0.555555555555556
-0.333333333333333
-0.111111111111111
0.111111111111111
0.333333333333333
0.555555555555555
0.777777777777778
1.000000000000000
0.993826160497585
0.685184185180591
0.425924925928804
0.216048382713171
0.055554555558007
-0.055556555558535
-0.117284950614726
-0.129630629632609
-0.092593592590243
-0.006173839508946
1.000001000000001
0.691359024691358
0.432099765432099
0.222223222222222
0.061729395061728
-0.049381716049383
-0.111110111111111
-0.123455790123457
-0.086418753086420
0.000001000000000
-0.000001000000001
0.395060728395060
0.691357024691358
0.888887888888888
0.987653320987654
0.987653320987654
0.888887888888889
0.691357024691358
0.395060728395061
-0.000001000000002
0.012346679007314
0.407408407412439
0.703704703703818
0.901235567901358
1.000001000000115
1.000001000000123
0.901235567901350
0.703704703703827
0.407408407416079
0.012346679004208
-0.006173839508946
-0.092593592590243
-0.129630629632609
-0.117284950614726
-0.055556555558535
0.055554555558007
0.216048382713171
0.425924925928804
0.685184185180591
0.993826160497585
0.000001000000000
-0.086418753086420
-0.123455790123457
-0.111110111111111
-0.049381716049383
0.061729395061728
0.222223222222222
0.432099765432099
0.691359024691358
1.000001000000001
