6
-1.000000000000000
-0.765055323929465
-0.285231516480645
0.285231516480645
0.765055323929466
1.000000000000000
4
-1.000000000000000
-0.286264804127046
0.286264804127046
1.000000000000000
-0.007231972824911
-0.239076900428865
-0.025341843371384
-0.065103630055598
1.000002086158750
0.024339580102203
0.134269009439991
0.008325831070879
-0.000002054789749
-0.144059946330178
-0.290806838140918
-0.029183914777382
1.537352174622697
0.180680243974697
0.094435963124778
0.129720710827843
-0.504706953512331
0.999993186944414
-0.246515079719266
-0.125008559454409
0.000004161061473
1.225763373229983
0.044586250855044
0.108506583832235
-0.125008559454409
-0.246515079719266
0.999993186944414
-0.504706953512331
0.108506583832235
0.044586250855044
1.225763373229983
0.000004161061473
-0.029183914777382
-0.290806838140918
-0.144059946330178
-0.000002054789749
0.129720710827843
0.094435963124778
0.180680243974697
1.537352174622697
-0.065103630055598
-0.025341843371384
-0.239076900428865
-0.007231972824911
0.008325831070879
0.134269009439991
0.024339580102203
1.000002086158750
