6
-1.000000000000000
-0.765055323929465
-0.285231516480645
0.285231516480645
0.765055323929466
1.000000000000000
10
-1.000000000000000
-0.777777777777778
-0.555555555555556
-0.333333333333333
-0.111111111111111
0.111111111111111
0.333333333333333
0.555555555555555
0.777777777777778
1.000000000000000
0.806213944906950
-0.087978418885611
-0.146959484155050
-0.024864421937671
0.057651055642213
0.046118260844672
-0.017134809406656
-0.049123048178889
0.002718026821744
-0.000012918345494
1.000001517258958
0.023981601595694
-0.128383383416753
-0.018667090463231
0.074373871372780
0.051570732508654
-0.012344161753387
-0.036679882934102
0.011724022233581
0.031198323843655
-0.000004790629235
0.997997439018645
0.648946480545703
0.050323381469221
-0.238287788370487
-0.154111190091958
0.035702909717637
0.102943884948933
-0.032112615813394
-0.084765145249567
0.351496532127468
1.190130276698975
0.654082864638836
0.090863661966034
-0.186740422845896
-0.139373363507478
0.051330193686047
0.136670042980482
-0.007919685087051
0.000016000989146
-0.251591906338423
-0.134467452288130
0.608938532840725
0.987240051757593
0.849242856721124
0.367288867646932
-0.129922438983985
-0.245350057863554
0.014448279941605
-0.000014035632470
0.000005990874322
-0.031206459771930
0.653140716071480
1.067836291833523
0.891781157354925
0.376152856221822
-0.076766420802451
-0.195780223483195
0.056980314316650
0.142486206359178
-0.000014035632470
0.014448279941605
-0.245350057863554
-0.129922438983985
0.367288867646932
0.849242856721124
0.987240051757593
0.608938532840725
-0.134467452288130
-0.251591906338423
0.142486206359178
0.056980314316650
-0.195780223483195
-0.076766420802451
0.376152856221822
0.891781157354925
1.067836291833523
0.653140716071480
-0.031206459771930
0.000005990874322
-0.084765145249567
-0.032112615813394
0.102943884948933
0.035702909717637
-0.154111190091958
-0.238287788370487
0.050323381469221
0.648946480545703
0.997997439018645
-0.000004790629235
0.000016000989146
-0.007919685087051
0.136670042980482
0.051330193686047
-0.139373363507478
-0.186740422845896
0.090863661966034
0.654082864638836
1.190130276698975
0.351496532127468
-0.000012918345494
0.002718026821744
-0.049123048178889
-0.017134809406656
0.046118260844672
0.057651055642213
-0.024864421937671
-0.146959484155050
-0.087978418885611
0.806213944906950
0.031198323843655
0.011724022233581
-0.036679882934102
-0.012344161753387
0.051570732508654
0.074373871372780
-0.018667090463231
-0.128383383416753
0.023981601595694
1.000001517258958
