4
-1.000000000000000
-0.447213595499958
0.447213595499958
1.000000000000000
8
-1.000000000000000
-0.714285714285714
-0.428571428571429
-0.142857142857143
0.142857142857143
0.428571428571428
0.714285714285714
1.000000000000000
0.949811453016104
0.291189874530327
-0.043116172833902
-0.147466544552773
-0.103408688566240
-0.005890989021524
0.055392586005831
-0.000088435810354
1.000394234968743
0.332464761239475
-0.014576259475219
-0.127972820104584
-0.095833442163177
-0.002255692867809
0.072150044201057
0.024209946121684
-0.000661029834415
0.794922422941485
0.999139228316280
0.807290340515065
0.413738122287070
-0.002408512920891
-0.234061433276684
-0.071550729572455
0.096357478070154
0.871728487024947
1.047261007620219
0.835277979344312
0.418719996795147
0.021331378602637
-0.182812697704036
0.000322375803304
-0.071550729572455
-0.234061433276684
-0.002408512920891
0.413738122287070
0.807290340515065
0.999139228316280
0.794922422941485
-0.000661029834415
0.000322375803304
-0.182812697704036
0.021331378602637
0.418719996795147
0.835277979344312
1.047261007620219
0.871728487024947
0.096357478070154
-0.000088435810354
0.055392586005831
-0.005890989021524
-0.103408688566240
-0.147466544552773
-0.043116172833902
0.291189874530327
0.949811453016104
0.024209946121684
0.072150044201057
-0.002255692867809
-0.095833442163177
-0.127972820104584
-0.014576259475219
0.332464761239475
1.000394234968743
