4
-1.000000000000000
-0.447213595499958
0.447213595499958
1.000000000000000
5
-1.000000000000000
-0.707106781186548
-0.000000000000000
0.707106781186547
1.000000000000000
0.999843363948431
0.114295421293363
-0.242366572732326
0.054916478527523
-0.000156636051569
1.000376645180385
0.320083521472477
-0.124779448256802
0.074315193892885
0.023194249578223
-0.000704995039318
0.806604884401309
0.616863594398475
-0.399244415219759
-0.003354686176438
0.000508491192111
1.179024337303115
0.784269605886262
-0.181604884401309
0.000484985910501
-0.003354686176438
-0.399244415219759
0.616863594398475
0.806604884401309
-0.000704995039318
0.000484985910501
-0.181604884401309
0.784269605886262
1.179024337303115
0.000508491192111
-0.000156636051569
0.054916478527523
-0.242366572732326
0.114295421293363
0.999843363948431
0.023194249578223
0.074315193892885
-0.124779448256802
0.320083521472477
1.000376645180385
