5
-1.000000000000000
-0.654653670707977
0.000000000000000
0.654653670707977
1.000000000000000
19
-1.000000000000000
-0.990575475314417
-0.950675521768768
-0.880239153726986
-0.781514003896801
-0.657671159216691
-0.512690537086477
-0.351231763453876
-0.178484181495848
0.000000000000000
0.178484181495848
0.351231763453876
0.512690537086477
0.657671159216691
0.781514003896801
0.880239153726986
0.950675521768768
0.990575475314417
1.000000000000000
0.999915786833013
0.952347848779886
0.765631481860035
0.490205683463662
0.206265237504452
-0.013246347218160
-0.126743518340445
-0.135461578346263
-0.075272992813748
-0.000038019672696
0.050897167427540
0.060780441116652
0.036170964301981
-0.001713700702684
-0.030061692447486
-0.034509162592864
-0.021193083011373
-0.004882938428017
-0.000084213166988
1.000697535763369
0.953711338091625
0.771105561574843
0.501566732861189
0.222151577604172
0.004106024540115
-0.112451735769462
-0.126439010764652
-0.072708523022237
0.003606379164729
0.056965722985989
0.065855821732707
0.038829185416494
-0.000445530136639
-0.026911572920129
-0.031645118141487
-0.019249956774467
-0.004226995719114
0.000434805491956
-0.001300610173907
0.062108732467536
0.299797038754847
0.620881198762414
0.891573557282427
0.999335396565778
0.900562344360323
0.631743827264858
0.285514193901301
-0.018323023520078
-0.187317066119375
-0.205984491049184
-0.115417163816014
0.001678883991567
0.078241444141322
0.090788237778912
0.054904188393098
0.012254675331674
-0.000903919412466
0.000310810349912
0.064736600771970
0.310428935929347
0.641592659148495
0.920135882036361
1.027587474151532
0.921145463362714
0.639185559955517
0.294165685396679
0.000001000000000
-0.167954314871371
-0.190462174702255
-0.109295723258457
0.005604852290699
0.087232027196511
0.098611083192432
0.060090108205155
0.013827222143947
0.000310810349915
-0.000581475904206
-0.026444388983119
-0.114459010417302
-0.196915433731125
-0.182659989857076
-0.019315789464388
0.281715347318019
0.623737765684183
0.895901296728827
0.999998999999999
0.895901296728829
0.623737765683693
0.281715347747213
-0.019315790168978
-0.182659989155305
-0.196915434353568
-0.114459009987900
-0.026444389181260
-0.000581475904209
0.000938214527766
-0.023977087618162
-0.106686169394766
-0.181720388707475
-0.165184343554239
-0.004803844237490
0.285468675750876
0.636330465122786
0.920441506357587
1.027670513027077
0.920441506357588
0.636330465116570
0.285468675746462
-0.004803844237661
-0.165184343554240
-0.181720388707477
-0.106686169394769
-0.023977087618247
0.000938214528094
-0.000903919412466
0.012254675331674
0.054904188393098
0.090788237778912
0.078241444141322
0.001678883991567
-0.115417163816014
-0.205984491049184
-0.187317066119375
-0.018323023520078
0.285514193901301
0.631743827264858
0.900562344360323
0.999335396565778
0.891573557282427
0.620881198762414
0.299797038754847
0.062108732467536
-0.001300610173907
0.000310810349915
0.013827222143947
0.060090108205155
0.098611083192432
0.087232027196511
0.005604852290699
-0.109295723258457
-0.190462174702255
-0.167954314871371
0.000001000000000
0.294165685396679
0.639185559955517
0.921145463362714
1.027587474151532
0.920135882036361
0.641592659148495
0.310428935929347
0.064736600771970
0.000310810349912
-0.000084213166988
-0.004882938428017
-0.021193083011373
-0.034509162592864
-0.030061692447486
-0.001713700702684
0.036170964301981
0.060780441116652
0.050897167427540
-0.000038019672696
-0.075272992813748
-0.135461578346263
-0.126743518340445
-0.013246347218160
0.206265237504452
0.490205683463662
0.765631481860035
0.952347848779886
0.999915786833013
0.000434805491956
-0.004226995719114
-0.019249956774467
-0.031645118141487
-0.026911572920129
-0.000445530136639
0.038829185416494
0.065855821732707
0.056965722985989
0.003606379164729
-0.072708523022237
-0.126439010764652
-0.112451735769462
0.004106024540115
0.222151577604172
0.501566732861189
0.771105561574843
0.953711338091625
1.000697535763369
