7
-1.000000000000000
-0.830223896278567
-0.468848793470714
0.000000000000000
0.468848793470714
0.830223896278567
1.000000000000000
12
-1.000000000000000
-0.973906528517172
-0.865063366688985
-0.679409568299024
-0.433395394129247
-0.148874338981631
0.148874338981631
0.433395394129247
0.679409568299024
0.865063366688985
0.973906528517172
1.000000000000000
0.999901864881366
0.709316562508915
-0.011887369040367
-0.186481044216035
0.020465260616276
0.046513863506864
-0.052035460239409
-0.017706731552559
0.024667950753189
-0.009998294781236
-0.020604494820235
-0.000098135118637
1.001903438017003
0.750780843323675
0.103875271501629
-0.128036661076115
0.055100836017841
0.075303259592963
-0.032619247708856
-0.002650401403692
0.041627981915946
-0.005679245375122
-0.008004366521194
0.001903438017000
-0.003295466145460
0.324742331669321
0.970016210323338
0.658717129513945
-0.207127522232528
-0.202869424916942
0.094371972099368
0.008693009432722
-0.110479470475855
0.016831013343280
0.022841056738622
-0.003295466145463
0.000226789062702
0.406984915123916
1.159103119134667
0.716294596685899
-0.070578916302290
-0.140095917746225
0.147000308975972
0.046610094854109
-0.066200416760270
0.026595406347676
0.054241788885956
0.000226789062700
-0.000153959388931
-0.219572949586961
-0.164114068459598
0.593857435625519
0.988918495130548
0.322314612565720
-0.326116073730712
-0.046757385883201
0.108904015412657
-0.042346511396582
-0.084364203860106
-0.000153959388936
0.002010900233724
-0.114574275430658
-0.106518940052392
0.704906881381795
1.158634477517401
0.382372566822588
-0.191289578464198
-0.016356602140479
0.181224327952557
-0.029998512811710
-0.038804998454775
0.002010900233718
-0.000795983422632
0.063461169456526
0.051847944338817
-0.319799377307710
0.006767727747762
0.850463226894109
0.850463226894109
0.006767727747726
-0.319799377307667
0.051847944338819
0.063461169498815
-0.000795983422630
0.000236816916272
0.131506867177447
0.071113200213641
-0.195605066362285
0.086161369554991
1.000229802907896
1.000229802907893
0.086161369554989
-0.195605066362202
0.071113200153450
0.131506867263344
0.000236816916275
-0.000153959388936
-0.084364203860106
-0.042346511396582
0.108904015412657
-0.046757385883201
-0.326116073730712
0.322314612565720
0.988918495130548
0.593857435625519
-0.164114068459598
-0.219572949586961
-0.000153959388931
0.002010900233718
-0.038804998454775
-0.029998512811710
0.181224327952557
-0.016356602140479
-0.191289578464198
0.382372566822588
1.158634477517401
0.704906881381795
-0.106518940052392
-0.114574275430658
0.002010900233724
-0.003295466145463
0.022841056738622
0.016831013343280
-0.110479470475855
0.008693009432722
0.094371972099368
-0.202869424916942
-0.207127522232528
0.658717129513945
0.970016210323338
0.324742331669321
-0.003295466145460
0.000226789062700
0.054241788885956
0.026595406347676
-0.066200416760270
0.046610094854109
0.147000308975972
-0.140095917746225
-0.070578916302290
0.716294596685899
1.159103119134667
0.406984915123916
0.000226789062702
-0.000098135118637
-0.020604494820235
-0.009998294781236
0.024667950753189
-0.017706731552559
-0.052035460239409
0.046513863506864
0.020465260616276
-0.186481044216035
-0.011887369040367
0.709316562508915
0.999901864881366
0.001903438017000
-0.008004366521194
-0.005679245375122
0.041627981915946
-0.002650401403692
-0.032619247708856
0.075303259592963
0.055100836017841
-0.128036661076115
0.103875271501629
0.750780843323675
1.001903438017003
