6
-1.000000000000000
-0.765055323929465
-0.285231516480645
0.285231516480645
0.765055323929466
1.000000000000000
19
-1.000000000000000
-0.990575475314417
-0.950675521768768
-0.880239153726986
-0.781514003896801
-0.657671159216691
-0.512690537086477
-0.351231763453876
-0.178484181495848
0.000000000000000
0.178484181495848
0.351231763453876
0.512690537086477
0.657671159216691
0.781514003896801
0.880239153726986
0.950675521768768
0.990575475314417
1.000000000000000
0.999876969265224
0.928057178389553
0.658699689582364
0.301623889942841
0.005374719299467
-0.138597781320397
-0.125908525375513
-0.034535286314238
0.042354725620721
0.062499000000000
0.029428790131038
-0.019934046362989
-0.042930313514649
-0.026584802382753
0.003757565041373
0.020569436758917
0.016942201902380
0.004353517406401
-0.000260018096565
1.001507313599789
0.931193752013154
0.670589434816003
0.324653473979936
0.031972803465630
-0.116027918708878
-0.115673051481244
-0.031008584794477
0.052024013588953
0.070567559597054
0.032470801048415
-0.015826093732067
-0.036811578231534
-0.023398669136951
0.005510899151739
0.024399726775704
0.019587019852706
0.005723226373842
0.000708730819663
-0.002757198070753
0.092091870737253
0.424577043159944
0.802807668676443
0.995758610993109
0.885365795094330
0.531754394882414
0.103752457312384
-0.173597498189819
-0.218145661450482
-0.093704917998978
0.046403597440845
0.104545981367977
0.065639195636568
-0.014646619590145
-0.065778927262192
-0.052404957042906
-0.014807197498294
-0.001286226128537
0.000446093168454
0.098056954215998
0.446985400664374
0.843622506194614
1.039824679738349
0.915375388368136
0.537805900140331
0.128953524253536
-0.141406398061176
-0.194545736321498
-0.087481180649209
0.058152457004280
0.121177343800493
0.073553186267603
-0.010205684716466
-0.055898908673680
-0.045782036079269
-0.011646060395420
0.000814883483922
-0.000606835272795
-0.039914652226399
-0.160324859954205
-0.213818732271271
-0.062352664068274
0.306953846054023
0.717928102445225
0.975428964852533
0.940822773177462
0.631726054415534
0.203000622796112
-0.130966793781201
-0.230721842711543
-0.134072500853303
0.018097083914442
0.095709751647626
0.077093144203603
0.019533420998102
-0.001213852162084
0.001931444312388
-0.035503927692789
-0.143397214935959
-0.187818849322539
-0.039357805631380
0.312159922851516
0.745803352838463
1.017904103641337
0.979371250564547
0.647807486701207
0.217249786449802
-0.100397137211440
-0.204277842751874
-0.121385157169372
0.025170898067708
0.111273549713554
0.086509038685646
0.023377846840895
0.000883841214692
-0.001213852162084
0.019533420998102
0.077093144203603
0.095709751647626
0.018097083914442
-0.134072500853303
-0.230721842711543
-0.130966793781201
0.203000622796112
0.631726054415534
0.940822773177462
0.975428964852533
0.717928102445225
0.306953846054023
-0.062352664068274
-0.213818732271271
-0.160324859954205
-0.039914652226399
-0.000606835272795
0.000883841214692
0.023377846840895
0.086509038685646
0.111273549713554
0.025170898067708
-0.121385157169372
-0.204277842751874
-0.100397137211440
0.217249786449802
0.647807486701207
0.979371250564547
1.017904103641337
0.745803352838463
0.312159922851516
-0.039357805631380
-0.187818849322539
-0.143397214935959
-0.035503927692789
0.001931444312388
-0.001286226128537
-0.014807197498294
-0.052404957042906
-0.065778927262192
-0.014646619590145
0.065639195636568
0.104545981367977
0.046403597440845
-0.093704917998978
-0.218145661450482
-0.173597498189819
0.103752457312384
0.531754394882414
0.885365795094330
0.995758610993109
0.802807668676443
0.424577043159944
0.092091870737253
-0.002757198070753
0.000814883483922
-0.011646060395420
-0.045782036079269
-0.055898908673680
-0.010205684716466
0.073553186267603
0.121177343800493
0.058152457004280
-0.087481180649209
-0.194545736321498
-0.141406398061176
0.128953524253536
0.537805900140331
0.915375388368136
1.039824679738349
0.843622506194614
0.446985400664374
0.098056954215998
0.000446093168454
-0.000260018096565
0.004353517406401
0.016942201902380
0.020569436758917
0.003757565041373
-0.026584802382753
-0.042930313514649
-0.019934046362989
0.029428790131038
0.062499000000000
0.042354725620721
-0.034535286314238
-0.125908525375513
-0.138597781320397
0.005374719299467
0.301623889942841
0.658699689582364
0.928057178389553
0.999876969265224
0.000708730819663
0.005723226373842
0.019587019852706
0.024399726775704
0.005510899151739
-0.023398669136951
-0.036811578231534
-0.015826093732067
0.032470801048415
0.070567559597054
0.052024013588953
-0.031008584794477
-0.115673051481244
-0.116027918708878
0.031972803465630
0.324653473979936
0.670589434816003
0.931193752013154
1.001507313599789
