3
-1.000000000000000
0.000000000000000
1.000000000000000
9
-1.000000000000000
-0.923879532511287
-0.707106781186548
-0.382683432365090
-0.000000000000000
0.382683432365090
0.707106781186547
0.923879532511287
1.000000000000000
0.999998520163798
0.885810676513507
0.593673610737767
0.247661447136230
-0.019766880455569
-0.135021985228394
-0.113433170448600
-0.038068855998355
-0.000001479836202
1.000192235847948
0.888907007852430
0.603680498890254
0.264643857325217
0.000001000000000
-0.118039575039873
-0.103426282296295
-0.034972524658600
0.000192235847948
-0.000383471696027
0.146066516826955
0.499746783116194
0.853396717688755
0.999999000000000
0.853396717688132
0.499746783404450
0.146066516791700
-0.000383471696027
0.000002002002992
0.152260490233016
0.519752551925578
0.887367397636839
1.039524316502720
0.887367397636839
0.519752551925578
0.152260490233014
0.000002002002992
-0.000001479836202
-0.038068855998355
-0.113433170448600
-0.135021985228394
-0.019766880455569
0.247661447136230
0.593673610737767
0.885810676513507
0.999998520163798
0.000192235847948
-0.034972524658600
-0.103426282296295
-0.118039575039873
0.000001000000000
0.264643857325217
0.603680498890254
0.888907007852430
1.000192235847948
