6
-1.000000000000000
-0.765055323929465
-0.285231516480645
0.285231516480645
0.765055323929466
1.000000000000000
17
-1.000000000000000
-0.987992518020485
-0.937273392400706
-0.848206583410427
-0.724417731360170
-0.570972172608539
-0.394151347077563
-0.201194093997435
0.000000000000000
0.201194093997435
0.394151347077563
0.570972172608539
0.724417731360170
0.848206583410427
0.937273392400706
0.987992518020485
1.000000000000000
0.999866999970252
0.908106347484173
0.575427595496217
0.175686881072429
-0.093046828144308
-0.149889628419911
-0.059996682892410
0.034980677059577
0.062499000000000
0.023217255967698
-0.030731749629686
-0.042067543816701
-0.010751283818418
0.016947291870907
0.019194738132643
0.005378785864189
-0.000133000029749
1.000528855810815
0.912962114424303
0.594224225106623
0.207767796539759
-0.060745553235589
-0.130617456835930
-0.056776110798511
0.046697053451504
0.072749138758218
0.025729587855774
-0.024831183340623
-0.035250553109385
-0.009183048322899
0.020411620440593
0.023296638240846
0.006706772214628
0.000528855810814
-0.000944911790911
0.116156327972748
0.515673616984593
0.902870133754966
0.981312313480990
0.688251048444363
0.202193432573621
-0.160893311446192
-0.223125933860327
-0.074036186024544
0.071737866874111
0.099292182679938
0.025842847655350
-0.055842218351192
-0.062102977650419
-0.017842553273524
-0.000944911790908
0.000379055829448
0.124914633885598
0.551296388184802
0.957460970874572
1.032084458139722
0.704820516107309
0.226580180581470
-0.118147158724429
-0.194642252632471
-0.068029987624891
0.089964014213844
0.116191932608070
0.030035502849722
-0.046247740390767
-0.052026564361681
-0.014513772305780
0.000379055829451
-0.000805272377972
-0.052637173398659
-0.188090726915903
-0.198381675199760
0.094006322771182
0.565954679556526
0.934214426409936
0.962073510331470
0.631541324071634
0.145510903330405
-0.190469342991337
-0.215809483785863
-0.052377929239472
0.079559042311402
0.087542340787593
0.024022485772696
-0.000805272377975
0.000672924752958
-0.044308289533568
-0.164910704455180
-0.161193739143379
0.110458577941559
0.589426766754872
0.985644123214839
1.014016886167628
0.652478746256922
0.167019865674440
-0.149615364502737
-0.188675700007793
-0.046366607815736
0.096937078221964
0.102393150475153
0.029214528066949
0.000672924752954
-0.000805272377975
0.024022485772696
0.087542340787593
0.079559042311402
-0.052377929239472
-0.215809483785863
-0.190469342991337
0.145510903330405
0.631541324071634
0.962073510331470
0.934214426409936
0.565954679556526
0.094006322771182
-0.198381675199760
-0.188090726915903
-0.052637173398659
-0.000805272377972
0.000672924752954
0.029214528066949
0.102393150475153
0.096937078221964
-0.046366607815736
-0.188675700007793
-0.149615364502737
0.167019865674440
0.652478746256922
1.014016886167628
0.985644123214839
0.589426766754872
0.110458577941559
-0.161193739143379
-0.164910704455180
-0.044308289533568
0.000672924752958
-0.000944911790908
-0.017842553273524
-0.062102977650419
-0.055842218351192
0.025842847655350
0.099292182679938
0.071737866874111
-0.074036186024544
-0.223125933860327
-0.160893311446192
0.202193432573621
0.688251048444363
0.981312313480990
0.902870133754966
0.515673616984593
0.116156327972748
-0.000944911790911
0.000379055829451
-0.014513772305780
-0.052026564361681
-0.046247740390767
0.030035502849722
0.116191932608070
0.089964014213844
-0.068029987624891
-0.194642252632471
-0.118147158724429
0.226580180581470
0.704820516107309
1.032084458139722
0.957460970874572
0.551296388184802
0.124914633885598
0.000379055829448
-0.000133000029749
0.005378785864189
0.019194738132643
0.016947291870907
-0.010751283818418
-0.042067543816701
-0.030731749629686
0.023217255967698
0.062499000000000
0.034980677059577
-0.059996682892410
-0.149889628419911
-0.093046828144308
0.175686881072429
0.575427595496217
0.908106347484173
0.999866999970252
0.000528855810814
0.006706772214628
0.023296638240846
0.020411620440593
-0.009183048322899
-0.035250553109385
-0.024831183340623
0.025729587855774
0.072749138758218
0.046697053451504
-0.056776110798511
-0.130617456835930
-0.060745553235589
0.207767796539759
0.594224225106623
0.912962114424303
1.000528855810815
