6
-1.000000000000000
-0.765055323929465
-0.285231516480645
0.285231516480645
0.765055323929466
1.000000000000000
15
-1.000000000000000
-0.857142857142857
-0.714285714285714
-0.571428571428571
-0.428571428571429
-0.285714285714286
-0.142857142857143
0.000000000000000
0.142857142857143
0.285714285714286
0.428571428571428
0.571428571428571
0.714285714285714
0.857142857142857
1.000000000000000
0.915331252509271
0.178878239748542
-0.100212224102099
-0.146521150243813
-0.078508127202516
-0.000302926035987
0.051564020141821
0.062482654617230
0.038622924670662
-0.001659086824696
-0.034345340357058
-0.040132818963121
-0.013793625737255
0.018298666805496
-0.000121092241448
1.001326514767173
0.237896668471469
-0.071534997875242
-0.129604987850066
-0.075757473537588
0.004837548904816
0.058800245140016
0.068312601357636
0.042262062871121
0.001188670373589
-0.029581088385940
-0.034374676012375
-0.010789852429315
0.026775350014147
0.016617971190700
-0.002379014299373
0.879328935599840
0.969879858516078
0.687815745193504
0.299292936651317
-0.021589926741487
-0.190290283561016
-0.211418612566293
-0.123147362721282
-0.001972847573361
0.085766238640696
0.097637800816598
0.031071247341849
-0.071750300734659
-0.043537877102059
0.157430218700378
0.983553985330575
1.010714723576251
0.705532652330157
0.311932552239175
0.000939751869475
-0.169335653090678
-0.194607301145992
-0.115860309907777
0.005360578240884
0.098334501660955
0.112039348828065
0.037879655885680
-0.049916035781995
0.000335854017410
-0.112932499720891
-0.239662379277887
0.130816600624385
0.564741586203588
0.886119210767808
0.999700519409508
0.896568742920100
0.631692533262817
0.292995295758076
-0.018655306228833
-0.200088100199577
-0.210148297086133
-0.065579230940371
0.085824579706080
-0.000609169889116
0.001493907320304
-0.171432814800902
0.140617864718817
0.582187288823126
0.916772873526487
1.029037821293826
0.920713210693301
0.642198781183659
0.299748065642329
0.000501021763982
-0.176969969599880
-0.187427991160183
-0.058386464771491
0.120823873595470
0.068789035534742
-0.000609169889116
0.085824579706080
-0.065579230940371
-0.210148297086133
-0.200088100199577
-0.018655306228833
0.292995295758076
0.631692533262817
0.896568742920100
0.999700519409508
0.886119210767808
0.564741586203588
0.130816600624385
-0.239662379277887
-0.112932499720891
0.068789035534742
0.120823873595470
-0.058386464771491
-0.187427991160183
-0.176969969599880
0.000501021763982
0.299748065642329
0.642198781183659
0.920713210693301
1.029037821293826
0.916772873526487
0.582187288823126
0.140617864718817
-0.171432814800902
0.001493907320304
-0.043537877102059
-0.071750300734659
0.031071247341849
0.097637800816598
0.085766238640696
-0.001972847573361
-0.123147362721282
-0.211418612566293
-0.190290283561016
-0.021589926741487
0.299292936651317
0.687815745193504
0.969879858516078
0.879328935599840
-0.002379014299373
0.000335854017410
-0.049916035781995
0.037879655885680
0.112039348828065
0.098334501660955
0.005360578240884
-0.115860309907777
-0.194607301145992
-0.169335653090678
0.000939751869475
0.311932552239175
0.705532652330157
1.010714723576251
0.983553985330575
0.157430218700378
-0.000121092241448
0.018298666805496
-0.013793625737255
-0.040132818963121
-0.034345340357058
-0.001659086824696
0.038622924670662
0.062482654617230
0.051564020141821
-0.000302926035987
-0.078508127202516
-0.146521150243813
-0.100212224102099
0.178878239748542
0.915331252509271
0.016617971190700
0.026775350014147
-0.010789852429315
-0.034374676012375
-0.029581088385940
0.001188670373589
0.042262062871121
0.068312601357636
0.058800245140016
0.004837548904816
-0.075757473537588
-0.129604987850066
-0.071534997875242
0.237896668471469
1.001326514767173
