7
-1.000000000000000
-0.830223896278567
-0.468848793470714
0.000000000000000
0.468848793470714
0.830223896278567
1.000000000000000
12
-1.000000000000000
-0.959492973614497
-0.841253532831181
-0.654860733945285
-0.415415013001886
-0.142314838273285
0.142314838273285
0.415415013001886
0.654860733945285
0.841253532831181
0.959492973614497
1.000000000000000
0.999875216175323
0.573589742563684
-0.074118877535503
-0.164927108523073
0.029482590237499
0.044714593454391
-0.050251174233426
-0.022098988288527
0.025374916542133
-0.004419352305391
-0.022851856181332
-0.000124783824680
1.001354350672934
0.629488661558020
0.028736356324481
-0.120737520475776
0.061724565394944
0.068779560319700
-0.032439334332534
-0.009184802674248
0.040058195229410
-0.000869154142505
-0.011716074145517
0.001354350672931
-0.002291109053106
0.473799164458326
0.997176744788972
0.557189563584824
-0.226997192964951
-0.183691133865604
0.093405060594595
0.025965700736608
-0.106846440698056
0.004060153457397
0.032211535927812
-0.002291109053108
0.000329537851394
0.583274315207680
1.157831252226361
0.606284477634998
-0.100273959623913
-0.134382306057354
0.142175106095027
0.059015582840563
-0.068177133647120
0.011802994986145
0.060391800813887
0.000329537851391
-0.000622640901354
-0.265897762996737
-0.088552373688356
0.679775055226074
0.974711763507133
0.307335007338613
-0.311995571901047
-0.073093549885418
0.112424170696429
-0.019109180160092
-0.095086268194716
-0.000622640901359
0.001303324843622
-0.155762099215218
-0.036882230612412
0.796760292173629
1.125486983178603
0.356806941833814
-0.188807480824521
-0.044616279081907
0.176425987566860
-0.009261674395273
-0.052683315033454
0.001303324843615
-0.000882657938903
0.084512601426337
0.016848478653002
-0.321672595207637
0.066317420742109
0.863338154705999
0.863338154704733
0.066317421159293
-0.321672595697658
0.016848478657150
0.084512601452480
-0.000882657938900
0.000836824099262
0.152098527786155
0.032250777398474
-0.205202241283752
0.134161852417132
1.000829810090876
1.000829810090892
0.134161852417550
-0.205202241237078
0.032250778015682
0.152098526768269
0.000836824099265
-0.000622640901359
-0.095086268194716
-0.019109180160092
0.112424170696429
-0.073093549885418
-0.311995571901047
0.307335007338613
0.974711763507133
0.679775055226074
-0.088552373688356
-0.265897762996737
-0.000622640901354
0.001303324843615
-0.052683315033454
-0.009261674395273
0.176425987566860
-0.044616279081907
-0.188807480824521
0.356806941833814
1.125486983178603
0.796760292173629
-0.036882230612412
-0.155762099215218
0.001303324843622
-0.002291109053108
0.032211535927812
0.004060153457397
-0.106846440698056
0.025965700736608
0.093405060594595
-0.183691133865604
-0.226997192964951
0.557189563584824
0.997176744788972
0.473799164458326
-0.002291109053106
0.000329537851391
0.060391800813887
0.011802994986145
-0.068177133647120
0.059015582840563
0.142175106095027
-0.134382306057354
-0.100273959623913
0.606284477634998
1.157831252226361
0.583274315207680
0.000329537851394
-0.000124783824680
-0.022851856181332
-0.004419352305391
0.025374916542133
-0.022098988288527
-0.050251174233426
0.044714593454391
0.029482590237499
-0.164927108523073
-0.074118877535503
0.573589742563684
0.999875216175323
0.001354350672931
-0.011716074145517
-0.000869154142505
0.040058195229410
-0.009184802674248
-0.032439334332534
0.068779560319700
0.061724565394944
-0.120737520475776
0.028736356324481
0.629488661558020
1.001354350672934
