8
-1.000000000000000
-0.871740148509605
-0.591700181433143
-0.209299217902479
0.209299217902479
0.591700181433143
0.871740148509605
1.000000000000000
13
-1.000000000000000
-0.978228658146057
-0.887062599768095
-0.730152005574049
-0.519096129206812
-0.269543155952345
0.000000000000000
0.269543155952345
0.519096129206812
0.730152005574049
0.887062599768095
0.978228658146057
1.000000000000000
0.999759248536885
0.670711375481806
-0.072539880797127
-0.167638941535733
0.045443847252870
0.014421425109512
-0.063369845275293
0.013250319309981
0.014153934685026
-0.027782700127195
0.001582860575860
0.007802303432675
-0.000240751463110
1.002723891991825
0.725443065985586
0.055318782680257
-0.115200212856073
0.085326107852494
0.043031924588780
-0.036538436184235
0.028083330708024
0.030752218045451
-0.015732065262457
0.007547297610994
0.019756988118290
0.002723891991830
-0.004639284283880
0.356574469887253
0.990351817557837
0.493118982495407
-0.302196691203827
-0.094464156275948
0.104734015787848
-0.073299507909383
-0.078776917099739
0.043780471416619
-0.017059021565569
-0.049212288400917
-0.004639284283882
0.000886885780231
0.469846678399976
1.186421402962050
0.577053552987822
-0.150528645162456
-0.039642860731257
0.179699770930833
-0.035573935035419
-0.037299998305568
0.073877123599023
-0.004518164951207
-0.020001950816110
0.000886885780229
-0.001302223434079
-0.258044951556192
-0.120302522819151
0.709441794039369
0.930197771351584
0.051412826100842
-0.335349174872095
0.060212664355659
0.059530591762794
-0.117352049409822
0.009511684782476
0.030010746450985
-0.001302223434053
0.002439676829372
-0.124737878857618
-0.065369474292191
0.885153212060848
1.087773335408320
0.166000585079194
-0.202432089240704
0.118732758660336
0.119374160374423
-0.072230361272380
0.021339639511188
0.069359319392506
0.002439676829397
-0.000658585838185
0.069631633373967
0.031259772807049
-0.356224405154949
0.180509877211166
0.964442425622711
0.633804392108379
-0.240745641123735
-0.179551827680269
0.114881066155654
-0.029034292375118
-0.098176601653790
-0.000658585838217
0.000940818652652
0.152451143367169
0.047976570166379
-0.207364283448978
0.240581023914828
1.156522044793272
0.741686563809437
-0.120831584887492
-0.097961974785964
0.189581780612586
-0.018543402184241
-0.044570426648046
0.000940818652620
-0.000658585838217
-0.098176601653790
-0.029034292375118
0.114881066155654
-0.179551827680269
-0.240745641123735
0.633804392108379
0.964442425622711
0.180509877211166
-0.356224405154949
0.031259772807049
0.069631633373967
-0.000658585838185
0.000940818652620
-0.044570426648046
-0.018543402184241
0.189581780612586
-0.097961974785964
-0.120831584887492
0.741686563809437
1.156522044793272
0.240581023914828
-0.207364283448978
0.047976570166379
0.152451143367169
0.000940818652652
-0.001302223434053
0.030010746450985
0.009511684782476
-0.117352049409822
0.059530591762794
0.060212664355659
-0.335349174872095
0.051412826100842
0.930197771351584
0.709441794039369
-0.120302522819151
-0.258044951556192
-0.001302223434079
0.002439676829397
0.069359319392506
0.021339639511188
-0.072230361272380
0.119374160374423
0.118732758660336
-0.202432089240704
0.166000585079194
1.087773335408320
0.885153212060848
-0.065369474292191
-0.124737878857618
0.002439676829372
-0.004639284283882
-0.049212288400917
-0.017059021565569
0.043780471416619
-0.078776917099739
-0.073299507909383
0.104734015787848
-0.094464156275948
-0.302196691203827
0.493118982495407
0.990351817557837
0.356574469887253
-0.004639284283880
0.000886885780229
-0.020001950816110
-0.004518164951207
0.073877123599023
-0.037299998305568
-0.035573935035419
0.179699770930833
-0.039642860731257
-0.150528645162456
0.577053552987822
1.186421402962050
0.469846678399976
0.000886885780231
-0.000240751463110
0.007802303432675
0.001582860575860
-0.027782700127195
0.014153934685026
0.013250319309981
-0.063369845275293
0.014421425109512
0.045443847252870
-0.167638941535733
-0.072539880797127
0.670711375481806
0.999759248536885
0.002723891991830
0.019756988118290
0.007547297610994
-0.015732065262457
0.030752218045451
0.028083330708024
-0.036538436184235
0.043031924588780
0.085326107852494
-0.115200212856073
0.055318782680257
0.725443065985586
1.002723891991825
