3
-1.000000000000000
0.000000000000000
1.000000000000000
16
-1.000000000000000
-0.969568046269720
-0.899200533094528
-0.792008291861017
-0.652388702882773
-0.486059421887093
-0.299830468900765
-0.101326273521950
0.101326273521949
0.299830468900764
0.486059421887142
0.652388702882451
0.792008291861938
0.899200533093325
0.969568046270279
1.000000000000000
0.999986910532264
0.954487981522304
0.852873936325422
0.707698045222232
0.536012333191255
0.357190355460119
0.190140934466026
0.050662136760840
-0.050664136760841
-0.109689534434935
-0.128869066427110
-0.116376369691087
-0.084310246639085
-0.046326596768780
-0.015080064747726
-0.000013089467788
1.000062059455774
0.954871065092264
0.853918580371235
0.709689753577678
0.539000861265920
0.361165372203695
0.194873790397521
0.055835912538676
-0.045490360983273
-0.104956678503244
-0.124894049683403
-0.113387841616875
-0.082318538283134
-0.045281952682776
-0.014696981166898
0.000062059455774
-0.000123118911281
0.059826916056020
0.191364372205555
0.372629784808391
0.574387980350932
0.763729677479969
0.910083888105990
0.989655448444864
0.989655448444864
0.910083888105991
0.763729677479930
0.574387980351302
0.372629784812571
0.191364372362210
0.059826916068281
-0.000123118911281
0.000025178935743
0.060591083225302
0.193451660443654
0.376611201418190
0.580363036500120
0.771677710962838
0.919547599973632
1.000001000000004
1.000000999999995
0.919547599973642
0.771677710962791
0.580363036507892
0.376611201408448
0.193451660449282
0.060591083222325
0.000025178936105
-0.000013089467788
-0.015080064747726
-0.046326596768780
-0.084310246639085
-0.116376369691087
-0.128869066427110
-0.109689534434935
-0.050664136760841
0.050662136760840
0.190140934466026
0.357190355460119
0.536012333191255
0.707698045222232
0.852873936325422
0.954487981522304
0.999986910532264
0.000062059455774
-0.014696981166898
-0.045281952682776
-0.082318538283134
-0.113387841616875
-0.124894049683403
-0.104956678503244
-0.045490360983273
0.055835912538676
0.194873790397521
0.361165372203695
0.539000861265920
0.709689753577678
0.853918580371235
0.954871065092264
1.000062059455774
