3
-1.000000000000000
0.000000000000000
1.000000000000000
17
-1.000000000000000
-0.987992518020485
-0.937273392400706
-0.848206583410427
-0.724417731360170
-0.570972172608539
-0.394151347077563
-0.201194093997435
0.000000000000000
0.201194093997435
0.394151347077563
0.570972172608539
0.724417731360170
0.848206583410427
0.937273392400706
0.987992518020485
1.000000000000000
0.999998686209152
0.981943424049320
0.907247669131039
0.782391911989451
0.622136597869825
0.445021847715654
0.270376831112802
0.115894193351290
-0.005180949353558
-0.085299900646156
-0.123774515964751
-0.125950324892912
-0.102281133490327
-0.065814671420990
-0.030025723269661
-0.006049093971175
-0.000001313790848
1.000115887752063
0.982162447799262
0.907962245502045
0.783910140520246
0.624648046540981
0.448546612021324
0.274781886432970
0.120937590058272
0.000001000000000
-0.080256503939162
-0.119369460644594
-0.122425560611665
-0.099769684798308
-0.064296442903198
-0.029311146898254
-0.005830070218333
0.000101694329623
-0.000202388659246
0.023668622425180
0.121349901396597
0.280387302364475
0.475122638233833
0.673879948568779
0.844588574211624
0.959319913880890
0.999999000000000
0.959319913880890
0.844588574211624
0.673879948568779
0.475122638233833
0.280387302364475
0.121349901396598
0.023668622425128
-0.000202388659246
0.000001600399540
0.024105216874045
0.122775783450430
0.283423619940601
0.480141101640471
0.680930262122939
0.853393513701951
0.969408069813115
1.010357447685190
0.969408069811678
0.853393513703284
0.680930262121746
0.480141101640872
0.283423619940351
0.122775783450624
0.024105216873955
0.000001600399540
-0.000001313790848
-0.006049093971175
-0.030025723269661
-0.065814671420990
-0.102281133490327
-0.125950324892912
-0.123774515964751
-0.085299900646156
-0.005180949353558
0.115894193351290
0.270376831112802
0.445021847715654
0.622136597869825
0.782391911989451
0.907247669131039
0.981943424049320
0.999998686209152
0.000101694329623
-0.005830070218333
-0.029311146898254
-0.064296442903198
-0.099769684798308
-0.122425560611665
-0.119369460644594
-0.080256503939162
0.000001000000000
0.120937590058272
0.274781886432970
0.448546612021324
0.624648046540981
0.783910140520246
0.907962245502045
0.982162447799262
1.000115887752063
