6
-1.000000000000000
-0.765055323929465
-0.285231516480645
0.285231516480645
0.765055323929466
1.000000000000000
3
-1.000000000000000
0.000000000000000
1.000000000000000
-0.154877798010801
-0.099606353002230
-0.000002660232771
1.000019323042512
0.062501000000000
0.017430689176780
-0.000002730416925
-0.213941091652680
-0.043291237444297
1.385766130175198
-0.048783341742676
0.271291946166060
-0.255174483990395
0.300837107407938
-0.847984678567937
0.569463811749445
1.196757468813605
0.020308632750283
-0.847984678567937
0.300837107407938
-0.255174483990395
0.020308632750283
1.196757468813605
0.569463811749445
-0.043291237444297
-0.213941091652680
-0.000002730416925
0.271291946166060
-0.048783341742676
1.385766130175198
-0.000002660232771
-0.099606353002230
-0.154877798010801
0.017430689176780
0.062501000000000
1.000019323042512
