6
-1.000000000000000
-0.765055323929465
-0.285231516480645
0.285231516480645
0.765055323929466
1.000000000000000
14
-1.000000000000000
-0.959935045267229
-0.867801053830387
-0.728868599091323
-0.550639402928645
-0.342724013342713
-0.116331868883704
0.116331868883704
0.342724013342714
0.550639402928642
0.728868599091346
0.867801053830307
0.959935045267281
1.000000000000000
0.999180481748643
0.707212215219061
0.236156306410607
-0.100437741597548
-0.148971568670352
-0.029919025932432
0.056819077471248
0.044858023111052
-0.020308298794827
-0.046337563492492
-0.009843913823397
0.019394135508971
0.014684068604543
-0.000169959553737
1.000956038215370
0.727438472113133
0.277146370857036
-0.055187390852811
-0.126720856556780
-0.022961039763506
0.074924695062112
0.052633703997497
-0.013692699625600
-0.036061188763379
-0.007577370488718
0.025205425389031
0.019423023972698
0.001085359388434
-0.001332683616138
0.354571813726436
0.845759828866260
0.985239996036795
0.634791023498170
0.068603831743308
-0.240680754373279
-0.154052275885505
0.040977608209043
0.102609436752535
0.022004644062214
-0.067712709295927
-0.051049980413892
-0.001710246625579
0.001976709616761
0.391619720170579
0.918842958268858
1.054413082897210
0.652146328842416
0.110731159553850
-0.184413734263688
-0.135198637537641
0.059829527226314
0.130009460281710
0.026870052474213
-0.052666015029647
-0.039556722137970
0.000655928244859
-0.002504786721650
-0.147496085397690
-0.232026103654755
0.075003113817798
0.621785667280548
0.981712794173192
0.857627044376631
0.349729029747498
-0.141411544321271
-0.237987887698101
-0.047278354338745
0.090704898973452
0.066727737843787
-0.000723823349696
0.000522446620819
-0.123957423588506
-0.180431272614577
0.097475259472510
0.657675478150625
1.057415222026768
0.910923837710306
0.361920923599919
-0.089884212087697
-0.197517644773259
-0.039876556331739
0.115963673617473
0.082415593980031
0.001339161455206
-0.000723823349696
0.066727737843787
0.090704898973452
-0.047278354338745
-0.237987887698101
-0.141411544321271
0.349729029747498
0.857627044376631
0.981712794173192
0.621785667280548
0.075003113817798
-0.232026103654755
-0.147496085397690
-0.002504786721650
0.001339161455206
0.082415593980031
0.115963673617473
-0.039876556331739
-0.197517644773259
-0.089884212087697
0.361920923599919
0.910923837710306
1.057415222026768
0.657675478150625
0.097475259472510
-0.180431272614577
-0.123957423588506
0.000522446620819
-0.001710246625579
-0.051049980413892
-0.067712709295927
0.022004644062214
0.102609436752535
0.040977608209043
-0.154052275885505
-0.240680754373279
0.068603831743308
0.634791023498170
0.985239996036795
0.845759828866260
0.354571813726436
-0.001332683616138
0.000655928244859
-0.039556722137970
-0.052666015029647
0.026870052474213
0.130009460281710
0.059829527226314
-0.135198637537641
-0.184413734263688
0.110731159553850
0.652146328842416
1.054413082897210
0.918842958268858
0.391619720170579
0.001976709616761
-0.000169959553737
0.014684068604543
0.019394135508971
-0.009843913823397
-0.046337563492492
-0.020308298794827
0.044858023111052
0.056819077471248
-0.029919025932432
-0.148971568670352
-0.100437741597548
0.236156306410607
0.707212215219061
0.999180481748643
0.001085359388434
0.019423023972698
0.025205425389031
-0.007577370488718
-0.036061188763379
-0.013692699625600
0.052633703997497
0.074924695062112
-0.022961039763506
-0.126720856556780
-0.055187390852811
0.277146370857036
0.727438472113133
1.000956038215370
