3
-1.000000000000000
0.000000000000000
1.000000000000000
7
-1.000000000000000
-0.906179845938664
-0.538469310105683
0.000000000000000
0.538469310105683
0.906179845938664
1.000000000000000
0.999998604919302
0.856512414491075
0.383439653390246
-0.042167771484323
-0.155029656714568
-0.049667431445965
-0.000001395080698
1.000270137965440
0.863890798798710
0.414282771251176
0.000001000000000
-0.124186538854507
-0.042289047139954
0.000270137965440
-0.000539275930877
0.178399248341246
0.709904767603331
0.999999000000000
0.709904767603331
0.178399248341247
-0.000539275930878
0.000001700686998
0.193166402824288
0.771563286684362
1.084364654278945
0.771563286684363
0.193166402824737
0.000001700686998
-0.000001395080698
-0.049667431445965
-0.155029656714568
-0.042167771484323
0.383439653390246
0.856512414491075
0.999998604919302
0.000270137965440
-0.042289047139954
-0.124186538854507
0.000001000000000
0.414282771251176
0.863890798798710
1.000270137965440
