5
-1.000000000000000
-0.654653670707977
0.000000000000000
0.654653670707977
1.000000000000000
4
-1.000000000000000
-0.333333333333333
0.333333333333333
1.000000000000000
0.363854996618632
-0.343028366332555
0.061724038532063
-0.072322402117946
1.000001381341846
-0.123455408781612
0.123485103848347
0.000001381341844
-0.000002781960983
0.511261636150114
-0.523031736495565
-0.000002781960980
1.127594059050398
0.892002274986761
-0.194372755333073
0.220564846473687
-0.686689262309505
0.628426857880191
0.628426858333556
-0.686689262923478
0.000004340007675
1.000000999999987
1.000001000000011
0.000004340007672
-0.000002781960980
-0.523031736495565
0.511261636150114
-0.000002781960983
0.220564846473687
-0.194372755333073
0.892002274986761
1.127594059050398
-0.072322402117946
0.061724038532063
-0.343028366332555
0.363854996618632
0.000001381341844
0.123485103848347
-0.123455408781612
1.000001381341846
