3
-1.000000000000000
0.000000000000000
1.000000000000000
7
-1.000000000000000
-0.830223896278567
-0.468848793470714
0.000000000000000
0.468848793470714
0.830223896278567
1.000000000000000
0.999599834408220
0.749729819574649
0.320169569425615
-0.031006261874485
-0.148679224045072
-0.080494076703998
-0.000400165591796
1.000235419366147
0.759912145873494
0.344457385538339
0.000001000000000
-0.124391407932375
-0.070311750405073
0.000235419366147
-0.000469838732157
0.310400604579813
0.779935022310314
0.999999000000000
0.779935022421086
0.310400604524388
-0.000469838732157
0.000799340380524
0.330763212516066
0.828508723910107
1.062011445772778
0.828508723910107
0.330763212516440
0.000799340380482
-0.000400165591796
-0.080494076703998
-0.148679224045072
-0.031006261874485
0.320169569425615
0.749729819574649
0.999599834408220
0.000235419366147
-0.070311750405073
-0.124391407932375
0.000001000000000
0.344457385538339
0.759912145873494
1.000235419366147
