3
-1.000000000000000
0.000000000000000
1.000000000000000
10
-1.000000000000000
-0.939692620785908
-0.766044443118978
-0.500000000000000
-0.173648177666930
0.173648177666930
0.500000000000000
0.766044443118978
0.939692620785908
1.000000000000000
0.999998515271228
0.909538021142532
0.670008974359931
0.363341391675826
0.086820242443842
-0.086822242712505
-0.136663611096891
-0.096031809459127
-0.030156522357499
-0.000001484728773
1.000083370850090
0.911433334420259
0.676480652060277
0.375001827710410
0.101901933636988
-0.071746244029942
-0.124998172223409
-0.089563791048693
-0.028259286356495
0.000083370850090
-0.000165741700181
0.116826951904728
0.413084139043578
0.749997344510590
0.969845310392954
0.969845310392954
0.749997344510590
0.413084139043578
0.116826951904728
-0.000165741700181
0.000002002003004
0.120617544857391
0.426021846547107
0.773321280805839
1.000000999999998
1.000001000000002
0.773321280805837
0.426021846547109
0.120617544852284
0.000002002003004
-0.000001484728773
-0.030156522357499
-0.096031809459127
-0.136663611096891
-0.086822242712505
0.086820242443842
0.363341391675826
0.670008974359931
0.909538021142532
0.999998515271228
0.000083370850090
-0.028259286356495
-0.089563791048693
-0.124998172223409
-0.071746244029942
0.101901933636988
0.375001827710410
0.676480652060277
0.911433334420259
1.000083370850090
