4
-1.000000000000000
-0.447213595499958
0.447213595499958
1.000000000000000
19
-1.000000000000000
-0.990575475314417
-0.950675521768768
-0.880239153726986
-0.781514003896801
-0.657671159216691
-0.512690537086477
-0.351231763453876
-0.178484181495848
0.000000000000000
0.178484181495848
0.351231763453876
0.512690537086477
0.657671159216691
0.781514003896801
0.880239153726986
0.950675521768768
0.990575475314417
1.000000000000000
0.999942471047111
0.971520537263366
0.856109533300424
0.671262771782480
0.450696763362709
0.232239110641907
0.049855103900673
-0.073972656840801
-0.131454834579102
-0.130174009144169
-0.088692972741626
-0.031131216653941
0.019129741555315
0.049694847865274
0.056057611960684
0.043002213207162
0.021695110004589
0.004571584776017
-0.000118659531619
1.000327863451460
0.972093468137561
0.858114995594927
0.675623374109395
0.457508229712597
0.241110505937401
0.059422875387805
-0.064546295286501
-0.123773458375209
-0.124890367352045
-0.086155036608719
-0.030495018522002
0.021520992290340
0.052738572504408
0.059064361980398
0.045064163401038
0.022848528652560
0.004966873908932
0.000201123025439
-0.000598837803736
0.037446830772577
0.187841289717252
0.417537196409105
0.668145520616003
0.875891478318823
0.988888614580967
0.977892751169036
0.846420043276319
0.624717831793030
0.361945347431501
0.110901555188761
-0.076964357810155
-0.177324847506425
-0.190563458239886
-0.142359061010288
-0.070627567354400
-0.015151723186354
-0.000356320876020
0.000207190222363
0.038583600835539
0.191826894129511
0.425790403936004
0.681091773867624
0.892013236361470
1.005927564037558
0.993335048103421
0.857803812341283
0.630347271972808
0.363795803267976
0.117777453709057
-0.067453098103492
-0.166702368113059
-0.181716898870391
-0.136168320306770
-0.067656931897875
-0.014117420267263
0.000384303827955
-0.000356320876020
-0.015151723186354
-0.070627567354400
-0.142359061010288
-0.190563458239886
-0.177324847506425
-0.076964357810155
0.110901555188761
0.361945347431501
0.624717831793030
0.846420043276319
0.977892751169036
0.988888614580967
0.875891478318823
0.668145520616003
0.417537196409105
0.187841289717252
0.037446830772577
-0.000598837803736
0.000384303827955
-0.014117420267263
-0.067656931897875
-0.136168320306770
-0.181716898870391
-0.166702368113059
-0.067453098103492
0.117777453709057
0.363795803267976
0.630347271972808
0.857803812341283
0.993335048103421
1.005927564037558
0.892013236361470
0.681091773867624
0.425790403936004
0.191826894129511
0.038583600835539
0.000207190222363
-0.000118659531619
0.004571584776017
0.021695110004589
0.043002213207162
0.056057611960684
0.049694847865274
0.019129741555315
-0.031131216653941
-0.088692972741626
-0.130174009144169
-0.131454834579102
-0.073972656840801
0.049855103900673
0.232239110641907
0.450696763362709
0.671262771782480
0.856109533300424
0.971520537263366
0.999942471047111
0.000201123025439
0.004966873908932
0.022848528652560
0.045064163401038
0.059064361980398
0.052738572504408
0.021520992290340
-0.030495018522002
-0.086155036608719
-0.124890367352045
-0.123773458375209
-0.064546295286501
0.059422875387805
0.241110505937401
0.457508229712597
0.675623374109395
0.858114995594927
0.972093468137561
1.000327863451460
