3
-1.000000000000000
0.000000000000000
1.000000000000000
10
-1.000000000000000
-0.960289856497536
-0.796666477413627
-0.525532409916329
-0.183434642495650
0.183434642495650
0.525532409916329
0.796666477413627
0.960289856497536
1.000000000000000
0.999998498998229
0.939913713212916
0.709345986897070
0.388269667177530
0.091716321251730
-0.091718321251730
-0.137262742732281
-0.087320490520783
-0.020376143283457
-0.000001501001771
1.000093368622703
0.941289798334723
0.715672976837392
0.400950553877369
0.108588729171090
-0.074845913324560
-0.124581856038960
-0.080993500589495
-0.019000058163810
0.000093368622703
-0.000185737210610
0.077711259884854
0.365321523764454
0.723632302196387
0.966258184188266
0.966258184188266
0.723632302196387
0.365321523765363
0.077711259754289
-0.000185737210610
0.000002002003003
0.080461430076950
0.377973503612298
0.748992075548444
1.000000999999996
1.000001000000004
0.748992075548437
0.377973503634952
0.080461430066872
0.000002002003003
-0.000001501001771
-0.020376143283457
-0.087320490520783
-0.137262742732281
-0.091718321251730
0.091716321251730
0.388269667177530
0.709345986897070
0.939913713212916
0.999998498998229
0.000093368622703
-0.019000058163810
-0.080993500589495
-0.124581856038960
-0.074845913324560
0.108588729171090
0.400950553877369
0.715672976837392
0.941289798334723
1.000093368622703
