4
-1.000000000000000
-0.447213595499958
0.447213595499958
1.000000000000000
15
-1.000000000000000
-0.857142857142857
-0.714285714285714
-0.571428571428571
-0.428571428571429
-0.285714285714286
-0.142857142857143
0.000000000000000
0.142857142857143
0.285714285714286
0.428571428571428
0.571428571428571
0.714285714285714
0.857142857142857
1.000000000000000
0.987174866490447
0.609081930067724
0.322263915511564
0.115461889043494
-0.021947754254168
-0.101190515211375
-0.132926799175098
-0.128341355482287
-0.098145328337070
-0.053485410310057
-0.005922615761057
0.033792538363385
0.055334099944987
0.047739524781341
-0.000110484530130
1.000238163229237
0.620627822157434
0.332446640080855
0.124472972147227
-0.014524988574270
-0.094943981252959
-0.128081723599910
-0.124838277486120
-0.095982666912491
-0.052613863889017
-0.004723081111414
0.036544829671357
0.059156749291814
0.053148238275639
0.006463738208293
-0.000452403326649
0.483623821874970
0.794885333724260
0.958361238727691
0.999008896118779
0.940328568942927
0.807424934609551
0.624608885961652
0.416123927300400
0.203686544678211
0.014973136215314
-0.126630102980894
-0.195154353760343
-0.167848201311682
-0.018408396701061
0.024693398734434
0.505695198309652
0.813666438985889
0.974688201598443
1.011667936398314
0.950489693437940
0.814292388843996
0.628692623964528
0.417301445817663
0.207578446072569
0.021434228661560
-0.116626749238304
-0.182666073750103
-0.151991168813746
0.000324724627541
-0.018408396701061
-0.167848201311682
-0.195154353760343
-0.126630102980894
0.014973136215314
0.203686544678211
0.416123927300400
0.624608885961652
0.807424934609551
0.940328568942927
0.999008896118779
0.958361238727691
0.794885333724260
0.483623821874970
-0.000452403326649
0.000324724627541
-0.151991168813746
-0.182666073750103
-0.116626749238304
0.021434228661560
0.207578446072569
0.417301445817663
0.628692623964528
0.814292388843996
0.950489693437940
1.011667936398314
0.974688201598443
0.813666438985889
0.505695198309652
0.024693398734434
-0.000110484530130
0.047739524781341
0.055334099944987
0.033792538363385
-0.005922615761057
-0.053485410310057
-0.098145328337070
-0.128341355482287
-0.132926799175098
-0.101190515211375
-0.021947754254168
0.115461889043494
0.322263915511564
0.609081930067724
0.987174866490447
0.006463738208293
0.053148238275639
0.059156749291814
0.036544829671357
-0.004723081111414
-0.052613863889017
-0.095982666912491
-0.124838277486120
-0.128081723599910
-0.094943981252959
-0.014524988574270
0.124472972147227
0.332446640080855
0.620627822157434
1.000238163229237
