4
-1.000000000000000
-0.447213595499958
0.447213595499958
1.000000000000000
18
-1.000000000000000
-0.914941514376851
-0.828766219774698
-0.724703684484099
-0.606723136975530
-0.496491477250112
-0.374426527694466
-0.240237457221386
-0.080309668010496
0.080309668010496
0.240237457221386
0.374426527694466
0.496491477250112
0.606723136975530
0.724703684484099
0.828766219774698
0.914941514376851
1.000000000000000
0.995368057219532
0.758223388912887
0.552193047943033
0.343113879754103
0.162995061649045
0.037912675563393
-0.056713054893044
-0.116396646657927
-0.136602969031615
-0.113811373160314
-0.069341551395269
-0.023462136268882
0.014570414973752
0.041284392794126
0.055937246718792
0.052095477686090
0.033869181308650
-0.000091733816539
1.000216970839258
0.762545816848548
0.556477949759023
0.350542098015081
0.168846290389389
0.043533812910072
-0.051317529498655
-0.110230724466351
-0.130574304086228
-0.111083085175735
-0.067363738590269
-0.022653211458103
0.015767854603545
0.043267843219101
0.058802544715152
0.054233989027511
0.035923009317486
0.002626117429581
-0.000402439436523
0.310050761341140
0.558393965259527
0.777635913099528
0.930662436235359
0.993665463655437
0.987163314333221
0.905115069381175
0.732224088871331
0.509069049933026
0.270728109856096
0.082240724160552
-0.056466054643012
-0.147697347772818
-0.193219527380064
-0.173134601012429
-0.112374520499839
-0.007184587154339
0.009098094680935
0.318302880015435
0.566621129737967
0.791410257297162
0.941330199201921
1.003296242755695
0.996560095651021
0.914183120120195
0.740727571038110
0.510802123225972
0.272803239348613
0.087626773506549
-0.051775629629743
-0.140805327167713
-0.184117805673328
-0.166971219140487
-0.106470034574549
0.000271397813104
-0.007184587154339
-0.112374520499839
-0.173134601012429
-0.193219527380064
-0.147697347772818
-0.056466054643012
0.082240724160552
0.270728109856096
0.509069049933026
0.732224088871331
0.905115069381175
0.987163314333221
0.993665463655437
0.930662436235359
0.777635913099528
0.558393965259527
0.310050761341140
-0.000402439436523
0.000271397813104
-0.106470034574549
-0.166971219140487
-0.184117805673328
-0.140805327167713
-0.051775629629743
0.087626773506549
0.272803239348613
0.510802123225972
0.740727571038110
0.914183120120195
0.996560095651021
1.003296242755695
0.941330199201921
0.791410257297162
0.566621129737967
0.318302880015435
0.009098094680935
-0.000091733816539
0.033869181308650
0.052095477686090
0.055937246718792
0.041284392794126
0.014570414973752
-0.023462136268882
-0.069341551395269
-0.113811373160314
-0.136602969031615
-0.116396646657927
-0.056713054893044
0.037912675563393
0.162995061649045
0.343113879754103
0.552193047943033
0.758223388912887
0.995368057219532
0.002626117429581
0.035923009317486
0.054233989027511
0.058802544715152
0.043267843219101
0.015767854603545
-0.022653211458103
-0.067363738590269
-0.111083085175735
-0.130574304086228
-0.110230724466351
-0.051317529498655
0.043533812910072
0.168846290389389
0.350542098015081
0.556477949759023
0.762545816848548
1.000216970839258
