3
-1.000000000000000
0.000000000000000
1.000000000000000
15
-1.000000000000000
-0.857142857142857
-0.714285714285714
-0.571428571428571
-0.428571428571429
-0.285714285714286
-0.142857142857143
0.000000000000000
0.142857142857143
0.285714285714286
0.428571428571428
0.571428571428571
0.714285714285714
0.857142857142857
1.000000000000000
0.997452926394732
0.793360905810834
0.609697331693423
0.446422630416541
0.303574554548735
0.181116339274775
0.079085737245616
-0.002557944001080
-0.063771405611527
-0.104597946439510
-0.124996874022619
-0.125005941012068
-0.104588382592289
-0.063781951332026
-0.002547073605185
1.000072356351023
0.795939652218319
0.612276438024574
0.449041774789911
0.306133581025725
0.183715244198115
0.081684642167513
0.000001000000000
-0.061172500689630
-0.101999041516171
-0.122437847545703
-0.122386796638661
-0.102009276261140
-0.061203204973541
0.000072356351023
-0.000143715785204
0.265264549497405
0.489733834286835
0.673346018721104
0.816305263445760
0.918284794289018
0.979488852558233
0.999999000000000
0.979488855402881
0.918284797133666
0.816305263445760
0.673346018721104
0.489733834286835
0.265264549706276
-0.000143715785204
0.005093147214682
0.270420045516926
0.494890050903089
0.678582310591100
0.821421319478638
0.923480607160028
0.984684668370608
1.005114887997191
0.984684668370608
0.923480607160028
0.821421319477879
0.678582310591870
0.494890050902353
0.270420045517660
0.005093147213934
-0.002547073605185
-0.063781951332026
-0.104588382592289
-0.125005941012068
-0.124996874022619
-0.104597946439510
-0.063771405611527
-0.002557944001080
0.079085737245616
0.181116339274775
0.303574554548735
0.446422630416541
0.609697331693423
0.793360905810834
0.997452926394732
0.000072356351023
-0.061203204973541
-0.102009276261140
-0.122386796638661
-0.122437847545703
-0.101999041516171
-0.061172500689630
0.000001000000000
0.081684642167513
0.183715244198115
0.306133581025725
0.449041774789911
0.612276438024574
0.795939652218319
1.000072356351023
