8
-1.000000000000000
-0.871740148509605
-0.591700181433143
-0.209299217902479
0.209299217902479
0.591700181433143
0.871740148509605
1.000000000000000
7
-1.000000000000000
-0.866025403784439
-0.500000000000000
-0.000000000000000
0.500000000000000
0.866025403784439
1.000000000000000
0.827121684696210
-0.215376282817347
0.045619991627075
-0.051174306004098
0.011826657724837
-0.043605380364484
-0.000014681950495
1.000511886719706
-0.017538545421310
0.083264162375319
-0.016071054478905
0.043859643981889
-0.000672157151869
0.028000791910831
-0.000525089119535
0.998755444647312
-0.363422946558291
0.099426745108098
-0.153613239305489
0.002623334869330
-0.072639962381372
0.546841687596029
1.128600223852262
-0.172879231064537
0.159117007565145
-0.032983058889984
0.119254446120788
0.000828020700351
-0.493197244318696
0.013920125276984
0.765665989256552
-0.556324251246248
0.070672678546896
-0.215374121015123
-0.000024583702373
0.000643525366690
0.576418303111476
1.209030998980235
-0.204028353469557
0.291885722707977
-0.004192168653303
0.110446764511177
-0.000009165024827
-0.616057031026019
0.187434584804551
0.450894423056609
-0.631379135461080
0.007250261461690
-0.163957240936944
0.265992074031419
-0.011738239846341
0.854617814298124
1.116732338287131
-0.119628165170789
0.359873873159390
0.000007005981836
-0.163957240936944
0.007250261461690
-0.631379135461080
0.450894423056609
0.187434584804551
-0.616057031026019
-0.000009165024827
0.000007005981836
0.359873873159390
-0.119628165170789
1.116732338287131
0.854617814298124
-0.011738239846341
0.265992074031419
-0.000024583702373
-0.215374121015123
0.070672678546896
-0.556324251246248
0.765665989256552
0.013920125276984
-0.493197244318696
0.110446764511177
-0.004192168653303
0.291885722707977
-0.204028353469557
1.209030998980235
0.576418303111476
0.000643525366690
-0.072639962381372
0.002623334869330
-0.153613239305489
0.099426745108098
-0.363422946558291
0.998755444647312
-0.000525089119535
0.000828020700351
0.119254446120788
-0.032983058889984
0.159117007565145
-0.172879231064537
1.128600223852262
0.546841687596029
-0.000014681950495
-0.043605380364484
0.011826657724837
-0.051174306004098
0.045619991627075
-0.215376282817347
0.827121684696210
0.028000791910831
-0.000672157151869
0.043859643981889
-0.016071054478905
0.083264162375319
-0.017538545421310
1.000511886719706
