3
-1.000000000000000
0.000000000000000
1.000000000000000
15
-1.000000000000000
-0.965245926503512
-0.885082044223669
-0.763519689951306
-0.606253205470007
-0.420638054713653
-0.215353955363795
0.000000000000000
0.215353955363794
0.420638054713676
0.606253205469837
0.763519689951802
0.885082044223012
0.965245926503824
1.000000000000000
0.999982893795553
0.948048003112937
0.832921500226884
0.670754302142530
0.483133575092512
0.293899379146186
0.125201528240146
-0.005934225980568
-0.090152427123542
-0.126738675567564
-0.123119630377390
-0.092765387808442
-0.052160543997189
-0.017197923390291
-0.000017106204417
1.000108715322930
0.948569015738426
0.834302757140335
0.673334948245364
0.486946944110120
0.298823480505707
0.130959486369875
0.000001000000000
-0.084394468993919
-0.121814574206986
-0.119306261357045
-0.090184741706168
-0.050779287083610
-0.016676910765063
0.000108715322930
-0.000216430645861
0.068108895033795
0.216477529946780
0.416850793525482
0.632360317249767
0.822992093702239
0.953435982624044
0.999999000000000
0.953435982624045
0.822992093702215
0.632360317249942
0.416850793444236
0.216477529947952
0.068108895020572
-0.000216430645861
0.000033332434627
0.069148259570693
0.219239149377526
0.422008533403484
0.639986965569772
0.832836086705388
0.964952225777080
1.011865032146360
0.964952225777343
0.832836086705127
0.639986965577273
0.422008533403459
0.219239149378036
0.069148259571481
0.000033332434364
-0.000017106204417
-0.017197923390291
-0.052160543997189
-0.092765387808442
-0.123119630377390
-0.126738675567564
-0.090152427123542
-0.005934225980568
0.125201528240146
0.293899379146186
0.483133575092512
0.670754302142530
0.832921500226884
0.948048003112937
0.999982893795553
0.000108715322930
-0.016676910765063
-0.050779287083610
-0.090184741706168
-0.119306261357045
-0.121814574206986
-0.084394468993919
0.000001000000000
0.130959486369875
0.298823480505707
0.486946944110120
0.673334948245364
0.834302757140335
0.948569015738426
1.000108715322930
