3
-1.000000000000000
0.000000000000000
1.000000000000000
10
-1.000000000000000
-0.772764632169795
-0.552561081647966
-0.333784592795461
-0.110508477338441
0.110508477338441
0.333784592795461
0.552561081647966
0.772764632169795
1.000000000000000
0.993609903999996
0.678443562037986
0.423322444787404
0.216238944350017
0.055252456805023
-0.055254456855077
-0.117547238262098
-0.129237166622323
-0.094322680410613
-0.006388527840733
1.000109822999384
0.684965904451158
0.428943458073676
0.222657954833142
0.061402982558628
-0.049105494779813
-0.111126637962319
-0.123617623574291
-0.087798727718638
0.000109822999372
-0.000218560983942
0.402833908546846
0.694675251046747
0.888469768147938
0.987703597920812
0.987703597922741
0.888469767435045
0.694675251048030
0.402833908263388
-0.000218560983942
0.012777623740725
0.415878147080103
0.705913722630320
0.901307322427190
1.000000999999994
1.000001000000006
0.901307322427177
0.705913722630332
0.415878147080091
0.012777623745841
-0.006388527840733
-0.094322680410613
-0.129237166622323
-0.117547238262098
-0.055254456855077
0.055252456805023
0.216238944350017
0.423322444787404
0.678443562037986
0.993609903999996
0.000109822999372
-0.087798727718638
-0.123617623574291
-0.111126637962319
-0.049105494779813
0.061402982558628
0.222657954833142
0.428943458073676
0.684965904451158
1.000109822999384
