3
-1.000000000000000
0.000000000000000
1.000000000000000
15
-1.000000000000000
-0.974927912181824
-0.900968867902419
-0.781831482468030
-0.623489801858734
-0.433883739117558
-0.222520933956314
-0.000000000000000
0.222520933956314
0.433883739117558
0.623489801858733
0.781831482468029
0.900968867902419
0.974927912181824
1.000000000000000
0.999998498998465
0.962389560681121
0.855162010975775
0.694074702981779
0.502235931128396
0.305912074984087
0.129987978395882
-0.006353573042852
-0.092532955560472
-0.127971664133554
-0.121253870730474
-0.087756779486143
-0.045806856926672
-0.012538351500898
-0.000001501001535
1.000112037174002
0.962805071641874
0.856434586288349
0.696654080373045
0.506216113163660
0.311134025454234
0.136056226384235
0.000001000000000
-0.086464707572079
-0.122749713663324
-0.117273688700504
-0.085177402090511
-0.044534281595899
-0.012122840513513
0.000112037174008
-0.000223074348005
0.049318768844133
0.188100695221178
0.388524321789851
0.611058575448910
0.811616688209089
0.950409481187844
0.999999000000000
0.950409481187844
0.811616688209089
0.611058575640792
0.388524321693942
0.188100695304103
0.049318768848932
-0.000223074348005
0.000002002003009
0.050147790819706
0.190643845951251
0.393681076503686
0.619016939602931
0.822058589148436
0.962543977165576
1.012706146084448
0.962543977165837
0.822058589148199
0.619016939603122
0.393681076503433
0.190643845951429
0.050147790819615
0.000002002003008
-0.000001501001535
-0.012538351500898
-0.045806856926672
-0.087756779486143
-0.121253870730474
-0.127971664133554
-0.092532955560472
-0.006353573042852
0.129987978395882
0.305912074984087
0.502235931128396
0.694074702981779
0.855162010975775
0.962389560681121
0.999998498998465
0.000112037174008
-0.012122840513513
-0.044534281595899
-0.085177402090511
-0.117273688700504
-0.122749713663324
-0.086464707572079
0.000001000000000
0.136056226384235
0.311134025454234
0.506216113163660
0.696654080373045
0.856434586288349
0.962805071641874
1.000112037174002
