3
-1.000000000000000
0.000000000000000
1.000000000000000
15
-1.000000000000000
-0.857464942354129
-0.714736901096993
-0.572102248821981
-0.428930507586149
-0.285570161147303
-0.142735271230663
0.000000000000000
0.142735271230663
0.285570161147303
0.428930507586149
0.572102248821981
0.714736901096993
0.857464942354129
1.000000000000000
0.997473451428731
0.793800984171268
0.610251635195664
0.447153716467193
0.303876845713029
0.180998325167118
0.079013381529399
-0.002555261013519
-0.063721889701264
-0.104571835980232
-0.125053661873117
-0.124948532354661
-0.104485265901281
-0.063663958182822
-0.002526548571236
1.000072233759676
0.796399766502938
0.612795444418168
0.449735993114499
0.306492594350522
0.183612185792412
0.081597477128225
0.000001000000000
-0.061137794102438
-0.101957975354891
-0.122437913235628
-0.122366255707482
-0.101941456678743
-0.061065175863852
0.000072233759677
-0.000143470605299
0.264666406256862
0.489147009354745
0.672631259511260
0.815946314714423
0.918346789406731
0.979541313842154
0.999999000000000
0.979541313859009
0.918346783520824
0.815946314714423
0.672631259511260
0.489147009772779
0.264666406256862
-0.000143470605299
0.005052097141703
0.269861974012288
0.494232630704999
0.677793815888288
0.821175816158689
0.923572510814141
0.984707508170510
1.005109522028489
0.984707508170516
0.923572510814117
0.821175816159422
0.677793815887575
0.494232630705016
0.269861974012272
0.005052097141724
-0.002526548571236
-0.063663958182822
-0.104485265901281
-0.124948532354661
-0.125053661873117
-0.104571835980232
-0.063721889701264
-0.002555261013519
0.079013381529399
0.180998325167118
0.303876845713029
0.447153716467193
0.610251635195664
0.793800984171268
0.997473451428731
0.000072233759677
-0.061065175863852
-0.101941456678743
-0.122366255707482
-0.122437913235628
-0.101957975354891
-0.061137794102438
0.000001000000000
0.081597477128225
0.183612185792412
0.306492594350522
0.449735993114499
0.612795444418168
0.796399766502938
1.000072233759676
