6
-1.000000000000000
-0.765055323929465
-0.285231516480645
0.285231516480645
0.765055323929466
1.000000000000000
12
-1.000000000000000
-0.959492973614497
-0.841253532831181
-0.654860733945285
-0.415415013001886
-0.142314838273285
0.142314838273285
0.415415013001886
0.654860733945285
0.841253532831181
0.959492973614497
1.000000000000000
0.999791862654862
0.696304813302194
0.117191932343257
-0.174095801826973
-0.077366928731178
0.051764790047292
0.038693660439975
-0.039917560127257
-0.035284617582129
0.015865321312478
0.014809788284690
-0.000208137345139
1.000829118771920
0.724293594374102
0.185270590958267
-0.118080649075851
-0.067599272419050
0.077954487426620
0.049520294350502
-0.028056355376243
-0.023843640924065
0.020833473207610
0.023891032421240
0.000829118771919
-0.001463428853648
0.358368073783306
0.919659750517461
0.880774452801318
0.230983458355053
-0.257295019273052
-0.139958627132203
0.081059078727648
0.067041968034981
-0.056220358234507
-0.063776528433868
-0.001463428853645
0.000902576332916
0.407368607325467
1.044975307163575
0.950514329262054
0.279435162815302
-0.169873364684552
-0.115832559357945
0.114657714587856
0.097375734645756
-0.043079099158623
-0.039836361301015
0.000819990389755
-0.000947450722129
-0.164278716111025
-0.225610285965733
0.308233605862640
0.905083899449572
0.896239433463680
0.271326128694594
-0.253594021442327
-0.156534210861846
0.074844115062550
0.067248362482580
-0.000947450722132
0.000932151140289
-0.124921214242616
-0.152598435311080
0.326313574323630
1.017014094181019
0.984626036645444
0.300439541130016
-0.167413143103134
-0.124295240206861
0.096589451875620
0.104210242265085
0.000932151140285
-0.000947450722132
0.067248362482580
0.074844115062550
-0.156534210861846
-0.253594021442327
0.271326128694594
0.896239433463680
0.905083899449572
0.308233605862640
-0.225610285965733
-0.164278716111025
-0.000947450722129
0.000932151140285
0.104210242265085
0.096589451875620
-0.124295240206861
-0.167413143103134
0.300439541130016
0.984626036645444
1.017014094181019
0.326313574323630
-0.152598435311080
-0.124921214242616
0.000932151140289
-0.001463428853645
-0.063776528433868
-0.056220358234507
0.067041968034981
0.081059078727648
-0.139958627132203
-0.257295019273052
0.230983458355053
0.880774452801318
0.919659750517461
0.358368073783306
-0.001463428853648
0.000819990389755
-0.039836361301015
-0.043079099158623
0.097375734645756
0.114657714587856
-0.115832559357945
-0.169873364684552
0.279435162815302
0.950514329262054
1.044975307163575
0.407368607325467
0.000902576332916
-0.000208137345139
0.014809788284690
0.015865321312478
-0.035284617582129
-0.039917560127257
0.038693660439975
0.051764790047292
-0.077366928731178
-0.174095801826973
0.117191932343257
0.696304813302194
0.999791862654862
0.000829118771919
0.023891032421240
0.020833473207610
-0.023843640924065
-0.028056355376243
0.049520294350502
0.077954487426620
-0.067599272419050
-0.118080649075851
0.185270590958267
0.724293594374102
1.000829118771920
