5
-1.000000000000000
-0.654653670707977
0.000000000000000
0.654653670707977
1.000000000000000
17
-1.000000000000000
-0.980785280403230
-0.923879532511287
-0.831469612302545
-0.707106781186548
-0.555570233019602
-0.382683432365090
-0.195090322016128
-0.000000000000000
0.195090322016128
0.382683432365090
0.555570233019602
0.707106781186547
0.831469612302545
0.923879532511287
0.980785280403230
1.000000000000000
0.999938034543114
0.903895123745864
0.651357528722884
0.333506030445699
0.054966603779213
-0.109133241599404
-0.142541605714790
-0.083000507477997
-0.000011904347609
0.053608381959566
0.058316237087526
0.025845962281125
-0.014885123606997
-0.035979571825081
-0.028494310397121
-0.009799416948833
-0.000061965456888
1.000925646407924
0.906796068034214
0.661277103313444
0.350276163565386
0.075445173824159
-0.090344762396192
-0.130500296671542
-0.079340555335056
0.004280904330866
0.061056627763388
0.063754299512711
0.028001814460654
-0.012650134526981
-0.031921976439093
-0.025816747472565
-0.008514392528603
0.000474055365770
-0.001327155492190
0.124425052793006
0.435493421282803
0.778456231002406
0.982969675925573
0.948457653418723
0.691389561641429
0.316800889861070
-0.021958370104638
-0.199000910564228
-0.197778878053898
-0.081760605111625
0.037414032487160
0.092182721266567
0.073797302483693
0.024430428853926
-0.000935687453288
0.000333222972573
0.130318104544133
0.453729142875962
0.809429652844484
1.017270473926420
0.977219469939858
0.703095982687386
0.325902835317685
0.000001000000000
-0.175792243581207
-0.181212086604209
-0.077368645816622
0.044112136312492
0.103625190806740
0.081060894521262
0.027800643798435
0.000333222972576
-0.000634278965289
-0.051548684185974
-0.159159698963283
-0.208806266750896
-0.103507989198432
0.185835866074749
0.561352526513861
0.875924997763454
0.999998999999999
0.875924997763451
0.561352526519152
0.185835866133879
-0.103507989280835
-0.208806266674825
-0.159159699023588
-0.051548684155215
-0.000634278965291
0.000936149562506
-0.047305792456660
-0.144904653481746
-0.189146725065147
-0.083332333333333
0.193772437485602
0.573280872107933
0.904512019415517
1.033200326881449
0.904512019415518
0.573280872107933
0.193772437485603
-0.083332333333333
-0.189146725065148
-0.144904653481749
-0.047305792456062
0.000936149553462
-0.000935687453288
0.024430428853926
0.073797302483693
0.092182721266567
0.037414032487160
-0.081760605111625
-0.197778878053898
-0.199000910564228
-0.021958370104638
0.316800889861070
0.691389561641429
0.948457653418723
0.982969675925573
0.778456231002406
0.435493421282803
0.124425052793006
-0.001327155492190
0.000333222972576
0.027800643798435
0.081060894521262
0.103625190806740
0.044112136312492
-0.077368645816622
-0.181212086604209
-0.175792243581207
0.000001000000000
0.325902835317685
0.703095982687386
0.977219469939858
1.017270473926420
0.809429652844484
0.453729142875962
0.130318104544133
0.000333222972573
-0.000061965456888
-0.009799416948833
-0.028494310397121
-0.035979571825081
-0.014885123606997
0.025845962281125
0.058316237087526
0.053608381959566
-0.000011904347609
-0.083000507477997
-0.142541605714790
-0.109133241599404
0.054966603779213
0.333506030445699
0.651357528722884
0.903895123745864
0.999938034543114
0.000474055365770
-0.008514392528603
-0.025816747472565
-0.031921976439093
-0.012650134526981
0.028001814460654
0.063754299512711
0.061056627763388
0.004280904330866
-0.079340555335056
-0.130500296671542
-0.090344762396192
0.075445173824159
0.350276163565386
0.661277103313444
0.906796068034214
1.000925646407924
