4
-1.000000000000000
-0.447213595499958
0.447213595499958
1.000000000000000
16
-1.000000000000000
-0.978147600733806
-0.913545457642601
-0.809016994374947
-0.669130606358858
-0.500000000000000
-0.309016994374947
-0.104528463267653
0.104528463267653
0.309016994374947
0.500000000000000
0.669130606358858
0.809016994374947
0.913545457642601
0.978147600733806
1.000000000000000
0.999919835727888
0.934363358175121
0.754517335046954
0.505541866963037
0.246768361556250
0.033721801415024
-0.097739036427875
-0.139656052595383
-0.110656452106270
-0.045845864807629
0.015564928238956
0.051203740500981
0.054251124296869
0.034234782594868
0.010268382496555
-0.000080164272111
1.000183527194837
0.935787272084077
0.759045533594401
0.513884497187473
0.258475473213255
0.046920805614999
-0.085392298606087
-0.130451557096545
-0.105670889703563
-0.044927568703426
0.018576626054957
0.055390540193959
0.057929629804016
0.036507721013109
0.011109492626195
0.000183527194837
-0.000345261415976
0.085814096623307
0.314372894857034
0.606556189257829
0.861535547953482
0.992717393562844
0.955719335053093
0.762471524298324
0.473346555765845
0.167522325140637
-0.068549071980339
-0.184876325185335
-0.186090514424980
-0.113916574478171
-0.034218363764184
-0.000345261415978
0.000241898493252
0.088691966934227
0.322993850344154
0.622476439340344
0.882874814752290
1.016115237903589
0.975477214249779
0.774945666569973
0.476344212612428
0.174882524609752
-0.055201455502904
-0.171214761667718
-0.174691810742171
-0.107653211046304
-0.031869751203940
0.000241898493251
-0.000345261415978
-0.034218363764184
-0.113916574478171
-0.186090514424980
-0.184876325185335
-0.068549071980339
0.167522325140637
0.473346555765845
0.762471524298324
0.955719335053093
0.992717393562844
0.861535547953482
0.606556189257829
0.314372894857034
0.085814096623307
-0.000345261415976
0.000241898493251
-0.031869751203940
-0.107653211046304
-0.174691810742171
-0.171214761667718
-0.055201455502904
0.174882524609752
0.476344212612428
0.774945666569973
0.975477214249779
1.016115237903589
0.882874814752290
0.622476439340344
0.322993850344154
0.088691966934227
0.000241898493252
-0.000080164272111
0.010268382496555
0.034234782594868
0.054251124296869
0.051203740500981
0.015564928238956
-0.045845864807629
-0.110656452106270
-0.139656052595383
-0.097739036427875
0.033721801415024
0.246768361556250
0.505541866963037
0.754517335046954
0.934363358175121
0.999919835727888
0.000183527194837
0.011109492626195
0.036507721013109
0.057929629804016
0.055390540193959
0.018576626054957
-0.044927568703426
-0.105670889703563
-0.130451557096545
-0.085392298606087
0.046920805614999
0.258475473213255
0.513884497187473
0.759045533594401
0.935787272084077
1.000183527194837
