3
-1.000000000000000
0.000000000000000
1.000000000000000
19
-1.000000000000000
-0.990575475314417
-0.950675521768768
-0.880239153726986
-0.781514003896801
-0.657671159216691
-0.512690537086477
-0.351231763453876
-0.178484181495848
0.000000000000000
0.178484181495848
0.351231763453876
0.512690537086477
0.657671159216691
0.781514003896801
0.880239153726986
0.950675521768768
0.990575475314417
1.000000000000000
0.999998498998486
0.985831209920890
0.926845908456704
0.826614390212269
0.694571618699946
0.542795980364617
0.384797269779386
0.233738174270749
0.101262634572385
-0.004059112166287
-0.077221546923477
-0.117493589183113
-0.127893267307099
-0.114875178851995
-0.086942385196864
-0.053624763514665
-0.023829613312044
-0.004744265393545
-0.000001501001512
1.000116177814690
0.985986310126999
0.927294636718258
0.827602367236748
0.696215894064345
0.545190276340228
0.387801402766438
0.237378140589890
0.105200394580344
0.000001000000000
-0.073283786915504
-0.113853622863987
-0.124889134320039
-0.112480882876463
-0.085298109832457
-0.052636786490238
-0.023380885050510
-0.004589165187418
0.000116177822055
-0.000231355643922
0.018603855060754
0.096087248327518
0.225035419253490
0.389083215768111
0.567291606536234
0.737088731553601
0.876476482274097
0.968084392335160
0.999999000000000
0.968084392335160
0.876476482274097
0.737088731553601
0.567291606536234
0.389083215768111
0.225035419253490
0.096087248327517
0.018603855060754
-0.000231355646843
0.000001989953279
0.018911898831696
0.096983006177023
0.227008849523914
0.392370434202414
0.572077357222971
0.743095922087744
0.883753382012351
0.975958979736210
1.008116136544056
0.975958979733553
0.883753382015004
0.743095922082896
0.572077357227535
0.392370434198515
0.227008849526849
0.096983006175319
0.018911898832459
0.000001989953278
-0.000001501001512
-0.004744265393545
-0.023829613312044
-0.053624763514665
-0.086942385196864
-0.114875178851995
-0.127893267307099
-0.117493589183113
-0.077221546923477
-0.004059112166287
0.101262634572385
0.233738174270749
0.384797269779386
0.542795980364617
0.694571618699946
0.826614390212269
0.926845908456704
0.985831209920890
0.999998498998486
0.000116177822055
-0.004589165187418
-0.023380885050510
-0.052636786490238
-0.085298109832457
-0.112480882876463
-0.124889134320039
-0.113853622863987
-0.073283786915504
0.000001000000000
0.105200394580344
0.237378140589890
0.387801402766438
0.545190276340228
0.696215894064345
0.827602367236748
0.927294636718258
0.985986310126999
1.000116177814690
