5
-1.000000000000000
-0.654653670707977
0.000000000000000
0.654653670707977
1.000000000000000
13
-1.000000000000000
-0.978228658146057
-0.887062599768095
-0.730152005574049
-0.519096129206812
-0.269543155952345
0.000000000000000
0.269543155952345
0.519096129206812
0.730152005574049
0.887062599768095
0.978228658146057
1.000000000000000
0.999931968289654
0.888858228488202
0.498992747832544
0.076293396994816
-0.144671409389361
-0.119230497603259
-0.000001000000000
0.061297306783516
0.034702485413484
-0.022203569504880
-0.038994363364546
-0.011162126078390
-0.000068031710347
1.000485482159034
0.894983979233941
0.524815583294820
0.115726810312742
-0.109567210085718
-0.106113422548467
0.008383974294470
0.076601654909975
0.039521727033341
-0.017564760974211
-0.031046763006433
-0.009402661817064
0.000485482159033
-0.000898282804931
0.139847515189399
0.595068452459844
0.963440192948766
0.908277887395285
0.464746632876667
-0.043573239981072
-0.239137780026324
-0.118854102941610
0.051733775630811
0.089151708559723
0.027051970920632
-0.000898282804928
0.000423550127528
0.152065323770607
0.642359197563329
1.032772169333398
0.957950898893101
0.474600331270408
0.000001000000000
-0.196282386892166
-0.104566634816102
0.065657726303764
0.111227501009692
0.031693847520220
0.000423550127530
-0.000853691826896
-0.063103647504558
-0.210490040888111
-0.156145721997015
0.261726941199560
0.769492215236464
0.999998999999999
0.769492215236464
0.261726941269533
-0.156145722104106
-0.210490040803524
-0.063103647546977
-0.000853691826899
0.000635915139670
-0.052670489679028
-0.178178667460077
-0.113508475643060
0.271838374648772
0.812385212428572
1.070420292970662
0.812385212429969
0.271838374647601
-0.113508475643058
-0.178178667460079
-0.052670489679031
0.000635915139668
-0.000898282804928
0.027051970920632
0.089151708559723
0.051733775630811
-0.118854102941610
-0.239137780026324
-0.043573239981072
0.464746632876667
0.908277887395285
0.963440192948766
0.595068452459844
0.139847515189399
-0.000898282804931
0.000423550127530
0.031693847520220
0.111227501009692
0.065657726303764
-0.104566634816102
-0.196282386892166
0.000001000000000
0.474600331270408
0.957950898893101
1.032772169333398
0.642359197563329
0.152065323770607
0.000423550127528
-0.000068031710347
-0.011162126078390
-0.038994363364546
-0.022203569504880
0.034702485413484
0.061297306783516
-0.000001000000000
-0.119230497603259
-0.144671409389361
0.076293396994816
0.498992747832544
0.888858228488202
0.999931968289654
0.000485482159033
-0.009402661817064
-0.031046763006433
-0.017564760974211
0.039521727033341
0.076601654909975
0.008383974294470
-0.106113422548467
-0.109567210085718
0.115726810312742
0.524815583294820
0.894983979233941
1.000485482159034
