5
-1.000000000000000
-0.654653670707977
0.000000000000000
0.654653670707977
1.000000000000000
12
-1.000000000000000
-0.959492973614497
-0.841253532831181
-0.654860733945285
-0.415415013001886
-0.142314838273285
0.142314838273285
0.415415013001886
0.654860733945285
0.841253532831181
0.959492973614497
1.000000000000000
0.999845170543410
0.797321363216786
0.343032693041020
-0.044208268593002
-0.160659277901699
-0.061222848481022
0.043608847579587
0.054242956796061
-0.002521051313979
-0.041288745227679
-0.019943003182653
-0.000169559215344
1.000624298977733
0.809971597315499
0.378531116865965
0.000258117557884
-0.131085399273659
-0.056621286394522
0.059557709716661
0.065341017943151
0.000556882126796
-0.032090048446928
-0.016148127627288
0.000624298977732
-0.001058607169997
0.250178702313783
0.750695460486876
0.999998749835424
0.749890147595512
0.198524923148302
-0.201858955843632
-0.196461342258174
-0.000836790676985
0.092893653536677
0.046447699740355
-0.001058607169994
0.000512060283353
0.275310087674943
0.813474294572983
1.075721486408052
0.782171173130635
0.227208089159729
-0.145848858124984
-0.167379984049421
0.008325615944584
0.119098436701442
0.055994687858378
0.000582043463504
-0.000695696772758
-0.105709710695051
-0.239267653355527
-0.031287303136236
0.493686144425802
0.933444433883009
0.933444433883009
0.493686144425950
-0.031287303622336
-0.239267652821925
-0.105709710963482
-0.000695696743321
0.000524578258461
-0.090793910135553
-0.190374220568316
-0.000319333490391
0.513918196407154
1.000521238250788
1.000521238250786
0.513918196407155
-0.000319333490392
-0.190374220566656
-0.090793909964680
0.000524578258458
-0.001058607169994
0.046447699740355
0.092893653536677
-0.000836790676985
-0.196461342258174
-0.201858955843632
0.198524923148302
0.749890147595512
0.999998749835424
0.750695460486876
0.250178702313783
-0.001058607169997
0.000582043463504
0.055994687858378
0.119098436701442
0.008325615944584
-0.167379984049421
-0.145848858124984
0.227208089159729
0.782171173130635
1.075721486408052
0.813474294572983
0.275310087674943
0.000512060283353
-0.000169559215344
-0.019943003182653
-0.041288745227679
-0.002521051313979
0.054242956796061
0.043608847579587
-0.061222848481022
-0.160659277901699
-0.044208268593002
0.343032693041020
0.797321363216786
0.999845170543410
0.000624298977732
-0.016148127627288
-0.032090048446928
0.000556882126796
0.065341017943151
0.059557709716661
-0.056621286394522
-0.131085399273659
0.000258117557884
0.378531116865965
0.809971597315499
1.000624298977733
