7
-1.000000000000000
-0.830223896278567
-0.468848793470714
0.000000000000000
0.468848793470714
0.830223896278567
1.000000000000000
13
-1.000000000000000
-0.978228658146057
-0.887062599768095
-0.730152005574049
-0.519096129206812
-0.269543155952345
0.000000000000000
0.269543155952345
0.519096129206812
0.730152005574049
0.887062599768095
0.978228658146057
1.000000000000000
0.999921817468140
0.762632511910827
0.095617861212659
-0.188614844725304
-0.033964048890957
0.064044223487337
-0.010484180520216
-0.054958410641343
0.010716432963423
0.019879714790174
-0.014477900983965
-0.016254296641340
-0.000078182531863
1.001775082177200
0.788609253318483
0.191096793455223
-0.126060564592085
-0.014884028000535
0.096782744989921
0.001735228771784
-0.035134679930504
0.019552559189056
0.033385333334975
-0.009801150071232
-0.006959110165082
0.001775082177197
-0.003121125122433
0.277291006425636
0.915497998749929
0.825968852295993
0.029544207280632
-0.296731135795119
-0.002939616289900
0.099613134871202
-0.051474745442465
-0.087742921515078
0.027558030893751
0.019914646320965
-0.003121125122435
0.000371267621589
0.327106523576058
1.080328557425978
0.902156275611140
0.126317225331869
-0.201024214853196
0.031757270794042
0.154082608596506
-0.028930896252259
-0.052985221338009
0.038589529736427
0.042951649998846
0.000371267621587
-0.000775302565437
-0.146394468008771
-0.243367917555995
0.392962845491426
0.976775599087075
0.706127240926772
-0.091250453049259
-0.278784321434687
0.049207107010533
0.085944677431228
-0.061329364143306
-0.067111717624292
-0.000775302565444
0.001990317817338
-0.100122982337156
-0.155385772079805
0.431412483241976
1.133205030455698
0.779180384293475
0.001114079553790
-0.189123077074710
0.085985001631804
0.138797146073408
-0.046565706296567
-0.033961520997859
0.001990317817332
-0.001650457073848
0.054866809019207
0.077234665192481
-0.227979260030068
-0.185506812413814
0.553955047191593
0.999999000000002
0.553955047203728
-0.185506814154072
-0.227979258322530
0.077234665192484
0.054866809019211
-0.001650457073845
0.000623168322549
0.103711787423760
0.099953211922390
-0.150722637289765
-0.100480700461406
0.608430973612819
1.152598250123878
0.608430973613212
-0.100480700461406
-0.150722637289764
0.099953212216139
0.103711787061250
0.000623168322552
-0.000775302565444
-0.067111717624292
-0.061329364143306
0.085944677431228
0.049207107010533
-0.278784321434687
-0.091250453049259
0.706127240926772
0.976775599087075
0.392962845491426
-0.243367917555995
-0.146394468008771
-0.000775302565437
0.001990317817332
-0.033961520997859
-0.046565706296567
0.138797146073408
0.085985001631804
-0.189123077074710
0.001114079553790
0.779180384293475
1.133205030455698
0.431412483241976
-0.155385772079805
-0.100122982337156
0.001990317817338
-0.003121125122435
0.019914646320965
0.027558030893751
-0.087742921515078
-0.051474745442465
0.099613134871202
-0.002939616289900
-0.296731135795119
0.029544207280632
0.825968852295993
0.915497998749929
0.277291006425636
-0.003121125122433
0.000371267621587
0.042951649998846
0.038589529736427
-0.052985221338009
-0.028930896252259
0.154082608596506
0.031757270794042
-0.201024214853196
0.126317225331869
0.902156275611140
1.080328557425978
0.327106523576058
0.000371267621589
-0.000078182531863
-0.016254296641340
-0.014477900983965
0.019879714790174
0.010716432963423
-0.054958410641343
-0.010484180520216
0.064044223487337
-0.033964048890957
-0.188614844725304
0.095617861212659
0.762632511910827
0.999921817468140
0.001775082177197
-0.006959110165082
-0.009801150071232
0.033385333334975
0.019552559189056
-0.035134679930504
0.001735228771784
0.096782744989921
-0.014884028000535
-0.126060564592085
0.191096793455223
0.788609253318483
1.001775082177200
