6
-1.000000000000000
-0.765055323929465
-0.285231516480645
0.285231516480645
0.765055323929466
1.000000000000000
15
-1.000000000000000
-0.984183054718588
-0.917598399222978
-0.801578090733310
-0.642349339440340
-0.448492751036447
-0.230458315955135
0.000000000000000
0.230458315955135
0.448492751036447
0.642349339440340
0.801578090733310
0.917598399222978
0.984183054718588
1.000000000000000
0.999851470465133
0.878406482847390
0.460486359692982
0.030942817781647
-0.158644969016224
-0.095740944875109
0.024246175157422
0.062499000000000
0.013928295980456
-0.042572777063760
-0.032179959388308
0.008237224373125
0.021016636097780
0.006948036469765
-0.000148529534868
1.000388501352439
0.885865142619645
0.491460595043768
0.076045634300959
-0.123313141661058
-0.087161164351542
0.037345327290295
0.077478590596790
0.016085212220328
-0.033040601106618
-0.026548429769295
0.010974433894447
0.027119675115434
0.008537603689441
0.000388501352438
-0.000564028404754
0.152139661388278
0.632447128694067
0.982700353917139
0.856240449605375
0.342635782917577
-0.138963003732585
-0.232423788264739
-0.046614761088298
0.094527070886879
0.074320398325695
-0.029777272506766
-0.073096533903639
-0.022537827666205
-0.000564028404751
0.000565957108513
0.167901124224371
0.685846738750863
1.062519173680333
0.897995562462312
0.363592786650702
-0.083264764258727
-0.194500041300745
-0.039182811090380
0.121769102924074
0.088775220146821
-0.022411553307604
-0.056904143608666
-0.018613351882604
0.000565957108516
-0.000910245439811
-0.068756767720105
-0.224581168761281
-0.125311467587001
0.353723212358880
0.852452709429184
0.984004164313637
0.631449601543186
0.071674107250785
-0.244935217720011
-0.158190043675103
0.039197105726376
0.096427786807910
0.031086865993063
-0.000910245439815
0.000742619345090
-0.057352080161539
-0.184373728608248
-0.083694490583381
0.366043838664766
0.912922475986859
1.056391455937644
0.659252413239893
0.104822848174497
-0.189714666301293
-0.136752099043482
0.052885089261681
0.123277029797058
0.037162610031436
0.000742619345086
-0.000910245439815
0.031086865993063
0.096427786807910
0.039197105726376
-0.158190043675103
-0.244935217720011
0.071674107250785
0.631449601543186
0.984004164313637
0.852452709429184
0.353723212358880
-0.125311467587001
-0.224581168761281
-0.068756767720105
-0.000910245439811
0.000742619345086
0.037162610031436
0.123277029797058
0.052885089261681
-0.136752099043482
-0.189714666301293
0.104822848174497
0.659252413239893
1.056391455937644
0.912922475986859
0.366043838664766
-0.083694490583381
-0.184373728608248
-0.057352080161539
0.000742619345090
-0.000564028404751
-0.022537827666205
-0.073096533903639
-0.029777272506766
0.074320398325695
0.094527070886879
-0.046614761088298
-0.232423788264739
-0.138963003732585
0.342635782917577
0.856240449605375
0.982700353917139
0.632447128694067
0.152139661388278
-0.000564028404754
0.000565957108516
-0.018613351882604
-0.056904143608666
-0.022411553307604
0.088775220146821
0.121769102924074
-0.039182811090380
-0.194500041300745
-0.083264764258727
0.363592786650702
0.897995562462312
1.062519173680333
0.685846738750863
0.167901124224371
0.000565957108513
-0.000148529534868
0.006948036469765
0.021016636097780
0.008237224373125
-0.032179959388308
-0.042572777063760
0.013928295980456
0.062499000000000
0.024246175157422
-0.095740944875109
-0.158644969016224
0.030942817781647
0.460486359692982
0.878406482847390
0.999851470465133
0.000388501352438
0.008537603689441
0.027119675115434
0.010974433894447
-0.026548429769295
-0.033040601106618
0.016085212220328
0.077478590596790
0.037345327290295
-0.087161164351542
-0.123313141661058
0.076045634300959
0.491460595043768
0.885865142619645
1.000388501352439
