5
-1.000000000000000
-0.654653670707977
0.000000000000000
0.654653670707977
1.000000000000000
8
-1.000000000000000
-0.932469514203152
-0.661209386466264
-0.238619186083197
0.238619186083197
0.661209386466264
0.932469514203152
1.000000000000000
0.999844912581224
0.626575158582669
-0.117219072201751
-0.142885818484459
0.059077411534986
-0.006347262496629
-0.054665158085035
-0.000155087418777
1.001714234073441
0.695222175704238
0.008437689197487
-0.095467711020848
0.098352864736479
0.003670562327219
-0.023764295834558
0.000708350625658
-0.001877333467189
0.394313403846742
0.999423036056140
0.338889224626067
-0.343664031421478
0.003785355310534
0.068208326170700
-0.001297079010710
0.000461523476647
0.537437211966121
1.193562151988666
0.433834514828941
-0.191142379532023
0.019845479123749
0.156212281094149
0.000461523476650
-0.000397284501878
-0.284170529293778
-0.071646239368851
0.817766760273218
0.817766760240160
-0.071646239059445
-0.284170529694901
-0.000397284501880
0.000935637784428
-0.134262188280015
-0.010959857052855
1.000932297776753
1.000932297776752
-0.010959857053235
-0.134262188057202
0.000935637784425
-0.001297079010710
0.068208326170700
0.003785355310534
-0.343664031421478
0.338889224626067
0.999423036056140
0.394313403846742
-0.001877333467189
0.000461523476650
0.156212281094149
0.019845479123749
-0.191142379532023
0.433834514828941
1.193562151988666
0.537437211966121
0.000461523476647
-0.000155087418777
-0.054665158085035
-0.006347262496629
0.059077411534986
-0.142885818484459
-0.117219072201751
0.626575158582669
0.999844912581224
0.000708350625658
-0.023764295834558
0.003670562327219
0.098352864736479
-0.095467711020848
0.008437689197487
0.695222175704238
1.001714234073441
