4
-1.000000000000000
-0.447213595499958
0.447213595499958
1.000000000000000
7
-1.000000000000000
-0.666666666666667
-0.333333333333333
0.000000000000000
0.333333333333333
0.666666666666667
1.000000000000000
0.931902250263797
0.200767368727552
-0.107890183517312
-0.143951167070757
-0.038161997932360
0.050924925925926
-0.000142777549722
1.000556902916597
0.254630629629629
-0.073517171157478
-0.124583658004169
-0.035901871598102
0.071470464552377
0.032856728121967
-0.000986264776487
0.864829550347173
0.968655953279028
0.624123522134098
0.121508912101101
-0.237944126540458
-0.094085226604186
0.132261574035978
0.963021392327018
1.025240250570745
0.645758586538332
0.142038074081666
-0.170385105902729
0.000569181026070
-0.094085226604186
-0.237944126540458
0.121508912101101
0.624123522134098
0.968655953279028
0.864829550347173
-0.000986264776487
0.000569181026070
-0.170385105902729
0.142038074081666
0.645758586538332
1.025240250570745
0.963021392327018
0.132261574035978
-0.000142777549722
0.050924925925926
-0.038161997932360
-0.143951167070757
-0.107890183517312
0.200767368727552
0.931902250263797
0.032856728121967
0.071470464552377
-0.035901871598102
-0.124583658004169
-0.073517171157478
0.254630629629629
1.000556902916597
