6
-1.000000000000000
-0.765055323929465
-0.285231516480645
0.285231516480645
0.765055323929466
1.000000000000000
10
-1.000000000000000
-0.919533908166460
-0.738773865105504
-0.477924949810445
-0.165278957666387
0.165278957666387
0.477924949810443
0.738773865105507
0.919533908166457
1.000000000000000
0.997199484798336
0.428654939608702
-0.133600083005239
-0.131008796656798
0.046075488716669
0.032983036222993
-0.053328921244290
-0.011524467713640
0.021001614729711
-0.000077874090482
1.001219968785867
0.501780391478637
-0.041889011351664
-0.100633922707787
0.075801395876169
0.051699167200912
-0.034836075889494
-0.003912282684349
0.034927151576581
0.001786952336835
-0.001738199728808
0.620927939052259
0.992067905498028
0.398364065629462
-0.271814767125281
-0.127668453416330
0.100391289349271
0.012196995747069
-0.093856998635773
-0.003083702565906
0.004130410123673
0.762532746201365
1.127587011554183
0.446465667149429
-0.152833321275456
-0.096491474478904
0.155967933794007
0.027346202470938
-0.057020591820691
0.000208106565985
-0.001906478407000
-0.299309639748157
0.025982656248841
0.795752021852734
0.925222870617771
0.194113063073570
-0.316695560435499
-0.036405149950762
0.096137989461148
-0.000742934042189
0.000597203257670
-0.183361072153018
0.069652759017341
0.929330508026440
1.057319466417800
0.247094345595102
-0.200852565964251
-0.022368285786018
0.158890514812923
0.002074059413779
-0.000742934042189
0.096137989461148
-0.036405149950762
-0.316695560435499
0.194113063073570
0.925222870617771
0.795752021852734
0.025982656248841
-0.299309639748157
-0.001906478407000
0.002074059413779
0.158890514812923
-0.022368285786018
-0.200852565964251
0.247094345595102
1.057319466417800
0.929330508026440
0.069652759017341
-0.183361072153018
0.000597203257670
-0.003083702565906
-0.093856998635773
0.012196995747069
0.100391289349271
-0.127668453416330
-0.271814767125281
0.398364065629462
0.992067905498028
0.620927939052259
-0.001738199728808
0.000208106565985
-0.057020591820691
0.027346202470938
0.155967933794007
-0.096491474478904
-0.152833321275456
0.446465667149429
1.127587011554183
0.762532746201365
0.004130410123673
-0.000077874090482
0.021001614729711
-0.011524467713640
-0.053328921244290
0.032983036222993
0.046075488716669
-0.131008796656798
-0.133600083005239
0.428654939608702
0.997199484798336
0.001786952336835
0.034927151576581
-0.003912282684349
-0.034836075889494
0.051699167200912
0.075801395876169
-0.100633922707787
-0.041889011351664
0.501780391478637
1.001219968785867
