7
-1.000000000000000
-0.830223896278567
-0.468848793470714
0.000000000000000
0.468848793470714
0.830223896278567
1.000000000000000
4
-1.000000000000000
-0.577350269189626
0.577350269189626
1.000000000000000
0.024029874706619
-0.215862310345154
0.020333744654692
-0.023747050683994
1.000002226366769
0.064332318386962
0.063270065607811
0.000002226366766
-0.000002543388110
-0.232189367063529
-0.116000509956548
-0.000002543388112
1.592042011258971
0.397091179889288
-0.002502654496948
0.049354860902885
-0.444019929492492
0.612657245348745
-0.694996581352268
-0.002161126960771
0.000002859487622
1.117438371833324
0.104305399560443
0.159760335102530
-0.279321748634608
-0.195757836387311
-0.195757835919392
-0.279321752263297
0.006160763067687
1.000011588175905
1.000011588176003
0.006160760870166
-0.002161126960771
-0.694996581352268
0.612657245348745
-0.444019929492492
0.159760335102530
0.104305399560443
1.117438371833324
0.000002859487622
-0.000002543388112
-0.116000509956548
-0.232189367063529
-0.000002543388110
0.049354860902885
-0.002502654496948
0.397091179889288
1.592042011258971
-0.023747050683994
0.020333744654692
-0.215862310345154
0.024029874706619
0.000002226366766
0.063270065607811
0.064332318386962
1.000002226366769
