8
-1.000000000000000
-0.871740148509605
-0.591700181433143
-0.209299217902479
0.209299217902479
0.591700181433142
0.871740148509605
1.000000000000000
18
-1.000000000000000
-0.944992009863675
-0.873030221983895
-0.778525664293247
-0.658734576227969
-0.534549429083386
-0.394225204864721
-0.248186669358471
-0.092094979790259
0.092094979790259
0.248186669358471
0.394225204864721
0.534549429083386
0.658734576227969
0.778525664293247
0.873030221983895
0.944992009863675
1.000000000000000
0.961992350870470
0.357068973662411
-0.041451449828491
-0.161341553074935
-0.062089566334352
0.037977459604579
0.061248231860483
0.014138316240497
-0.043725455037314
-0.034983960625940
0.008813678485262
0.026491867670741
0.011268479860241
-0.015726162767484
-0.020931752523022
0.000009178156031
0.011173753632352
-0.000276468033231
1.002620432831500
0.399952275021233
0.004953324156662
-0.129896913368936
-0.055608165380826
0.054742566278777
0.074009483826920
0.017880873416930
-0.030713186892696
-0.025029582920268
0.014364861343126
0.034802366192698
0.015878915857596
-0.009634071935591
-0.013912974263640
0.003340220467720
0.017197580524401
0.006448075840083
-0.004724655645142
0.729506628935781
0.998227343528928
0.757331992757850
0.199859810942500
-0.182626607333576
-0.221744896073869
-0.048617281858082
0.089581823291806
0.071361623923240
-0.036782814209659
-0.090800683179176
-0.039669972079386
0.027537291085239
0.038555314347665
-0.006614250784114
-0.042670221104908
-0.014597589905118
0.073506684166035
0.804253069635867
1.075088865999041
0.790219470130806
0.231248508536666
-0.127334922875337
-0.188320700605111
-0.039489179091825
0.124374042125562
0.095878833554856
-0.023405059035166
-0.070399083449491
-0.029386552157695
0.041933499477456
0.055253112818576
0.000462212244877
-0.028567055865476
0.001209335011785
-0.048419136092209
-0.250061392099400
-0.034223755657222
0.482429604593511
0.932464695806304
0.955545069812407
0.580419765021832
0.073052092702542
-0.244825755032304
-0.166970887350482
0.040229711582077
0.115433774823898
0.047020516508902
-0.065214225409953
-0.084276787110291
-0.000429972403660
0.043223648968220
-0.001572205928097
0.002805932955427
-0.192455946694773
-0.004231441325684
0.521110542449354
0.995827223863587
1.009123200017500
0.602604181151575
0.103607142411912
-0.184665753082650
-0.133583709810771
0.058500278734796
0.143383771684696
0.057349521165227
-0.047445844449352
-0.063518628172466
0.005723451414335
0.060048124473636
0.017323074695631
-0.001381635644764
0.101578342518124
0.001525871293692
-0.212991306063029
-0.204129274487227
0.170248500823584
0.682494212144226
0.985170508869646
0.873309751838708
0.327984594474857
-0.129952590666771
-0.243992788309788
-0.093305506412968
0.078296241375580
0.099783786453799
-0.006046127971763
-0.085437233575577
-0.021811644569978
0.030877169337610
0.133414655146282
0.010345892758290
-0.174231103993666
-0.152930975497816
0.185633401014448
0.714842541030916
1.046572012038900
0.926279810992009
0.346859348576808
-0.083340511718203
-0.209034167391233
-0.079635966200844
0.102800160957566
0.126808470525547
-0.000536673794659
-0.064395199955757
0.001194665790603
-0.021811644569978
-0.085437233575577
-0.006046127971763
0.099783786453799
0.078296241375580
-0.093305506412968
-0.243992788309788
-0.129952590666771
0.327984594474857
0.873309751838708
0.985170508869646
0.682494212144226
0.170248500823584
-0.204129274487227
-0.212991306063029
0.001525871293692
0.101578342518124
-0.001381635644764
0.001194665790603
-0.064395199955757
-0.000536673794659
0.126808470525547
0.102800160957566
-0.079635966200844
-0.209034167391233
-0.083340511718203
0.346859348576808
0.926279810992009
1.046572012038900
0.714842541030916
0.185633401014448
-0.152930975497816
-0.174231103993666
0.010345892758290
0.133414655146282
0.030877169337610
-0.001572205928097
0.043223648968220
-0.000429972403660
-0.084276787110291
-0.065214225409953
0.047020516508902
0.115433774823898
0.040229711582077
-0.166970887350482
-0.244825755032304
0.073052092702542
0.580419765021832
0.955545069812407
0.932464695806304
0.482429604593511
-0.034223755657222
-0.250061392099400
-0.048419136092209
0.017323074695631
0.060048124473636
0.005723451414335
-0.063518628172466
-0.047445844449352
0.057349521165227
0.143383771684696
0.058500278734796
-0.133583709810771
-0.184665753082650
0.103607142411912
0.602604181151575
1.009123200017500
0.995827223863587
0.521110542449354
-0.004231441325684
-0.192455946694773
0.002805932955427
-0.014597589905118
-0.042670221104908
-0.006614250784114
0.038555314347665
0.027537291085239
-0.039669972079386
-0.090800683179176
-0.036782814209659
0.071361623923240
0.089581823291806
-0.048617281858082
-0.221744896073869
-0.182626607333576
0.199859810942500
0.757331992757850
0.998227343528928
0.729506628935781
-0.004724655645142
0.001209335011785
-0.028567055865476
0.000462212244877
0.055253112818576
0.041933499477456
-0.029386552157695
-0.070399083449491
-0.023405059035166
0.095878833554856
0.124374042125562
-0.039489179091825
-0.188320700605111
-0.127334922875337
0.231248508536666
0.790219470130806
1.075088865999041
0.804253069635867
0.073506684166035
-0.000276468033231
0.011173753632352
0.000009178156031
-0.020931752523022
-0.015726162767484
0.011268479860241
0.026491867670741
0.008813678485262
-0.034983960625940
-0.043725455037314
0.014138316240497
0.061248231860483
0.037977459604579
-0.062089566334352
-0.161341553074935
-0.041451449828491
0.357068973662411
0.961992350870470
0.006448075840083
0.017197580524401
0.003340220467720
-0.013912974263640
-0.009634071935591
0.015878915857596
0.034802366192698
0.014364861343126
-0.025029582920268
-0.030713186892696
0.017880873416930
0.074009483826920
0.054742566278777
-0.055608165380826
-0.129896913368936
0.004953324156662
0.399952275021233
1.002620432831500
