8
-1.000000000000000
-0.871740148509605
-0.591700181433143
-0.209299217902479
0.209299217902479
0.591700181433143
0.871740148509605
1.000000000000000
18
-1.000000000000000
-0.982973099683902
-0.932472229404356
-0.850217135729614
-0.739008917220659
-0.602634636379256
-0.445738355776538
-0.273662990072083
-0.092268359463302
0.092268359463302
0.273662990072083
0.445738355776538
0.602634636379256
0.739008917220659
0.850217135729614
0.932472229404356
0.982973099683902
1.000000000000000
0.999841273347289
0.760856566384290
0.257121347275238
-0.111950119066327
-0.144830703821965
-0.008889311636716
0.063706509753439
0.024339318823071
-0.044838778612736
-0.033807338146413
0.014136426043883
0.024335238209883
-0.004148498661456
-0.024092551631609
-0.006008061812679
0.010538393724283
0.006636785078159
-0.000214552657302
1.003128756947860
0.779594503556421
0.304359792738841
-0.057317548765504
-0.121764289853589
0.004593451374181
0.084917188066629
0.028581468931708
-0.031838172484825
-0.026153783075498
0.021154709312065
0.032901903964163
-0.000759733189714
-0.017042084370294
-0.003257228428214
0.014772410277910
0.010295071535707
0.001459422733616
-0.005286050875622
0.289345680593761
0.821987502163095
0.981695325825281
0.580090606746587
-0.032454950077822
-0.259217783449666
-0.080962426344933
0.091773386084725
0.073548299270082
-0.055843480791988
-0.086165599016510
0.003429370919698
0.046081317703326
0.009874118029261
-0.037173494088226
-0.025286378414885
-0.002434757178133
0.001079420531455
0.323627962241080
0.907475690904351
1.062987959917201
0.597317432885593
0.031879826687019
-0.200730064943257
-0.068950594481218
0.128446402050020
0.092275941489873
-0.037532643719972
-0.064207124919757
0.011740037887324
0.063862013473560
0.016253375680541
-0.026750516307415
-0.016558090818938
0.001079420531453
-0.001975735117206
-0.127852695838044
-0.247687658686254
0.079020722508982
0.670593641235093
0.998265423496316
0.746683648767237
0.135289136052698
-0.256765748101361
-0.158735719780404
0.063071372692699
0.103524007922375
-0.019166745224310
-0.098902179393446
-0.024551154099799
0.039946149597146
0.024477685474859
-0.002260446483220
0.002902637621497
-0.104800656887872
-0.186279376698037
0.105449960990197
0.723693234675953
1.092819586359075
0.790720110761586
0.177619445987991
-0.185831990535022
-0.134742529083651
0.092675197239077
0.136033232458721
-0.007779771758898
-0.073263961035826
-0.017227641819913
0.054164771687583
0.035382234451143
0.001452834539727
-0.001781753571835
0.058058720335272
0.096069399723944
-0.051050791294829
-0.265990589527965
-0.077673781346347
0.507228875962748
0.959005619353598
0.874140426551446
0.322659161839749
-0.195267653952963
-0.223286920519971
0.013871984771110
0.114173953181993
0.026551208912046
-0.079163655000759
-0.049745347875081
-0.001097004327990
0.000888745732284
0.073861333305009
0.126335787105310
-0.043347242658499
-0.205383172926444
-0.030514151273660
0.529799663861133
1.048757390373867
0.940011380409188
0.340096217281852
-0.127371063325265
-0.182838449554995
0.030900383215781
0.150601456015802
0.033420821657194
-0.060643417937562
-0.037507768715284
0.001212158959241
-0.001097004327990
-0.049745347875081
-0.079163655000759
0.026551208912046
0.114173953181993
0.013871984771110
-0.223286920519971
-0.195267653952963
0.322659161839749
0.874140426551446
0.959005619353598
0.507228875962748
-0.077673781346347
-0.265990589527965
-0.051050791294829
0.096069399723944
0.058058720335272
-0.001781753571835
0.001212158959241
-0.037507768715284
-0.060643417937562
0.033420821657194
0.150601456015802
0.030900383215781
-0.182838449554995
-0.127371063325265
0.340096217281852
0.940011380409188
1.048757390373867
0.529799663861133
-0.030514151273660
-0.205383172926444
-0.043347242658499
0.126335787105310
0.073861333305009
0.000888745732284
-0.002260446483220
0.024477685474859
0.039946149597146
-0.024551154099799
-0.098902179393446
-0.019166745224310
0.103524007922375
0.063071372692699
-0.158735719780404
-0.256765748101361
0.135289136052698
0.746683648767237
0.998265423496316
0.670593641235093
0.079020722508982
-0.247687658686254
-0.127852695838044
-0.001975735117206
0.001452834539727
0.035382234451143
0.054164771687583
-0.017227641819913
-0.073263961035826
-0.007779771758898
0.136033232458721
0.092675197239077
-0.134742529083651
-0.185831990535022
0.177619445987991
0.790720110761586
1.092819586359075
0.723693234675953
0.105449960990197
-0.186279376698037
-0.104800656887872
0.002902637621497
-0.002434757178133
-0.025286378414885
-0.037173494088226
0.009874118029261
0.046081317703326
0.003429370919698
-0.086165599016510
-0.055843480791988
0.073548299270082
0.091773386084725
-0.080962426344933
-0.259217783449666
-0.032454950077822
0.580090606746587
0.981695325825281
0.821987502163095
0.289345680593761
-0.005286050875622
0.001079420531453
-0.016558090818938
-0.026750516307415
0.016253375680541
0.063862013473560
0.011740037887324
-0.064207124919757
-0.037532643719972
0.092275941489873
0.128446402050020
-0.068950594481218
-0.200730064943257
0.031879826687019
0.597317432885593
1.062987959917201
0.907475690904351
0.323627962241080
0.001079420531455
-0.000214552657302
0.006636785078159
0.010538393724283
-0.006008061812679
-0.024092551631609
-0.004148498661456
0.024335238209883
0.014136426043883
-0.033807338146413
-0.044838778612736
0.024339318823071
0.063706509753439
-0.008889311636716
-0.144830703821965
-0.111950119066327
0.257121347275238
0.760856566384290
0.999841273347289
0.001459422733616
0.010295071535707
0.014772410277910
-0.003257228428214
-0.017042084370294
-0.000759733189714
0.032901903964163
0.021154709312065
-0.026153783075498
-0.031838172484825
0.028581468931708
0.084917188066629
0.004593451374181
-0.121764289853589
-0.057317548765504
0.304359792738841
0.779594503556421
1.003128756947860
