8
-1.000000000000000
-0.871740148509605
-0.591700181433143
-0.209299217902479
0.209299217902479
0.591700181433143
0.871740148509605
1.000000000000000
6
-1.000000000000000
-0.861136311594053
-0.339981043584856
0.339981043584856
0.861136311594053
1.000000000000000
0.733657080701329
-0.155806092493487
-0.026047452854902
-0.055192878020121
-0.009166762356704
-0.000016181809401
1.003434615088156
-0.031305052258556
0.096434296950266
0.033763420782898
0.006541307152438
0.021287298859756
-0.000003300167535
0.485732540664469
-0.494681422908325
-0.078160069758392
-0.023657132086304
-0.033215323570921
0.796248842531558
1.036160838011099
0.028035313878649
0.215788263638124
0.012536208318402
0.000003477597852
-0.577993325413740
0.047761246266482
-0.059627841416364
-0.414230425934791
-0.011120016927977
-0.000017663582286
0.000013402820619
1.257938424321745
0.787401524404295
0.127476471187805
0.036389628460621
0.049442700659153
-0.000006391602370
-0.826451913709633
0.769760366090962
-0.238816577397080
0.011430509166952
-0.153847978633604
0.273012450645742
-0.022545044609116
1.338230204792951
0.067365192778628
0.131297442902788
0.000004254120801
-0.153847978633604
0.011430509166952
-0.238816577397080
0.769760366090962
-0.826451913709633
-0.000006391602370
0.000004254120801
0.131297442902788
0.067365192778628
1.338230204792951
-0.022545044609116
0.273012450645742
-0.000017663582286
-0.011120016927977
-0.414230425934791
-0.059627841416364
0.047761246266482
-0.577993325413740
0.049442700659153
0.036389628460621
0.127476471187805
0.787401524404295
1.257938424321745
0.000013402820619
-0.033215323570921
-0.023657132086304
-0.078160069758392
-0.494681422908325
0.485732540664469
-0.000003300167535
0.000003477597852
0.012536208318402
0.215788263638124
0.028035313878649
1.036160838011099
0.796248842531558
-0.000016181809401
-0.009166762356704
-0.055192878020121
-0.026047452854902
-0.155806092493487
0.733657080701329
0.021287298859756
0.006541307152438
0.033763420782898
0.096434296950266
-0.031305052258556
1.003434615088156
