8
-1.000000000000000
-0.871740148509605
-0.591700181433143
-0.209299217902479
0.209299217902479
0.591700181433143
0.871740148509605
1.000000000000000
7
-1.000000000000000
-0.830223896278567
-0.468848793470714
0.000000000000000
0.468848793470714
0.830223896278567
1.000000000000000
0.610364750998538
-0.236230492017943
0.060975656380941
-0.058865645708201
0.020258742860844
-0.042793800973901
-0.000399792861037
1.000769002800187
-0.094884775447068
0.080888155270539
-0.029758076122348
0.047491285108050
-0.008064579169183
0.028230595014099
-0.000414073549039
0.832777245516258
-0.451145188938802
0.108839023398811
-0.144535340412359
0.022657110220816
-0.072095517211394
0.794458170586758
1.093272212986052
-0.195257284762505
0.177864040841876
-0.055042770425042
0.116199842557413
0.001712034337365
-0.594579439278497
0.192116324496698
0.679112420003000
-0.552492550188069
0.094380173160914
-0.186796575510609
-0.000145961054528
0.000643525366690
0.770172562936411
1.147251557321265
-0.204028353469557
0.260989079092405
-0.034485197669013
0.109627734961591
-0.000148358169813
-0.619856925869343
0.315044424629216
0.487828716303943
-0.605584055615996
0.052662876427667
-0.163585682509504
0.273114901135881
-0.088129315279319
0.917209561444713
1.072123713584676
-0.162302014432736
0.316544874571554
0.000188923660519
-0.163585682509504
0.052662876427667
-0.605584055615996
0.487828716303943
0.315044424629216
-0.619856925869343
-0.000148358169813
0.000188923660519
0.316544874571554
-0.162302014432736
1.072123713584676
0.917209561444713
-0.088129315279319
0.273114901135881
-0.000145961054528
-0.186796575510609
0.094380173160914
-0.552492550188069
0.679112420003000
0.192116324496698
-0.594579439278497
0.109627734961591
-0.034485197669013
0.260989079092405
-0.204028353469557
1.147251557321265
0.770172562936411
0.000643525366690
-0.072095517211394
0.022657110220816
-0.144535340412359
0.108839023398811
-0.451145188938802
0.832777245516258
-0.000414073549039
0.001712034337365
0.116199842557413
-0.055042770425042
0.177864040841876
-0.195257284762505
1.093272212986052
0.794458170586758
-0.000399792861037
-0.042793800973901
0.020258742860844
-0.058865645708201
0.060975656380941
-0.236230492017943
0.610364750998538
0.028230595014099
-0.008064579169183
0.047491285108050
-0.029758076122348
0.080888155270539
-0.094884775447068
1.000769002800187
