4
-1.000000000000000
-0.447213595499958
0.447213595499958
1.000000000000000
10
-1.000000000000000
-0.939692620785908
-0.766044443118978
-0.500000000000000
-0.173648177666930
0.173648177666930
0.500000000000000
0.766044443118978
0.939692620785908
1.000000000000000
0.999951221740008
0.819116040337308
0.399468128812730
0.009519183466296
-0.154261201376442
-0.097127668804090
0.015608272147693
0.056561278198767
0.025713293719032
-0.000048778259991
1.000222664573132
0.828219725580959
0.427050242280760
0.046876000000000
-0.124485567898791
-0.087578140937157
0.022913144558319
0.069713744467132
0.029475913855430
0.000272330869355
-0.000370652520336
0.226432085303749
0.700458491954366
0.992827432226513
0.841298030086760
0.364052039188476
-0.093695225400775
-0.218654410968382
-0.094078513136419
-0.000370652520337
0.000168207949060
0.244221072307704
0.751663550114682
1.059135816312725
0.884326991706960
0.371933400490982
-0.055327432226513
-0.184098584145768
-0.080393662861876
0.000168207949059
-0.000370652520337
-0.094078513136419
-0.218654410968382
-0.093695225400775
0.364052039188476
0.841298030086760
0.992827432226513
0.700458491954366
0.226432085303749
-0.000370652520336
0.000168207949059
-0.080393662861876
-0.184098584145768
-0.055327432226513
0.371933400490982
0.884326991706960
1.059135816312725
0.751663550114682
0.244221072307704
0.000168207949060
-0.000048778259991
0.025713293719032
0.056561278198767
0.015608272147693
-0.097127668804090
-0.154261201376442
0.009519183466296
0.399468128812730
0.819116040337308
0.999951221740008
0.000272330869355
0.029475913855430
0.069713744467132
0.022913144558319
-0.087578140937157
-0.124485567898791
0.046876000000000
0.427050242280760
0.828219725580959
1.000222664573132
