3
-1.000000000000000
0.000000000000000
1.000000000000000
18
-1.000000000000000
-0.882634525645131
-0.764764527970864
-0.647247550273869
-0.529809719609843
-0.411972561160095
-0.294145799932353
-0.176244314232748
-0.058646916277295
0.058646916277295
0.176244314232748
0.294145799932353
0.411972561160095
0.529809719609843
0.647247550273869
0.764764527970864
0.882634525645131
1.000000000000000
0.998285587274166
0.829107065303207
0.673070359588339
0.531377126581125
0.403515087485726
0.289111891767978
0.188595140550419
0.101913630392115
0.029322458138821
-0.029324458138822
-0.074330683840230
-0.105550659382486
-0.122860669391620
-0.126294632124590
-0.115870423692290
-0.091694168382885
-0.053527460341225
-0.001714412726569
1.000059603190937
0.830854738492540
0.674815655606681
0.533124765080124
0.405297202317004
0.290873758702825
0.190343520702305
0.103658194129372
0.031078750277453
-0.027568165999843
-0.072586120103375
-0.103802279230048
-0.121098802457270
-0.124512517292839
-0.114122785193745
-0.089948872364183
-0.051779787152591
0.000059603190937
-0.000118206834643
0.220926048077555
0.415134216757502
0.580999019584412
0.719216316066963
0.830226044974697
0.913459758072194
0.968928925585587
0.996490415276660
0.996490415289914
0.968928921816969
0.913459758099642
0.830226044974566
0.719216316066963
0.580999019584412
0.415134216757502
0.220926048495764
-0.000118206834643
0.003427825453723
0.224419395036680
0.418622808794740
0.584492297109821
0.722778544638793
0.833747777623482
0.916954518832186
0.972416053448071
1.000001000000001
1.000000999999999
0.972416053448074
0.916954518832183
0.833747777623485
0.722778544638790
0.584492297113021
0.418622808794663
0.224419395038333
0.003427825452094
-0.001714412726569
-0.053527460341225
-0.091694168382885
-0.115870423692290
-0.126294632124590
-0.122860669391620
-0.105550659382486
-0.074330683840230
-0.029324458138822
0.029322458138821
0.101913630392115
0.188595140550419
0.289111891767978
0.403515087485726
0.531377126581125
0.673070359588339
0.829107065303207
0.998285587274166
0.000059603190937
-0.051779787152591
-0.089948872364183
-0.114122785193745
-0.124512517292839
-0.121098802457270
-0.103802279230048
-0.072586120103375
-0.027568165999843
0.031078750277453
0.103658194129372
0.190343520702305
0.290873758702825
0.405297202317004
0.533124765080124
0.674815655606681
0.830854738492540
1.000059603190937
