6
-1.000000000000000
-0.765055323929465
-0.285231516480645
0.285231516480645
0.765055323929466
1.000000000000000
19
-1.000000000000000
-0.984807753012208
-0.939692620785908
-0.866025403784439
-0.766044443118978
-0.642787609686539
-0.500000000000000
-0.342020143325669
-0.173648177666930
-0.000000000000000
0.173648177666930
0.342020143325668
0.500000000000000
0.642787609686539
0.766044443118978
0.866025403784438
0.939692620785908
0.984807753012208
1.000000000000000
0.999879365057071
0.885890196786172
0.594233666663526
0.247185553041616
-0.022942188503297
-0.142691305974019
-0.119657024227241
-0.029468937245340
0.043751745752268
0.062499000000000
0.030740431686096
-0.017455604153306
-0.042319973782397
-0.029465586485072
0.000115106180144
0.019255959208963
0.018799402403174
0.006762237745011
-0.000254416111302
1.001517057303811
0.890163225145065
0.607954116767043
0.270055209752967
0.002071430400130
-0.123152806468023
-0.110880238185207
-0.025909905981301
0.052768266507165
0.069959062381263
0.033584845393870
-0.013924179176716
-0.036648225262249
-0.026308635458288
0.001346310725924
0.022558382598153
0.021534634751933
0.008179985816201
0.000515354955014
-0.002453258508549
0.146607868199153
0.499535069248634
0.852209372766836
0.999599604620903
0.857106197375139
0.496617274777457
0.085088992424056
-0.175477238073201
-0.216421969210624
-0.097164801717005
0.040997805054777
0.104280881027488
0.073856666838873
-0.003158344066705
-0.060841885892740
-0.057658650630272
-0.021412559797028
-0.000716472058991
0.000402297333866
0.154416193355634
0.524962193149905
0.892041272005582
1.040154488115124
0.881698024637644
0.501831687349471
0.108897911321414
-0.145662095452562
-0.194583332349860
-0.091495184243983
0.051106537874179
0.119593804179904
0.081693514310974
-0.000247055256263
-0.052416560056368
-0.050890213161418
-0.018200256804035
0.000793803037020
-0.000615285380795
-0.061968509821212
-0.179409308519515
-0.204700317648357
-0.021113444873596
0.354134362256822
0.747502063321439
0.982206350830605
0.935201976227303
0.631713560629209
0.215305859581116
-0.116727345077482
-0.229779387719915
-0.149805669412925
0.000543104190009
0.089995953993045
0.085814118659585
0.030413822447280
-0.001308765323045
0.001722853178860
-0.055760105647424
-0.161223325734502
-0.179110796436090
-0.002083072649685
0.359217205160260
0.775343076342433
1.021631209810170
0.971324473900141
0.646476091959437
0.227939291569191
-0.088747910036481
-0.204316022213613
-0.136415900660547
0.005634735260510
0.104074015024418
0.096077803133731
0.035051870014641
0.000523895245315
-0.001308765323045
0.030413822447280
0.085814118659585
0.089995953993045
0.000543104190009
-0.149805669412925
-0.229779387719915
-0.116727345077482
0.215305859581116
0.631713560629209
0.935201976227303
0.982206350830605
0.747502063321439
0.354134362256822
-0.021113444873596
-0.204700317648357
-0.179409308519515
-0.061968509821212
-0.000615285380795
0.000523895245315
0.035051870014641
0.096077803133731
0.104074015024418
0.005634735260510
-0.136415900660547
-0.204316022213613
-0.088747910036481
0.227939291569191
0.646476091959437
0.971324473900141
1.021631209810170
0.775343076342433
0.359217205160260
-0.002083072649685
-0.179110796436090
-0.161223325734502
-0.055760105647424
0.001722853178860
-0.000716472058991
-0.021412559797028
-0.057658650630272
-0.060841885892740
-0.003158344066705
0.073856666838873
0.104280881027488
0.040997805054777
-0.097164801717005
-0.216421969210624
-0.175477238073201
0.085088992424056
0.496617274777457
0.857106197375139
0.999599604620903
0.852209372766836
0.499535069248634
0.146607868199153
-0.002453258508549
0.000793803037020
-0.018200256804035
-0.050890213161418
-0.052416560056368
-0.000247055256263
0.081693514310974
0.119593804179904
0.051106537874179
-0.091495184243983
-0.194583332349860
-0.145662095452562
0.108897911321414
0.501831687349471
0.881698024637644
1.040154488115124
0.892041272005582
0.524962193149905
0.154416193355634
0.000402297333866
-0.000254416111302
0.006762237745011
0.018799402403174
0.019255959208963
0.000115106180144
-0.029465586485072
-0.042319973782397
-0.017455604153306
0.030740431686096
0.062499000000000
0.043751745752268
-0.029468937245340
-0.119657024227241
-0.142691305974019
-0.022942188503297
0.247185553041616
0.594233666663526
0.885890196786172
0.999879365057071
0.000515354955014
0.008179985816201
0.021534634751933
0.022558382598153
0.001346310725924
-0.026308635458288
-0.036648225262249
-0.013924179176716
0.033584845393870
0.069959062381263
0.052768266507165
-0.025909905981301
-0.110880238185207
-0.123152806468023
0.002071430400130
0.270055209752967
0.607954116767043
0.890163225145065
1.001517057303811
