4
-1.000000000000000
-0.447213595499958
0.447213595499958
1.000000000000000
17
-1.000000000000000
-0.910867656061216
-0.808814154803089
-0.698684302329259
-0.576678498121940
-0.454469907538258
-0.324366251612159
-0.177899641156207
0.000000000000000
0.177899641156207
0.324366251612159
0.454469907538258
0.576678498121940
0.698684302329259
0.808814154803089
0.910867656061216
1.000000000000000
0.996437416388674
0.745550224048401
0.508059202680048
0.298683839949370
0.124124577239748
-0.000089323076627
-0.084089223189971
-0.130415478190186
-0.131260235931573
-0.088179586904673
-0.040329440134674
0.002151956431123
0.035022910786171
0.054240008924525
0.054261277360403
0.035077027654252
-0.000099692284708
1.000223088499026
0.752025296648098
0.513455996352326
0.305933782017930
0.130655076769672
0.005987644164203
-0.078397202677425
-0.123823783844751
-0.124868080177139
-0.086316781968627
-0.039654662844042
0.003218164209819
0.037155876012096
0.056879532929231
0.056885604525019
0.038049872763611
0.002154136836997
-0.000419603538316
0.323260244614419
0.607034287062476
0.819666648325795
0.954994465095356
0.999756516134535
0.964710936849797
0.845697876934279
0.624651222447509
0.363330548734645
0.148991960901708
-0.012797048292008
-0.128440123554034
-0.188289696606690
-0.182583877616813
-0.118897485364450
-0.005889470618728
0.007104318482964
0.335546050090640
0.617399911492310
0.832991103519335
0.966898896381462
1.010055638310324
0.974375092707835
0.855273664529471
0.632083785861354
0.364751247812496
0.153836566503788
-0.007894523129341
-0.120679285113077
-0.179840200275604
-0.174751313472472
-0.110362387942522
0.000296388920721
-0.005889470618728
-0.118897485364450
-0.182583877616813
-0.188289696606690
-0.128440123554034
-0.012797048292008
0.148991960901708
0.363330548734645
0.624651222447509
0.845697876934279
0.964710936849797
0.999756516134535
0.954994465095356
0.819666648325795
0.607034287062476
0.323260244614419
-0.000419603538316
0.000296388920721
-0.110362387942522
-0.174751313472472
-0.179840200275604
-0.120679285113077
-0.007894523129341
0.153836566503788
0.364751247812496
0.632083785861354
0.855273664529471
0.974375092707835
1.010055638310324
0.966898896381462
0.832991103519335
0.617399911492310
0.335546050090640
0.007104318482964
-0.000099692284708
0.035077027654252
0.054261277360403
0.054240008924525
0.035022910786171
0.002151956431123
-0.040329440134674
-0.088179586904673
-0.131260235931573
-0.130415478190186
-0.084089223189971
-0.000089323076627
0.124124577239748
0.298683839949370
0.508059202680048
0.745550224048401
0.996437416388674
0.002154136836997
0.038049872763611
0.056885604525019
0.056879532929231
0.037155876012096
0.003218164209819
-0.039654662844042
-0.086316781968627
-0.124868080177139
-0.123823783844751
-0.078397202677425
0.005987644164203
0.130655076769672
0.305933782017930
0.513455996352326
0.752025296648098
1.000223088499026
