8
-1.000000000000000
-0.871740148509605
-0.591700181433143
-0.209299217902479
0.209299217902479
0.591700181433143
0.871740148509605
1.000000000000000
19
-1.000000000000000
-0.888888888888889
-0.777777777777778
-0.666666666666667
-0.555555555555556
-0.444444444444444
-0.333333333333333
-0.222222222222222
-0.111111111111111
0.000000000000000
0.111111111111111
0.222222222222222
0.333333333333333
0.444444444444444
0.555555555555555
0.666666666666667
0.777777777777778
0.888888888888889
1.000000000000000
0.828303683436137
-0.038844229010993
-0.151391955203068
-0.074526771850993
0.025623260662228
0.063859123740609
0.046423939069300
0.003317287976704
-0.033453333519707
-0.042649708803065
-0.025546538413296
0.002909744840065
0.023104323157092
0.024416712931591
0.007167151078412
-0.016120756584728
-0.020707400233937
0.003486262784936
-0.000215292755114
1.002374833640683
0.062769849419161
-0.129678708834707
-0.063762299206761
0.037376250699264
0.073262598214921
0.052651389072976
0.007230338264761
-0.027208255858745
-0.036787107847230
-0.021291637958859
0.006524483482290
0.028402267201908
0.029618750651799
0.010528914239065
-0.011002810099721
-0.014131859168737
0.010582263517089
0.016980357051330
-0.003515341166581
0.987835508816452
0.755060865291323
0.236243200314867
-0.127201776912323
-0.226154292287389
-0.153414385245155
-0.017608538658738
0.080456513236717
0.105594308394735
0.061470515195852
-0.014976289923957
-0.073501935823825
-0.076086887985475
-0.024985435177251
0.031688976643144
0.039695840478449
-0.024840080017643
-0.041535208339449
0.308282795515182
1.162897441696088
0.768919376996207
0.263177323622347
-0.087587061773556
-0.201670423606508
-0.139638506821368
-0.008839672573280
0.095291895039113
0.118668104894762
0.069968933332506
-0.007854985565855
-0.062038737142601
-0.065024948667339
-0.018911195583291
0.042679860110709
0.054073033568099
-0.009014905235958
0.000631630134129
-0.221675336127348
-0.169246025969005
0.485830817229180
0.915269683132102
0.980359873127301
0.743416301825474
0.364456066428600
0.010010319329205
-0.192377640017816
-0.222744396100163
-0.122443075939062
0.012978211899402
0.102320719496803
0.104542630098183
0.029375200189963
-0.067829935125772
-0.082608906552700
0.013038371888027
-0.001560486506807
0.001393350582471
-0.072526661781799
0.515417112684326
0.971354096527963
1.020937667469957
0.765771715365955
0.373320313404690
0.032624014386576
-0.167709697705385
-0.203086114365173
-0.114240927960601
0.021902786650336
0.117819169206281
0.118166623615497
0.034992689496085
-0.053378278673389
-0.064830864030444
0.033762063371522
0.058286675003835
-0.001048948111090
0.034077372367848
-0.209084802436401
-0.208165076272236
0.098130365558342
0.511822628430119
0.850850380019576
0.998364975358786
0.909076836590724
0.633430977259493
0.271042696756320
-0.051126874090571
-0.219261474870242
-0.203243978878786
-0.054058588326912
0.085499219077942
0.099982321727278
-0.049087501533665
-0.083725123594606
0.128294664047847
0.079041140774148
-0.174352998784646
-0.164961955104442
0.113781162585488
0.522985646121243
0.880364841268558
1.029984956233929
0.937195864008199
0.645534499767730
0.279975905457304
-0.029367936094194
-0.193653327465971
-0.183767338718637
-0.049782104115375
0.107545310592567
0.123053035919165
-0.020591648269653
0.001072512994896
-0.083725123594606
-0.049087501533665
0.099982321727278
0.085499219077942
-0.054058588326912
-0.203243978878786
-0.219261474870242
-0.051126874090571
0.271042696756320
0.633430977259493
0.909076836590724
0.998364975358786
0.850850380019576
0.511822628430119
0.098130365558342
-0.208165076272236
-0.209084802436401
0.034077372367848
-0.001048948111090
0.001072512994896
-0.020591648269653
0.123053035919165
0.107545310592567
-0.049782104115375
-0.183767338718637
-0.193653327465971
-0.029367936094194
0.279975905457304
0.645534499767730
0.937195864008199
1.029984956233929
0.880364841268558
0.522985646121243
0.113781162585488
-0.164961955104442
-0.174352998784646
0.079041140774148
0.128294664047847
-0.001560486506807
0.013038371888027
-0.082608906552700
-0.067829935125772
0.029375200189963
0.104542630098183
0.102320719496803
0.012978211899402
-0.122443075939062
-0.222744396100163
-0.192377640017816
0.010010319329205
0.364456066428600
0.743416301825474
0.980359873127301
0.915269683132102
0.485830817229180
-0.169246025969005
-0.221675336127348
0.058286675003835
0.033762063371522
-0.064830864030444
-0.053378278673389
0.034992689496085
0.118166623615497
0.117819169206281
0.021902786650336
-0.114240927960601
-0.203086114365173
-0.167709697705385
0.032624014386576
0.373320313404690
0.765771715365955
1.020937667469957
0.971354096527963
0.515417112684326
-0.072526661781799
0.001393350582471
-0.041535208339449
-0.024840080017643
0.039695840478449
0.031688976643144
-0.024985435177251
-0.076086887985475
-0.073501935823825
-0.014976289923957
0.061470515195852
0.105594308394735
0.080456513236717
-0.017608538658738
-0.153414385245155
-0.226154292287389
-0.127201776912323
0.236243200314867
0.755060865291323
0.987835508816452
-0.003515341166581
0.000631630134129
-0.009014905235958
0.054073033568099
0.042679860110709
-0.018911195583291
-0.065024948667339
-0.062038737142601
-0.007854985565855
0.069968933332506
0.118668104894762
0.095291895039113
-0.008839672573280
-0.139638506821368
-0.201670423606508
-0.087587061773556
0.263177323622347
0.768919376996207
1.162897441696088
0.308282795515182
-0.000215292755114
0.003486262784936
-0.020707400233937
-0.016120756584728
0.007167151078412
0.024416712931591
0.023104323157092
0.002909744840065
-0.025546538413296
-0.042649708803065
-0.033453333519707
0.003317287976704
0.046423939069300
0.063859123740609
0.025623260662228
-0.074526771850993
-0.151391955203068
-0.038844229010993
0.828303683436137
0.016980357051330
0.010582263517089
-0.014131859168737
-0.011002810099721
0.010528914239065
0.029618750651799
0.028402267201908
0.006524483482290
-0.021291637958859
-0.036787107847230
-0.027208255858745
0.007230338264761
0.052651389072976
0.073262598214921
0.037376250699264
-0.063762299206761
-0.129678708834707
0.062769849419161
1.002374833640683
