3
-1.000000000000000
0.000000000000000
1.000000000000000
16
-1.000000000000000
-0.866793823703656
-0.732015812432327
-0.599370413222126
-0.466469122052697
-0.333022283994698
-0.200536288725679
-0.066201660798349
0.066201660798349
0.200536288725679
0.333022283994698
0.466469122052697
0.599370413222126
0.732015812432327
0.866793823703656
1.000000000000000
0.997749480646537
0.806875003678036
0.631574052148922
0.477258092704050
0.339656195431826
0.219878440021289
0.118066823972250
0.033086142784076
-0.033121850598724
-0.082463087541639
-0.113149759131957
-0.126806579910473
-0.122118186487670
-0.100435523989178
-0.059924983641258
-0.002244423329020
1.000067225896182
0.809067500392949
0.633979898492570
0.479359710924723
0.342032281940655
0.222009689162342
0.120398829916625
0.035301544143558
-0.030900116654790
-0.080137458809054
-0.111012594832356
-0.124436840112042
-0.120010702297403
-0.098035913939757
-0.057726323310707
0.000067225896182
-0.000133451841040
0.248659822856437
0.464057016240777
0.640651991281956
0.782405558171386
0.889003904219426
0.959739631980202
0.995599572419847
0.995599572419848
0.959739631980202
0.889003904219426
0.782405558171376
0.640651991283322
0.464057015451263
0.248659823470573
-0.000133451841040
0.004498991485643
0.253043848958182
0.468865694668104
0.644854211310823
0.787154699502667
0.893265395565637
0.964400604062291
1.000029435721932
1.000029435721180
0.964400604062884
0.893265395565087
0.787154699503215
0.644854211310836
0.468865694668090
0.253043848958184
0.004498991485647
-0.002244423329020
-0.059924983641258
-0.100435523989178
-0.122118186487670
-0.126806579910473
-0.113149759131957
-0.082463087541639
-0.033121850598724
0.033086142784076
0.118066823972250
0.219878440021289
0.339656195431826
0.477258092704050
0.631574052148922
0.806875003678036
0.997749480646537
0.000067225896182
-0.057726323310707
-0.098035913939757
-0.120010702297403
-0.124436840112042
-0.111012594832356
-0.080137458809054
-0.030900116654790
0.035301544143558
0.120398829916625
0.222009689162342
0.342032281940655
0.479359710924723
0.633979898492570
0.809067500392949
1.000067225896182
