4
-1.000000000000000
-0.447213595499958
0.447213595499958
1.000000000000000
15
-1.000000000000000
-0.965245926503512
-0.885082044223669
-0.763519689951306
-0.606253205470007
-0.420638054713653
-0.215353955363795
0.000000000000000
0.215353955363794
0.420638054713676
0.606253205469837
0.763519689951802
0.885082044223012
0.965245926503824
1.000000000000000
0.999853109113479
0.896553289015845
0.681251460562089
0.411646108715530
0.154769262686588
-0.034564952657143
-0.128485236660452
-0.132610789150294
-0.077982880643574
-0.008397944532585
0.041207751793620
0.056557336250724
0.041898821074281
0.015853051151863
-0.000070619059155
1.000222662724225
0.898892335422095
0.687385771854939
0.422260677273881
0.168223414767653
-0.020477166307380
-0.116495186279911
-0.124882869179997
-0.075125042393892
-0.006431613160444
0.045676291352434
0.060776433911394
0.045035894281567
0.017060095712895
0.000281049377612
-0.000384713505323
0.134556334160231
0.403252368871563
0.705382399949104
0.931107449542957
0.998259582368654
0.882674344598880
0.624701660048245
0.305018642581081
0.018400901131301
-0.155490481861410
-0.198041362552689
-0.140971676628881
-0.052889025275978
-0.000478884552167
0.000374950081192
0.138978144215080
0.415128254193206
0.724988923516710
0.955699825769739
1.021974429361594
0.901024887102786
0.632827735126427
0.309207922205936
0.030572618609863
-0.140564969129852
-0.184226824265074
-0.132563372592770
-0.049328131525404
0.000206259048735
-0.000478884552167
-0.052889025275978
-0.140971676628881
-0.198041362552689
-0.155490481861410
0.018400901131301
0.305018642581081
0.624701660048245
0.882674344598880
0.998259582368654
0.931107449542957
0.705382399949104
0.403252368871563
0.134556334160231
-0.000384713505323
0.000206259048735
-0.049328131525404
-0.132563372592770
-0.184226824265074
-0.140564969129852
0.030572618609863
0.309207922205936
0.632827735126427
0.901024887102786
1.021974429361594
0.955699825769739
0.724988923516710
0.415128254193206
0.138978144215080
0.000374950081192
-0.000070619059155
0.015853051151863
0.041898821074281
0.056557336250724
0.041207751793620
-0.008397944532585
-0.077982880643574
-0.132610789150294
-0.128485236660452
-0.034564952657143
0.154769262686588
0.411646108715530
0.681251460562089
0.896553289015845
0.999853109113479
0.000281049377612
0.017060095712895
0.045035894281567
0.060776433911394
0.045676291352434
-0.006431613160444
-0.075125042393892
-0.124882869179997
-0.116495186279911
-0.020477166307380
0.168223414767653
0.422260677273881
0.687385771854939
0.898892335422095
1.000222662724225
