5
-1.000000000000000
-0.654653670707977
0.000000000000000
0.654653670707977
1.000000000000000
9
-1.000000000000000
-0.899757995411457
-0.677186279510741
-0.363117463826178
-0.000000000000000
0.363117463826178
0.677186279510739
0.899757995411461
1.000000000000000
0.997633463640683
0.522474334341326
-0.049650906100111
-0.169817784602703
-0.000001000000000
0.059985354657402
-0.010461031257125
-0.046665463747304
-0.000246153547583
1.000501435904922
0.570241776529762
0.029824665453010
-0.128163323703811
0.017227409749836
0.086907004744990
-0.005304481113853
-0.029591186142727
0.000501435904921
-0.000867315838731
0.543090469813489
0.996960328572036
0.654381927676049
-0.077746830620096
-0.263160577331134
0.016207052452591
0.084947414700680
-0.000867315838728
0.004472295982021
0.634816191888816
1.128449976097067
0.696298817563665
0.000001000000000
-0.187157740613972
0.032213960355550
0.133380499578565
0.000895296982949
-0.001593269078113
-0.254289535148370
-0.089181834781616
0.600005792518985
0.999998999999999
0.600005792519188
-0.089181835043420
-0.254289534862772
-0.001593269088597
0.000505196003899
-0.168915038764923
-0.037910728554092
0.658412949373041
1.131849295396495
0.658412949281256
-0.037910728554091
-0.168915038764919
0.000505196003896
-0.000867315838728
0.084947414700680
0.016207052452591
-0.263160577331134
-0.077746830620096
0.654381927676049
0.996960328572036
0.543090469813489
-0.000867315838731
0.000895296982949
0.133380499578565
0.032213960355550
-0.187157740613972
0.000001000000000
0.696298817563665
1.128449976097067
0.634816191888816
0.004472295982021
-0.000246153547583
-0.046665463747304
-0.010461031257125
0.059985354657402
-0.000001000000000
-0.169817784602703
-0.049650906100111
0.522474334341326
0.997633463640683
0.000501435904921
-0.029591186142727
-0.005304481113853
0.086907004744990
0.017227409749836
-0.128163323703811
0.029824665453010
0.570241776529762
1.000501435904922
