8
-1.000000000000000
-0.871740148509605
-0.591700181433143
-0.209299217902479
0.209299217902479
0.591700181433143
0.871740148509605
1.000000000000000
12
-1.000000000000000
-0.959492973614497
-0.841253532831181
-0.654860733945285
-0.415415013001886
-0.142314838273285
0.142314838273285
0.415415013001886
0.654860733945285
0.841253532831181
0.959492973614497
1.000000000000000
0.999909646363887
0.415901858538249
-0.189055711908281
-0.069760059874217
0.063607635866542
-0.044112285202111
-0.034199787955171
0.026217710596357
-0.019167365823374
-0.017704634144546
0.010912455133987
-0.000090353636108
1.001906415605261
0.528830920923454
-0.076510199308073
-0.030046600705362
0.109827303692875
-0.020261310344875
-0.011087332751263
0.045853231653191
-0.009798805124142
-0.004696195658259
0.020957696597165
0.001940699413752
-0.003043959132535
0.590701469424515
0.967687327569123
0.073127730616796
-0.331954909370704
0.060341256849549
0.031783095878745
-0.121475046018133
0.027791568579665
0.014193638723468
-0.052765413037500
-0.003118758496639
0.000614719949291
0.833538361305705
1.098154983136338
0.215182796562443
-0.197590326209651
0.126128361789192
0.092790768572507
-0.069653250471488
0.050937923260712
0.046446986048924
-0.027981724149073
0.000614719949289
-0.001988984685981
-0.353005303654026
0.113302383498143
0.940147856499939
0.650826984739579
-0.283740108581063
-0.131885079451682
0.112279846725911
-0.080451606106033
-0.071417164646445
0.040963518732703
-0.001988984685956
0.001457997392292
-0.179522091702418
0.151608790006504
1.162579454029001
0.756145110603252
-0.129771421005690
-0.055907426025853
0.199701152659078
-0.046668543777672
-0.024759073873685
0.077012574719402
0.001510402417403
-0.002078278169455
0.095550164170990
-0.150689685629029
-0.256575743120504
0.611867144801512
0.957331382769572
0.080458718465497
-0.357159589014469
0.074395770443413
0.036886637245267
-0.114380986874270
-0.002078278169486
0.001701870432047
0.183715577715557
-0.061395644330173
-0.146543609612759
0.756729512340096
1.152427703313703
0.183613297378031
-0.200861238098974
0.125679793946705
0.105294944718465
-0.060975284779344
0.001701870432015
-0.002078278169486
-0.114380986874270
0.036886637245267
0.074395770443413
-0.357159589014469
0.080458718465497
0.957331382769572
0.611867144801512
-0.256575743120504
-0.150689685629029
0.095550164170990
-0.002078278169455
0.001701870432015
-0.060975284779344
0.105294944718465
0.125679793946705
-0.200861238098974
0.183613297378031
1.152427703313703
0.756729512340096
-0.146543609612759
-0.061395644330173
0.183715577715557
0.001701870432047
-0.001988984685956
0.040963518732703
-0.071417164646445
-0.080451606106033
0.112279846725911
-0.131885079451682
-0.283740108581063
0.650826984739579
0.940147856499939
0.113302383498143
-0.353005303654026
-0.001988984685981
0.001510402417403
0.077012574719402
-0.024759073873685
-0.046668543777672
0.199701152659078
-0.055907426025853
-0.129771421005690
0.756145110603252
1.162579454029001
0.151608790006504
-0.179522091702418
0.001457997392292
-0.003118758496639
-0.052765413037500
0.014193638723468
0.027791568579665
-0.121475046018133
0.031783095878745
0.060341256849549
-0.331954909370704
0.073127730616796
0.967687327569123
0.590701469424515
-0.003043959132535
0.000614719949289
-0.027981724149073
0.046446986048924
0.050937923260712
-0.069653250471488
0.092790768572507
0.126128361789192
-0.197590326209651
0.215182796562443
1.098154983136338
0.833538361305705
0.000614719949291
-0.000090353636108
0.010912455133987
-0.017704634144546
-0.019167365823374
0.026217710596357
-0.034199787955171
-0.044112285202111
0.063607635866542
-0.069760059874217
-0.189055711908281
0.415901858538249
0.999909646363887
0.001940699413752
0.020957696597165
-0.004696195658259
-0.009798805124142
0.045853231653191
-0.011087332751263
-0.020261310344875
0.109827303692875
-0.030046600705362
-0.076510199308073
0.528830920923454
1.001906415605261
