8
-1.000000000000000
-0.871740148509605
-0.591700181433143
-0.209299217902479
0.209299217902479
0.591700181433142
0.871740148509605
1.000000000000000
17
-1.000000000000000
-0.935014838348489
-0.849103394151231
-0.732634812792949
-0.608630413343170
-0.466642191813674
-0.312340423023781
-0.162239972978629
0.000000000000000
0.162239972978629
0.312340423023781
0.466642191813674
0.608630413343170
0.732634812792949
0.849103394151231
0.935014838348489
1.000000000000000
0.946466384482512
0.267365237154731
-0.115973102901995
-0.143756821807046
-0.014049809489105
0.061356936144089
0.039308070385887
-0.022648830581275
-0.047819912104450
-0.012991666478555
0.020508596615305
0.022073101796014
-0.004946483017993
-0.023628697026775
-0.007316532356811
0.010682619507397
-0.000299554235692
1.002860689402502
0.322718811755887
-0.059449663062899
-0.116688345395894
-0.002143778698645
0.080928427033496
0.046958250758390
-0.013401666756391
-0.036331495919981
-0.008803782232478
0.028855426556633
0.030149972254638
-0.000550400246563
-0.015639708802142
-0.002092284827284
0.016879512755057
0.008945562900718
-0.005122121396150
0.805048815066147
0.979194682110053
0.547684889162672
-0.005450393755505
-0.249074915630849
-0.136179066966894
0.041556220951431
0.104067253157730
0.026717819952462
-0.075502489738831
-0.077346778275623
0.003882934868885
0.043408096357607
0.007803459754105
-0.041579401945115
-0.020900452587185
0.096886241064317
0.906657712270363
1.060952505537103
0.568967957147092
0.050434580819225
-0.196219775513717
-0.117126320004184
0.066137259282561
0.133212180112292
0.035173479055627
-0.054936622985314
-0.058462341944309
0.013461829259375
0.062280220344949
0.019300803364887
-0.027485382369934
0.001083875398142
-0.067349003056938
-0.261668027849231
0.086563577528739
0.698402748412362
0.995822581102751
0.807644574811939
0.284650886315709
-0.148811940817195
-0.243371841739555
-0.059602931826701
0.091542309044395
0.093949311820737
-0.021805272799971
-0.096132640104285
-0.029143487892994
0.041172961368007
-0.001848854507367
0.002841016306801
-0.188789056267197
0.112300835790763
0.743941105149391
1.075823078964055
0.851789176299573
0.303500442960530
-0.095518106707940
-0.201765879835987
-0.051383954773775
0.121764882310067
0.117298318738651
-0.011300313464942
-0.071972426382226
-0.016795783817209
0.057734270581296
0.026344054678160
-0.001398392305859
0.098205440084082
-0.064967062915161
-0.255454162839058
-0.088228286339934
0.429371375761774
0.896564633912816
0.978649987490261
0.633103899892442
0.100333951636713
-0.229232571327764
-0.194563840073734
0.021491321259172
0.114288511169973
0.027990251241568
-0.083561343811735
-0.033273413136319
0.044872306185943
0.134664502746319
-0.046388921300236
-0.207019926402493
-0.046019237838929
0.451234825729403
0.948903791162007
1.038481319742339
0.665637043502246
0.124769766726103
-0.176899083561916
-0.163544245886826
0.035563117797070
0.146809130505411
0.040880434022033
-0.061808108126396
0.001316182758327
-0.033273413136319
-0.083561343811735
0.027990251241568
0.114288511169973
0.021491321259172
-0.194563840073734
-0.229232571327764
0.100333951636713
0.633103899892442
0.978649987490261
0.896564633912816
0.429371375761774
-0.088228286339934
-0.255454162839058
-0.064967062915161
0.098205440084082
-0.001398392305859
0.001316182758327
-0.061808108126396
0.040880434022033
0.146809130505411
0.035563117797070
-0.163544245886826
-0.176899083561916
0.124769766726103
0.665637043502246
1.038481319742339
0.948903791162007
0.451234825729403
-0.046019237838929
-0.207019926402493
-0.046388921300236
0.134664502746319
0.044872306185943
-0.001848854507367
0.041172961368007
-0.029143487892994
-0.096132640104285
-0.021805272799971
0.093949311820737
0.091542309044395
-0.059602931826701
-0.243371841739555
-0.148811940817195
0.284650886315709
0.807644574811939
0.995822581102751
0.698402748412362
0.086563577528739
-0.261668027849231
-0.067349003056938
0.026344054678160
0.057734270581296
-0.016795783817209
-0.071972426382226
-0.011300313464942
0.117298318738651
0.121764882310067
-0.051383954773775
-0.201765879835987
-0.095518106707940
0.303500442960530
0.851789176299573
1.075823078964055
0.743941105149391
0.112300835790763
-0.188789056267197
0.002841016306801
-0.020900452587185
-0.041579401945115
0.007803459754105
0.043408096357607
0.003882934868885
-0.077346778275623
-0.075502489738831
0.026717819952462
0.104067253157730
0.041556220951431
-0.136179066966894
-0.249074915630849
-0.005450393755505
0.547684889162672
0.979194682110053
0.805048815066147
-0.005122121396150
0.001083875398142
-0.027485382369934
0.019300803364887
0.062280220344949
0.013461829259375
-0.058462341944309
-0.054936622985314
0.035173479055627
0.133212180112292
0.066137259282561
-0.117126320004184
-0.196219775513717
0.050434580819225
0.568967957147092
1.060952505537103
0.906657712270363
0.096886241064317
-0.000299554235692
0.010682619507397
-0.007316532356811
-0.023628697026775
-0.004946483017993
0.022073101796014
0.020508596615305
-0.012991666478555
-0.047819912104450
-0.022648830581275
0.039308070385887
0.061356936144089
-0.014049809489105
-0.143756821807046
-0.115973102901995
0.267365237154731
0.946466384482512
0.008945562900718
0.016879512755057
-0.002092284827284
-0.015639708802142
-0.000550400246563
0.030149972254638
0.028855426556633
-0.008803782232478
-0.036331495919981
-0.013401666756391
0.046958250758390
0.080928427033496
-0.002143778698645
-0.116688345395894
-0.059449663062899
0.322718811755887
1.002860689402502
