7
-1.000000000000000
-0.830223896278567
-0.468848793470714
0.000000000000000
0.468848793470714
0.830223896278567
1.000000000000000
11
-1.000000000000000
-0.968160239507626
-0.836031107326636
-0.613371432700590
-0.324253423403809
0.000000000000000
0.324253423403809
0.613371432700590
0.836031107326636
0.968160239507626
1.000000000000000
0.999620761706269
0.630545532596675
-0.117184825287721
-0.143764289734801
0.059324821554555
-0.016747550845150
-0.056152615162809
0.023615307668191
-0.003215559581024
-0.025590895582013
-0.000379238293734
1.000623696183972
0.699510867847110
0.014891980398527
-0.099455248008491
0.103655858247856
0.001442043407735
-0.029722761704802
0.035425847139450
0.007062065780290
-0.010761604493631
0.000623696183969
-0.001104076318333
0.389311234811726
0.998757401658407
0.335511677590079
-0.339003068313208
-0.000970079684141
0.082803749916886
-0.094606896587560
-0.017891973123372
0.028938376334221
-0.001104076318336
0.001118346843768
0.535055025605888
1.192874022239060
0.443771148984055
-0.191035153595694
0.049631783591349
0.156313718155341
-0.063537317191253
0.008718419573768
0.067776919480116
0.001118346843766
-0.000821719998761
-0.288967496483721
-0.073396252064872
0.804481183595437
0.834826459597661
-0.132267456530220
-0.268107135670275
0.106879717872208
-0.013266055679049
-0.105561727986276
-0.000821719998768
0.001043577641849
-0.133986353679172
-0.018944595981252
1.012529899344372
0.989876754624514
0.000000999999999
-0.151374651940330
0.156927470851081
0.024576932944768
-0.045907323984850
0.001043577641842
-0.001990890143357
0.072006184711261
0.007237135161568
-0.361514531961833
0.353143495403542
0.999999000000002
0.353143495403560
-0.361514531963440
0.007237135162393
0.072006184711263
-0.001990890143354
0.000339891927052
0.167201990274007
0.022523685458297
-0.201572574558941
0.445498488009630
1.214460493452912
0.445498488011569
-0.201572574553073
0.022523680069147
0.167202000414781
0.000339891927055
-0.000821719998768
-0.105561727986276
-0.013266055679049
0.106879717872208
-0.268107135670275
-0.132267456530220
0.834826459597661
0.804481183595437
-0.073396252064872
-0.288967496483721
-0.000821719998761
0.001043577641842
-0.045907323984850
0.024576932944768
0.156927470851081
-0.151374651940330
0.000000999999999
0.989876754624514
1.012529899344372
-0.018944595981252
-0.133986353679172
0.001043577641849
-0.001104076318336
0.028938376334221
-0.017891973123372
-0.094606896587560
0.082803749916886
-0.000970079684141
-0.339003068313208
0.335511677590079
0.998757401658407
0.389311234811726
-0.001104076318333
0.001118346843766
0.067776919480116
0.008718419573768
-0.063537317191253
0.156313718155341
0.049631783591349
-0.191035153595694
0.443771148984055
1.192874022239060
0.535055025605888
0.001118346843768
-0.000379238293734
-0.025590895582013
-0.003215559581024
0.023615307668191
-0.056152615162809
-0.016747550845150
0.059324821554555
-0.143764289734801
-0.117184825287721
0.630545532596675
0.999620761706269
0.000623696183969
-0.010761604493631
0.007062065780290
0.035425847139450
-0.029722761704802
0.001442043407735
0.103655858247856
-0.099455248008491
0.014891980398527
0.699510867847110
1.000623696183972
