5
-1.000000000000000
-0.654653670707977
0.000000000000000
0.654653670707977
1.000000000000000
4
-1.000000000000000
-0.261803698411334
0.261803698411334
1.000000000000000
0.308817131066099
-0.368273046769734
0.060881810168839
-0.065082598279670
1.000039135765237
-0.104066380011776
0.105007716482070
0.000039135765236
-0.000001916268832
0.419579105796796
-0.445622307582226
-0.000001916268829
1.178959555690066
0.821170009566298
-0.195590962195970
0.198221914238724
-0.654460319595995
0.740069778439702
0.740069785039994
-0.654460326336732
0.000004340007675
1.000001000000009
1.000000999999990
0.000004340007672
-0.000001916268829
-0.445622307582226
0.419579105796796
-0.000001916268832
0.198221914238724
-0.195590962195970
0.821170009566298
1.178959555690066
-0.065082598279670
0.060881810168839
-0.368273046769734
0.308817131066099
0.000039135765236
0.105007716482070
-0.104066380011776
1.000039135765237
