6
-1.000000000000000
-0.765055323929465
-0.285231516480645
0.285231516480645
0.765055323929466
1.000000000000000
13
-1.000000000000000
-0.900942636759443
-0.776854326301662
-0.608898325481833
-0.404480218670809
-0.208266414217168
0.000000000000000
0.208266414217168
0.404480218670809
0.608898325481833
0.776854326301662
0.900942636759443
1.000000000000000
0.960906467947001
0.377568386909828
-0.022841820179413
-0.163917213436545
-0.067290141592488
0.032636422990710
0.062484724589791
0.021247161187378
-0.034887182631733
-0.040031853556044
0.002654226482244
0.021495358956255
-0.000150039081582
1.001357379274802
0.412523037112883
0.022434467640633
-0.130326247734544
-0.062433442672323
0.045855485110894
0.074275419145602
0.024489203518855
-0.025845825400432
-0.030575708237556
0.005268875156967
0.029008120842917
0.007728186130386
-0.002472495574482
0.716503974549507
0.997508227510205
0.780424657785580
0.227609722819918
-0.157911699866283
-0.226602061245351
-0.069249819242768
0.075379771280089
0.086617973099002
-0.013502239496628
-0.077552251954418
-0.019557541578859
0.074777947494086
0.778647459163123
1.073601053445634
0.818751026871092
0.251957648783137
-0.110595376206275
-0.194366966247154
-0.062559893060744
0.101061688623812
0.110913603470688
-0.007047326307914
-0.058192951644185
0.000657918946497
-0.046534904192662
-0.243216116175119
-0.057668660775115
0.456263811241876
0.921136818192697
0.968735769918242
0.631442498747019
0.133991648220802
-0.209840422425515
-0.201830424633532
0.012717548319035
0.099225301326497
-0.000876872716720
0.001509437447796
-0.191465863501090
-0.028237001659457
0.489196986119640
0.978923838148094
1.019259161509355
0.659719430639103
0.152286915880286
-0.158509589080978
-0.164204189676828
0.022344748348649
0.129016587750951
0.028989376408474
-0.000876872716720
0.099225301326497
0.012717548319035
-0.201830424633532
-0.209840422425515
0.133991648220802
0.631442498747019
0.968735769918242
0.921136818192697
0.456263811241876
-0.057668660775115
-0.243216116175119
-0.046534904192662
0.028989376408474
0.129016587750951
0.022344748348649
-0.164204189676828
-0.158509589080978
0.152286915880286
0.659719430639103
1.019259161509355
0.978923838148094
0.489196986119640
-0.028237001659457
-0.191465863501090
0.001509437447796
-0.019557541578859
-0.077552251954418
-0.013502239496628
0.086617973099002
0.075379771280089
-0.069249819242768
-0.226602061245351
-0.157911699866283
0.227609722819918
0.780424657785580
0.997508227510205
0.716503974549507
-0.002472495574482
0.000657918946497
-0.058192951644185
-0.007047326307914
0.110913603470688
0.101061688623812
-0.062559893060744
-0.194366966247154
-0.110595376206275
0.251957648783137
0.818751026871092
1.073601053445634
0.778647459163123
0.074777947494086
-0.000150039081582
0.021495358956255
0.002654226482244
-0.040031853556044
-0.034887182631733
0.021247161187378
0.062484724589791
0.032636422990710
-0.067290141592488
-0.163917213436545
-0.022841820179413
0.377568386909828
0.960906467947001
0.007728186130386
0.029008120842917
0.005268875156967
-0.030575708237556
-0.025845825400432
0.024489203518855
0.074275419145602
0.045855485110894
-0.062433442672323
-0.130326247734544
0.022434467640633
0.412523037112883
1.001357379274802
