3
-1.000000000000000
0.000000000000000
1.000000000000000
4
-1.000000000000000
-0.334332835157739
0.334332835157739
1.000000000000000
0.945107774981022
0.167165417596617
-0.167167417596617
-0.054892224980777
1.000334665725487
0.223056639911176
-0.111276195233435
0.000334665725487
-0.000668333556606
0.888220555335388
0.888220553258002
-0.000668333556607
0.109783445157269
1.000001000000013
1.000000999999987
0.109783454907938
-0.054892224980777
-0.167167417596617
0.167165417596617
0.945107774981022
0.000334665725487
-0.111276195233435
0.223056639911176
1.000334665725487
