5
-1.000000000000000
-0.654653670707977
0.000000000000000
0.654653670707977
1.000000000000000
19
-1.000000000000000
-0.978611766215661
-0.928901528167979
-0.852460577782618
-0.751494202559026
-0.628908137263668
-0.488229285680921
-0.333504847824481
-0.169186023409282
-0.000000000000000
0.169186023409282
0.333504847824491
0.488229285680759
0.628908137265041
0.751494202553092
0.852460577795727
0.928901528153608
0.978611766221633
1.000000000000000
0.999866238778566
0.894002015396182
0.674101800881655
0.400292462095381
0.142166668059563
-0.044703353372848
-0.133007437543856
-0.130705201056276
-0.070920778658806
-0.000008301977501
0.049139869210309
0.061689383747801
0.041582977435029
0.006324568411839
-0.024445650987028
-0.035299721553655
-0.026995222334960
-0.010407159132763
-0.000086032548320
1.000344357367759
0.896577280747538
0.680871060029108
0.411945470313365
0.157047593246782
-0.029607847895362
-0.120785746494288
-0.123169098893965
-0.068880314537135
0.003251736696984
0.054612905185256
0.066413715154355
0.044378226902828
0.007091814458908
-0.021927842125738
-0.032524677680260
-0.024844973811638
-0.009406465992521
0.000344357367758
-0.000642259135428
0.137860427734434
0.411866994920303
0.716843842570650
0.938627267340512
0.996147353923673
0.867266069395107
0.597372390646507
0.268284260969572
-0.016415311750203
-0.180368559907455
-0.208732585147465
-0.132964138818215
-0.020609051357952
0.064090404868075
0.093628166797176
0.070945560892490
0.026917407178068
-0.000642259135425
0.000495686854160
0.142736405600847
0.424985316515797
0.737839299723858
0.965159589019402
1.020081219417264
0.884370695538350
0.602824467468552
0.276720614010893
0.000001000000000
-0.162599292803530
-0.194113599733699
-0.126182036875452
-0.018119760395485
0.071474629495238
0.101291248738315
0.076841884155665
0.029489946120527
0.000399777289386
-0.000659505162726
-0.056221399138471
-0.148432044824752
-0.204913332538656
-0.153594224569226
0.035653680780238
0.336560294321808
0.657622922104934
0.905953522809582
0.999998999999999
0.905953522809582
0.657622922104918
0.336560294285224
0.035653680855217
-0.153594224643645
-0.204913332473505
-0.148432044877515
-0.056221399111710
-0.000659505165325
0.000464661426079
-0.052079027288685
-0.138969800281108
-0.190023944107731
-0.137968565440004
0.046812800594489
0.339340847788079
0.670572098403432
0.928148870986608
1.025353717626980
0.928148870984925
0.670572098406032
0.339340847787289
0.046812800592453
-0.137968565436946
-0.190023944114491
-0.138969800306229
-0.052079027278249
0.000464661426077
-0.000642259135425
0.026917407178068
0.070945560892490
0.093628166797176
0.064090404868075
-0.020609051357952
-0.132964138818215
-0.208732585147465
-0.180368559907455
-0.016415311750203
0.268284260969572
0.597372390646507
0.867266069395107
0.996147353923673
0.938627267340512
0.716843842570650
0.411866994920303
0.137860427734434
-0.000642259135428
0.000399777289386
0.029489946120527
0.076841884155665
0.101291248738315
0.071474629495238
-0.018119760395485
-0.126182036875452
-0.194113599733699
-0.162599292803530
0.000001000000000
0.276720614010893
0.602824467468552
0.884370695538350
1.020081219417264
0.965159589019402
0.737839299723858
0.424985316515797
0.142736405600847
0.000495686854160
-0.000086032548320
-0.010407159132763
-0.026995222334960
-0.035299721553655
-0.024445650987028
0.006324568411839
0.041582977435029
0.061689383747801
0.049139869210309
-0.000008301977501
-0.070920778658806
-0.130705201056276
-0.133007437543856
-0.044703353372848
0.142166668059563
0.400292462095381
0.674101800881655
0.894002015396182
0.999866238778566
0.000344357367758
-0.009406465992521
-0.024844973811638
-0.032524677680260
-0.021927842125738
0.007091814458908
0.044378226902828
0.066413715154355
0.054612905185256
0.003251736696984
-0.068880314537135
-0.123169098893965
-0.120785746494288
-0.029607847895362
0.157047593246782
0.411945470313365
0.680871060029108
0.896577280747538
1.000344357367759
