7
-1.000000000000000
-0.830223896278567
-0.468848793470714
0.000000000000000
0.468848793470714
0.830223896278567
1.000000000000000
10
-1.000000000000000
-0.919533908166460
-0.738773865105504
-0.477924949810445
-0.165278957666387
0.165278957666387
0.477924949810443
0.738773865105507
0.919533908166457
1.000000000000000
0.996297750825541
0.207253093906161
-0.213128730965792
-0.005770294671797
0.050418240204906
-0.055893259027241
-0.005929804926852
0.018459034087131
-0.019068829956035
-0.007306377975869
1.001103967426876
0.356229673665219
-0.123915530332501
0.031800059250791
0.090096231321104
-0.035187326653831
0.011169770149601
0.038573661596822
-0.013909422688235
0.001103967426873
-0.001530140044725
0.773291634337250
0.852926643996932
-0.132534858946892
-0.255158962762415
0.100896706654834
-0.029208303848545
-0.101999309767141
0.038179986374348
-0.001530140044728
0.008267410310411
1.039089280771127
0.965367646029014
0.020614770623047
-0.152431717767317
0.157405566281304
0.014150469355767
-0.049084594809801
0.051018699059327
0.019041124453888
-0.011930232792520
-0.352365118045487
0.348028732934910
0.999255978059471
0.354051369796800
-0.358693035520802
0.008641636098811
0.079914800869033
-0.081752186398620
-0.027230019816985
0.001043405632791
-0.191372227184460
0.432886403156775
1.215367189433380
0.455472751287421
-0.199767043523032
0.050118465761737
0.165737335037657
-0.061453060052535
0.001043405632785
-0.000587711511846
0.099680170066476
-0.271617872850978
-0.128775559421178
0.817698159430369
0.817698159430369
-0.128775559829993
-0.271617872411248
0.099680170066483
-0.000587711511843
0.032635828838486
0.138397163363969
-0.139986703623733
-0.020166215335580
1.000479838730984
1.000479838731002
-0.020166215335575
-0.139986703697484
0.138397163403890
0.032635828806104
-0.027230019816985
-0.081752186398620
0.079914800869033
0.008641636098811
-0.358693035520802
0.354051369796800
0.999255978059471
0.348028732934910
-0.352365118045487
-0.011930232792520
0.001043405632785
-0.061453060052535
0.165737335037657
0.050118465761737
-0.199767043523032
0.455472751287421
1.215367189433380
0.432886403156775
-0.191372227184460
0.001043405632791
-0.001530140044728
0.038179986374348
-0.101999309767141
-0.029208303848545
0.100896706654834
-0.255158962762415
-0.132534858946892
0.852926643996932
0.773291634337250
-0.001530140044725
0.019041124453888
0.051018699059327
-0.049084594809801
0.014150469355767
0.157405566281304
-0.152431717767317
0.020614770623047
0.965367646029014
1.039089280771127
0.008267410310411
-0.007306377975869
-0.019068829956035
0.018459034087131
-0.005929804926852
-0.055893259027241
0.050418240204906
-0.005770294671797
-0.213128730965792
0.207253093906161
0.996297750825541
0.001103967426873
-0.013909422688235
0.038573661596822
0.011169770149601
-0.035187326653831
0.090096231321104
0.031800059250791
-0.123915530332501
0.356229673665219
1.001103967426876
