7
-1.000000000000000
-0.830223896278567
-0.468848793470714
0.000000000000000
0.468848793470714
0.830223896278567
1.000000000000000
12
-1.000000000000000
-0.895040172425243
-0.762968171303281
-0.564521241623153
-0.360448554569091
-0.113935715192769
0.113935715192769
0.360448554569091
0.564521241623153
0.762968171303281
0.895040172425243
1.000000000000000
0.915487021409597
0.159971017002336
-0.166701453011481
-0.084659462502689
0.050855024470369
0.036317079032568
-0.042763914985940
-0.035182937982547
0.018351392653981
0.014186280893805
-0.017700457799588
-0.012196663545475
1.002268883396505
0.227394599609122
-0.106737892327982
-0.063670390534137
0.080385598159239
0.050025222333561
-0.026985911080613
-0.021689814931467
0.029323277662215
0.025759127151449
-0.010484264111054
0.002268883396503
-0.004037338490805
0.887830178274359
0.912566948953304
0.220298990169856
-0.259856112007182
-0.139882814772188
0.079193099154631
0.061953349925950
-0.077142014455126
-0.066649403819517
0.029743000675385
-0.004037338490808
0.137892194147200
1.025912249273413
0.978401932538220
0.264488533677284
-0.166931461883138
-0.108149435678885
0.122060758177174
0.096165140133449
-0.049422185133517
-0.037615555610621
0.047204229929223
0.032217040519469
-0.101065658022644
-0.257584168736643
0.253488294828315
0.914728734005903
0.902921402995466
0.248607402012671
-0.257259964334972
-0.155895902495210
0.083605743478263
0.060968076598549
-0.074515047215016
-0.049571687967746
0.002192686567348
-0.168623308644859
0.284397103736335
1.025328910271726
0.979052563278176
0.277320478585434
-0.166294193985284
-0.116056459181745
0.125222717105672
0.102731077033334
-0.051195125736122
0.002192686567338
-0.001248351321016
0.085171743758721
-0.155454868096246
-0.254122916384759
0.273218166968050
0.911238425476535
0.911238425476535
0.273218166923739
-0.254122916315043
-0.155454868163660
0.085171743766501
-0.001248351321015
0.074212021256328
0.119801195994484
-0.106161352639972
-0.164749171899890
0.296816012680721
1.001093905902950
1.001093905902938
0.296816012680727
-0.164749171899890
-0.106161352632574
0.119801194769231
0.074212022773031
-0.049571687967746
-0.074515047215016
0.060968076598549
0.083605743478263
-0.155895902495210
-0.257259964334972
0.248607402012671
0.902921402995466
0.914728734005903
0.253488294828315
-0.257584168736643
-0.101065658022644
0.002192686567338
-0.051195125736122
0.102731077033334
0.125222717105672
-0.116056459181745
-0.166294193985284
0.277320478585434
0.979052563278176
1.025328910271726
0.284397103736335
-0.168623308644859
0.002192686567348
-0.004037338490808
0.029743000675385
-0.066649403819517
-0.077142014455126
0.061953349925950
0.079193099154631
-0.139882814772188
-0.259856112007182
0.220298990169856
0.912566948953304
0.887830178274359
-0.004037338490805
0.032217040519469
0.047204229929223
-0.037615555610621
-0.049422185133517
0.096165140133449
0.122060758177174
-0.108149435678885
-0.166931461883138
0.264488533677284
0.978401932538220
1.025912249273413
0.137892194147200
-0.012196663545475
-0.017700457799588
0.014186280893805
0.018351392653981
-0.035182937982547
-0.042763914985940
0.036317079032568
0.050855024470369
-0.084659462502689
-0.166701453011481
0.159971017002336
0.915487021409597
0.002268883396503
-0.010484264111054
0.025759127151449
0.029323277662215
-0.021689814931467
-0.026985911080613
0.050025222333561
0.080385598159239
-0.063670390534137
-0.106737892327982
0.227394599609122
1.002268883396505
