6
-1.000000000000000
-0.765055323929465
-0.285231516480645
0.285231516480645
0.765055323929466
1.000000000000000
5
-1.000000000000000
-0.490093393807203
0.000000000000000
0.490093393807203
1.000000000000000
0.264800926394611
-0.337963503881277
0.062499000000001
-0.047993175300093
-0.000163238505076
1.000201991913398
-0.107064344621143
0.151281395646298
-0.036685188305739
0.040120117834022
-0.000712549224939
0.381976821019507
-0.537594818922264
0.103772173168014
-0.111331863409210
1.241932816364708
0.761162904909282
-0.194647642353845
0.144681473428341
0.000436801592534
-0.668233750795525
0.769823334376034
0.567300928631381
-0.419032464919100
-0.000878031440102
0.001322203048243
1.045132656318644
0.944933811188258
-0.203407475929638
0.203548612389432
-0.000878031440102
-0.419032464919100
0.567300928631381
0.769823334376034
-0.668233750795525
0.203548612389432
-0.203407475929638
0.944933811188258
1.045132656318644
0.001322203048243
-0.111331863409210
0.103772173168014
-0.537594818922264
0.381976821019507
-0.000712549224939
0.000436801592534
0.144681473428341
-0.194647642353845
0.761162904909282
1.241932816364708
-0.000163238505076
-0.047993175300093
0.062499000000001
-0.337963503881277
0.264800926394611
0.040120117834022
-0.036685188305739
0.151281395646298
-0.107064344621143
1.000201991913398
