6
-1.000000000000000
-0.765055323929465
-0.285231516480645
0.285231516480645
0.765055323929466
1.000000000000000
19
-1.000000000000000
-0.932979581894798
-0.858909743902965
-0.774843081635139
-0.672776207522500
-0.550394412373008
-0.414361317808977
-0.280330445543591
-0.148141097332897
0.000000000000000
0.148141097332897
0.280330445543591
0.414361317808977
0.550394412373008
0.672776207522500
0.774843081635139
0.858909743902965
0.932979581894798
1.000000000000000
0.982349995854237
0.552711288909901
0.227518556931008
0.001248110735364
-0.124533907987960
-0.137422454217371
-0.071208988036668
0.002284207410575
0.050425228380469
0.062464395972583
0.037308665366280
0.000377647758546
-0.032162272308180
-0.040628373708691
-0.022838370887812
0.002180943526636
0.018453458702742
0.019791250218654
-0.000142144833737
1.000977944806497
0.570842194878108
0.244226425347665
0.018511603892410
-0.107706575346772
-0.126516047226805
-0.068392837058795
0.005995557976420
0.057126007606567
0.068859069856689
0.040258381971252
0.002288490058284
-0.027806414738227
-0.036030401019957
-0.020207618499947
0.003797100558740
0.021317676179363
0.023483441169450
0.004641685708826
-0.001801232815940
0.542840703592078
0.873939402306170
0.998163691740989
0.912616717922168
0.633662008053522
0.262145936066014
-0.025357737090824
-0.185513769468351
-0.214116791403569
-0.117263902374105
-0.005619794409997
0.080456110311286
0.102127855429369
0.056920561868431
-0.009665759040477
-0.057289972299507
-0.062837263746374
-0.011576508137914
0.033725746841971
0.575801933806108
0.903639355411159
1.026210532134849
0.936799472713373
0.642469147366791
0.276276711887105
-0.008263877419042
-0.165942105399368
-0.194452751793371
-0.111672495052442
-0.000384502888712
0.092142786739005
0.114147280112654
0.063134981477381
-0.005885482788004
-0.050222881226733
-0.053568308565868
0.000497975330959
-0.024980866325640
-0.194269010908086
-0.190854956094703
-0.038179366399547
0.259642014695334
0.622439736451178
0.907537806273802
0.999868463661305
0.903961320467710
0.631600147036921
0.280351341515788
-0.005476828311459
-0.188300404220977
-0.217063936617877
-0.112528725181226
0.010546530619102
0.086486306248349
0.090545960264979
-0.000701717896654
0.001203624066965
-0.170392497730405
-0.172815780073188
-0.023401660691900
0.264637439697165
0.639149199339335
0.936650337744556
1.023310066675899
0.925745844509700
0.645782744497396
0.287126647191112
0.009538281840551
-0.166799979242046
-0.196894062458420
-0.105475416324568
0.015600316920156
0.096843289913731
0.103934896759961
0.017075145286291
-0.000701717896654
0.090545960264979
0.086486306248349
0.010546530619102
-0.112528725181226
-0.217063936617877
-0.188300404220977
-0.005476828311459
0.280351341515788
0.631600147036921
0.903961320467710
0.999868463661305
0.907537806273802
0.622439736451178
0.259642014695334
-0.038179366399547
-0.190854956094703
-0.194269010908086
-0.024980866325640
0.017075145286291
0.103934896759961
0.096843289913731
0.015600316920156
-0.105475416324568
-0.196894062458420
-0.166799979242046
0.009538281840551
0.287126647191112
0.645782744497396
0.925745844509700
1.023310066675899
0.936650337744556
0.639149199339335
0.264637439697165
-0.023401660691900
-0.172815780073188
-0.170392497730405
0.001203624066965
-0.011576508137914
-0.062837263746374
-0.057289972299507
-0.009665759040477
0.056920561868431
0.102127855429369
0.080456110311286
-0.005619794409997
-0.117263902374105
-0.214116791403569
-0.185513769468351
-0.025357737090824
0.262145936066014
0.633662008053522
0.912616717922168
0.998163691740989
0.873939402306170
0.542840703592078
-0.001801232815940
0.000497975330959
-0.053568308565868
-0.050222881226733
-0.005885482788004
0.063134981477381
0.114147280112654
0.092142786739005
-0.000384502888712
-0.111672495052442
-0.194452751793371
-0.165942105399368
-0.008263877419042
0.276276711887105
0.642469147366791
0.936799472713373
1.026210532134849
0.903639355411159
0.575801933806108
0.033725746841971
-0.000142144833737
0.019791250218654
0.018453458702742
0.002180943526636
-0.022838370887812
-0.040628373708691
-0.032162272308180
0.000377647758546
0.037308665366280
0.062464395972583
0.050425228380469
0.002284207410575
-0.071208988036668
-0.137422454217371
-0.124533907987960
0.001248110735364
0.227518556931008
0.552711288909901
0.982349995854237
0.004641685708826
0.023483441169450
0.021317676179363
0.003797100558740
-0.020207618499947
-0.036030401019957
-0.027806414738227
0.002288490058284
0.040258381971252
0.068859069856689
0.057126007606567
0.005995557976420
-0.068392837058795
-0.126516047226805
-0.107706575346772
0.018511603892410
0.244226425347665
0.570842194878108
1.000977944806497
