3
-1.000000000000000
0.000000000000000
1.000000000000000
6
-1.000000000000000
-0.600000000000000
-0.200000000000000
0.200000000000000
0.600000000000000
1.000000000000000
0.979998681616257
0.459998356786032
0.099999000000449
-0.100001000000450
-0.140001643213036
-0.020001318384697
1.000160839519198
0.480080919598957
0.120001000000000
-0.079999000000000
-0.119919080401042
0.000160839519203
-0.000320679038398
0.639839162702110
0.959999000000000
0.959999000000000
0.639839160940984
-0.000320679038398
0.040001636730382
0.680002286379656
1.000001000000045
1.000000999999955
0.680002286379746
0.040001636830729
-0.020001318384697
-0.140001643213036
-0.100001000000450
0.099999000000449
0.459998356786032
0.979998681616257
0.000160839519203
-0.119919080401042
-0.079999000000000
0.120001000000000
0.480080919598957
1.000160839519198
