4
-1.000000000000000
-0.447213595499958
0.447213595499958
1.000000000000000
10
-1.000000000000000
-0.960289856497536
-0.796666477413627
-0.525532409916329
-0.183434642495650
0.183434642495650
0.525532409916329
0.796666477413627
0.960289856497536
1.000000000000000
0.999834047612964
0.878106479414674
0.460053153865699
0.030787007097277
-0.156994277934583
-0.094953720387943
0.022426459177559
0.055239314019840
0.017814726622537
-0.000165952387036
1.000411396588883
0.885059500574577
0.488107531273456
0.073046633841510
-0.122698292546275
-0.084533816024554
0.031393974079277
0.069935317141112
0.020610708927427
0.000411396588883
-0.000775957299665
0.152582693620165
0.635066633328297
0.983223612217428
0.851012823579788
0.346773071721094
-0.124149517940154
-0.214710696038132
-0.066463603663915
-0.000775957299666
0.000545035742907
0.166510770273576
0.687502102869633
1.059267969503245
0.901328885443975
0.357198689521403
-0.078681992314324
-0.178413478621594
-0.055442368832562
0.000545035742906
-0.000775957299666
-0.066463603663915
-0.214710696038132
-0.124149517940154
0.346773071721094
0.851012823579788
0.983223612217428
0.635066633328297
0.152582693620165
-0.000775957299665
0.000545035742906
-0.055442368832562
-0.178413478621594
-0.078681992314324
0.357198689521403
0.901328885443975
1.059267969503245
0.687502102869633
0.166510770273576
0.000545035742907
-0.000165952387036
0.017814726622537
0.055239314019840
0.022426459177559
-0.094953720387943
-0.156994277934583
0.030787007097277
0.460053153865699
0.878106479414674
0.999834047612964
0.000411396588883
0.020610708927427
0.069935317141112
0.031393974079277
-0.084533816024554
-0.122698292546275
0.073046633841510
0.488107531273456
0.885059500574577
1.000411396588883
