6
-1.000000000000000
-0.765055323929465
-0.285231516480645
0.285231516480645
0.765055323929466
1.000000000000000
5
-1.000000000000000
-0.707106781186548
-0.000000000000000
0.707106781186547
1.000000000000000
0.649808399777667
-0.209319562070766
0.057215569254805
-0.091511777364309
-0.000009785635624
1.001611518803517
-0.080019630368121
0.087051984115072
-0.012123121863324
0.057301782997472
-0.000013414038658
0.764264293853292
-0.517730702857861
0.037932232593140
-0.153863874741917
0.777625398540846
1.081245160861288
-0.194647642353841
0.294936428469218
0.000436801592555
-0.608080591360486
0.149732619709447
0.472065617806721
-0.700019858947266
-0.000005904919889
0.000011898722813
0.894344235354985
1.076527360663094
-0.068136820158076
0.277306867292737
-0.000005904919889
-0.700019858947266
0.472065617806721
0.149732619709447
-0.608080591360486
0.277306867292737
-0.068136820158076
1.076527360663094
0.894344235354985
0.000011898722813
-0.153863874741917
0.037932232593140
-0.517730702857861
0.764264293853292
-0.000013414038658
0.000436801592555
0.294936428469218
-0.194647642353841
1.081245160861288
0.777625398540846
-0.000009785635624
-0.091511777364309
0.057215569254805
-0.209319562070766
0.649808399777667
0.057301782997472
-0.012123121863324
0.087051984115072
-0.080019630368121
1.001611518803517
