7
-1.000000000000000
-0.830223896278567
-0.468848793470714
0.000000000000000
0.468848793470714
0.830223896278567
1.000000000000000
8
-1.000000000000000
-0.714285714285714
-0.428571428571429
-0.142857142857143
0.142857142857143
0.428571428571428
0.714285714285714
1.000000000000000
0.479483206346689
-0.332834332782693
0.023076119227531
0.044507980446107
-0.053523459406136
-0.018391811402162
0.021499943161638
-0.034439081533949
1.000449049587529
-0.131321833173254
0.053146314272649
0.075213201969615
-0.033310132674527
0.002681413577306
0.037470752218575
0.000449049587526
-0.000206845385689
0.780268563181339
-0.213838117065221
-0.191468548836655
0.095386593489641
-0.006322436675967
-0.100129176076241
-0.000206845385691
0.909271494585820
1.070640813078241
-0.079159080798979
-0.133547357716308
0.151205633030979
0.049344800466384
-0.057143646786106
0.092199954427538
-0.560366557236929
0.378264807416735
0.985837995669692
0.312404885830128
-0.321609739262438
-0.058335594611077
0.094059002880275
-0.147786816896438
0.000376681218053
0.566890461548871
1.249102371735682
0.355873793922033
-0.189498723902911
0.012226514004037
0.166764918533491
0.000376681218046
-0.000385321143719
-0.294491683936403
-0.052171642562363
0.862333571479502
0.862333571479572
-0.052171642612256
-0.294491683894333
-0.000385321143716
0.251584068516560
-0.168092226461760
0.098488550104065
1.000646428651021
1.000646428651009
0.098488550104066
-0.168092226458696
0.251584068513266
-0.147786816896438
0.094059002880275
-0.058335594611077
-0.321609739262438
0.312404885830128
0.985837995669692
0.378264807416735
-0.560366557236929
0.000376681218046
0.166764918533491
0.012226514004037
-0.189498723902911
0.355873793922033
1.249102371735682
0.566890461548871
0.000376681218053
-0.000206845385691
-0.100129176076241
-0.006322436675967
0.095386593489641
-0.191468548836655
-0.213838117065221
0.780268563181339
-0.000206845385689
0.092199954427538
-0.057143646786106
0.049344800466384
0.151205633030979
-0.133547357716308
-0.079159080798979
1.070640813078241
0.909271494585820
-0.034439081533949
0.021499943161638
-0.018391811402162
-0.053523459406136
0.044507980446107
0.023076119227531
-0.332834332782693
0.479483206346689
0.000449049587526
0.037470752218575
0.002681413577306
-0.033310132674527
0.075213201969615
0.053146314272649
-0.131321833173254
1.000449049587529
