7
-1.000000000000000
-0.830223896278567
-0.468848793470714
0.000000000000000
0.468848793470714
0.830223896278567
1.000000000000000
6
-1.000000000000000
-0.566237759657262
-0.129842077012162
0.129842077012162
0.566237759657262
1.000000000000000
0.116832903662877
-0.294439612992872
0.041291771752586
-0.063787568190781
0.011025356636630
-0.021022436372478
1.000394772523676
-0.056145482469457
0.198745998020390
-0.031800995370593
0.034146727797219
0.000394772523674
-0.001084187424803
0.133267947192943
-0.546559075638696
0.090235898529242
-0.091528664230996
-0.001084187424806
1.423563122160233
0.494324153966223
-0.123693495530958
0.177051219188111
-0.031524831945069
0.056166241188181
-0.589824848043618
0.911616213784498
0.309015185617449
-0.349097345799043
0.083862157942444
-0.099973087347958
0.001665423712555
1.172786584232327
0.618959866164257
-0.180713489979672
0.149761339797534
0.001665423712545
-0.001190364291257
-0.266110339405763
0.885535851029296
0.885535851029296
-0.266110339405764
-0.001190364291256
0.167434463488042
-0.166627746316843
1.001061909169919
1.001061909169913
-0.166627746316841
0.167434463030832
-0.099973087347958
0.083862157942444
-0.349097345799043
0.309015185617449
0.911616213784498
-0.589824848043618
0.001665423712545
0.149761339797534
-0.180713489979672
0.618959866164257
1.172786584232327
0.001665423712555
-0.001084187424806
-0.091528664230996
0.090235898529242
-0.546559075638696
0.133267947192943
-0.001084187424803
0.056166241188181
-0.031524831945069
0.177051219188111
-0.123693495530958
0.494324153966223
1.423563122160233
-0.021022436372478
0.011025356636630
-0.063787568190781
0.041291771752586
-0.294439612992872
0.116832903662877
0.000394772523674
0.034146727797219
-0.031800995370593
0.198745998020390
-0.056145482469457
1.000394772523676
