6
-1.000000000000000
-0.765055323929465
-0.285231516480645
0.285231516480645
0.765055323929466
1.000000000000000
14
-1.000000000000000
-0.981560634246719
-0.904117256370475
-0.769902674194305
-0.587317954286617
-0.367831498998180
-0.125233408511469
0.125233408511469
0.367831498998180
0.587317954286617
0.769902674194305
0.904117256370475
0.981560634246719
1.000000000000000
0.999965839265253
0.857482259549734
0.387569498537317
-0.044690189783321
-0.164071942192273
-0.043927896595698
0.055240072026803
0.042936525901663
-0.027729009586660
-0.044242660098732
0.001116574542001
0.021500510548668
0.008065239247876
-0.000086308543705
1.001070846378477
0.867714732350622
0.426995428027052
0.009011712027280
-0.131893394983006
-0.038444424216400
0.075628296178557
0.050791161301228
-0.019861717559285
-0.034028145188117
0.003030153470894
0.028379889395901
0.010078169503757
0.000317296448054
-0.001841234047265
0.175773141247135
0.701484346820745
0.999374405219467
0.729952549027184
0.121222254991730
-0.245348549365217
-0.148546370980403
0.057509099500195
0.095496571601059
-0.008182607107799
-0.076987329634477
-0.026779702654532
-0.000551387445704
0.000388953532977
0.196118516798527
0.771573465266408
1.088946975634551
0.761052666817896
0.165254451347991
-0.179668579518990
-0.129012611919715
0.080736581568928
0.123719567776525
-0.002773941680946
-0.058144120479034
-0.021509454618069
0.000741142131873
-0.000600696764587
-0.077161286712639
-0.248685382916167
-0.046089543369131
0.519671041132177
0.962227845635312
0.870909651052416
0.324927545983149
-0.185361892754261
-0.218834713398345
0.004971409303361
0.098868102064417
0.035943067616065
-0.000741793165074
0.001079899792934
-0.066135134258612
-0.190844190752933
-0.011845128452780
0.548073880827246
1.050812414203094
0.934235985166803
0.340023043004213
-0.121702547656993
-0.179887192308600
0.014915119157202
0.130974280049598
0.043317503051560
0.000340063172769
-0.000741793165074
0.035943067616065
0.098868102064417
0.004971409303361
-0.218834713398345
-0.185361892754261
0.324927545983149
0.870909651052416
0.962227845635312
0.519671041132177
-0.046089543369131
-0.248685382916167
-0.077161286712639
-0.000600696764587
0.000340063172769
0.043317503051560
0.130974280049598
0.014915119157202
-0.179887192308600
-0.121702547656993
0.340023043004213
0.934235985166803
1.050812414203094
0.548073880827246
-0.011845128452780
-0.190844190752933
-0.066135134258612
0.001079899792934
-0.000551387445704
-0.026779702654532
-0.076987329634477
-0.008182607107799
0.095496571601059
0.057509099500195
-0.148546370980403
-0.245348549365217
0.121222254991730
0.729952549027184
0.999374405219467
0.701484346820745
0.175773141247135
-0.001841234047265
0.000741142131873
-0.021509454618069
-0.058144120479034
-0.002773941680946
0.123719567776525
0.080736581568928
-0.129012611919715
-0.179668579518990
0.165254451347991
0.761052666817896
1.088946975634551
0.771573465266408
0.196118516798527
0.000388953532977
-0.000086308543705
0.008065239247876
0.021500510548668
0.001116574542001
-0.044242660098732
-0.027729009586660
0.042936525901663
0.055240072026803
-0.043927896595698
-0.164071942192273
-0.044690189783321
0.387569498537317
0.857482259549734
0.999965839265253
0.000317296448054
0.010078169503757
0.028379889395901
0.003030153470894
-0.034028145188117
-0.019861717559285
0.050791161301228
0.075628296178557
-0.038444424216400
-0.131893394983006
0.009011712027280
0.426995428027052
0.867714732350622
1.001070846378477
