3
-1.000000000000000
0.000000000000000
1.000000000000000
16
-1.000000000000000
-0.866666666666667
-0.733333333333333
-0.600000000000000
-0.466666666666667
-0.333333333333333
-0.200000000000000
-0.066666666666667
0.066666666666667
0.200000000000000
0.333333333333333
0.466666666666667
0.600000000000000
0.733333333333333
0.866666666666667
1.000000000000000
0.997777089811664
0.806664701847189
0.633332333332609
0.477776777778502
0.339998035178581
0.219999312036340
0.117775812955861
0.033332333334798
-0.033334333335069
-0.082224187040938
-0.113334021299951
-0.126668631485383
-0.122223222223957
-0.100000999998474
-0.060001964821978
-0.002222910185609
1.000054226399573
0.808889888888889
0.635583248915582
0.480027693360027
0.342223222222222
0.222276448621795
0.120001000000000
0.035583248915582
-0.031083417751084
-0.079999000000000
-0.111056884711538
-0.124443444444444
-0.119972306639973
-0.097750084417751
-0.057776777777778
0.000054226399573
-0.000107452815912
0.248887888854286
0.462167836099562
0.639945614467194
0.782221222207615
0.888781436072976
0.959998996630577
0.995501172179917
0.995501168799999
0.959998996650999
0.888781436072977
0.782221222222222
0.639945612049702
0.462167836099562
0.248887888854286
-0.000107452815913
0.004444820353258
0.253336262994390
0.466667666645406
0.644445444465705
0.786669596283341
0.893333709285531
0.964447374061119
1.000001000024002
1.000000999976661
0.964447374108744
0.893333709238756
0.786669596330966
0.644445444421480
0.466667666691401
0.253336262949696
0.004444820397934
-0.002222910185609
-0.060001964821978
-0.100000999998474
-0.122223222223957
-0.126668631485383
-0.113334021299951
-0.082224187040938
-0.033334333335069
0.033332333334798
0.117775812955861
0.219999312036340
0.339998035178581
0.477776777778502
0.633332333332609
0.806664701847189
0.997777089811664
0.000054226399573
-0.057776777777778
-0.097750084417751
-0.119972306639973
-0.124443444444444
-0.111056884711538
-0.079999000000000
-0.031083417751084
0.035583248915582
0.120001000000000
0.222276448621795
0.342223222222222
0.480027693360027
0.635583248915582
0.808889888888889
1.000054226399573
