4
-1.000000000000000
-0.447213595499958
0.447213595499958
1.000000000000000
5
-1.000000000000000
-0.654653670707977
0.000000000000000
0.654653670707977
1.000000000000000
0.988110362408018
0.068736215160317
-0.223943214701832
0.049334189898861
-0.000278095334933
1.000716920233230
0.236380095815425
-0.124447500023664
0.065324055118033
0.042551117295327
-0.001334522022684
0.879945467650999
0.621798366336353
-0.333533429669872
-0.035177097298827
0.027458081184124
1.180083994011206
0.757551683323561
-0.165659753365286
0.000901982243077
-0.035177097298827
-0.333533429669872
0.621798366336353
0.879945467650999
-0.001334522022684
0.000901982243077
-0.165659753365286
0.757551683323561
1.180083994011206
0.027458081184124
-0.000278095334933
0.049334189898861
-0.223943214701832
0.068736215160317
0.988110362408018
0.042551117295327
0.065324055118033
-0.124447500023664
0.236380095815425
1.000716920233230
