8
-1.000000000000000
-0.871740148509605
-0.591700181433143
-0.209299217902479
0.209299217902479
0.591700181433143
0.871740148509605
1.000000000000000
5
-1.000000000000000
-0.707106781186548
-0.000000000000000
0.707106781186547
1.000000000000000
0.078380837819821
-0.225420564560030
-0.039065755630204
-0.019760182978543
-0.009421834233304
1.000003357839953
0.045776827625923
0.094486456147831
-0.014157770422244
0.018154226485092
-0.000006661946394
-0.188100970784808
-0.224705335211531
0.025518937145277
-0.043622526790714
1.568096733330751
0.511931774156312
0.108841023398811
0.051494032829142
0.026363937627142
-0.625801781994150
0.797632816993389
-0.365696878866267
-0.077372895374792
-0.057806884280037
0.000014109161208
1.271606693833245
-0.012035468894468
0.235097421401866
0.015218737469222
-0.097737488515173
-0.218811770003733
0.246873960017975
-0.724382746394488
-0.000794966225468
0.035595264720095
0.517623023356320
1.240701088124400
0.114959614319552
0.115666724438842
-0.000794966225468
-0.724382746394488
0.246873960017975
-0.218811770003733
-0.097737488515173
0.115666724438842
0.114959614319552
1.240701088124400
0.517623023356320
0.035595264720095
-0.057806884280037
-0.077372895374792
-0.365696878866267
0.797632816993389
-0.625801781994150
0.015218737469222
0.235097421401866
-0.012035468894468
1.271606693833245
0.000014109161208
-0.043622526790714
0.025518937145277
-0.224705335211531
-0.188100970784808
-0.000006661946394
0.026363937627142
0.051494032829142
0.108841023398811
0.511931774156312
1.568096733330751
-0.009421834233304
-0.019760182978543
-0.039065755630204
-0.225420564560030
0.078380837819821
0.018154226485092
-0.014157770422244
0.094486456147831
0.045776827625923
1.000003357839953
