8
-1.000000000000000
-0.871740148509605
-0.591700181433143
-0.209299217902479
0.209299217902479
0.591700181433143
0.871740148509605
1.000000000000000
13
-1.000000000000000
-0.965925826289068
-0.866025403784439
-0.707106781186548
-0.500000000000000
-0.258819045102521
-0.000000000000000
0.258819045102521
0.500000000000000
0.707106781186547
0.866025403784439
0.965925826289068
1.000000000000000
0.999740351027627
0.517140709363544
-0.127466020475506
-0.136211381459778
0.052916480468750
0.010069246256939
-0.061757521291471
0.011117615372677
0.017443932147596
-0.024857745145541
-0.006859809926428
0.009992470462288
-0.000259648972369
1.000383677360742
0.591414943020873
-0.017538545421310
-0.101484330158654
0.087022892254517
0.031629603372606
-0.038875704197564
0.022413126910665
0.031301191144747
-0.017166762988386
-0.000114094812948
0.018735983180870
0.000383677360746
-0.000559316527440
0.519000288829793
0.998755444647312
0.373238798702185
-0.308192022172601
-0.066004037388450
0.108806513623668
-0.060212299782940
-0.082691919173180
0.045531355209964
0.000716206753112
-0.048321961120912
-0.000559316527441
0.000798087303225
0.668704779812737
1.157033415734916
0.445282278208566
-0.172879231064537
-0.027161183227224
0.174555367658445
-0.029971992343444
-0.046213000156030
0.065306249865752
0.017929449116986
-0.025841606686183
0.000798087303223
-0.000982258777532
-0.300477643532662
-0.020864452516765
0.797632816993389
0.891439511399897
0.025360472249535
-0.322870010802888
0.051061390588410
0.074133246969007
-0.100864429894953
-0.026098883476781
0.039007574341603
-0.000982258777507
0.000833687590589
-0.165601000975799
0.027113764250894
0.969733441465589
1.027995296967202
0.132524789312757
-0.204028353469557
0.101844049427746
0.132253462374660
-0.070450729267166
-0.001005470144331
0.072843390994562
0.000833687590615
-0.000861511112212
0.089660522672878
-0.015632330801925
-0.341560985865260
0.269524210812660
0.975956632971223
0.633637649067981
-0.215472606042100
-0.207673585883571
0.110211581808801
0.001572805365375
-0.106785761602678
-0.000861511112244
0.001035645720308
0.168480468689824
-0.001469917996010
-0.203331917387482
0.321281575434649
1.160593324541212
0.723863575788484
-0.102938124350474
-0.125931189703262
0.160875176096812
0.031946233041162
-0.057244829080141
0.001035645720276
-0.000861511112244
-0.106785761602678
0.001572805365375
0.110211581808801
-0.207673585883571
-0.215472606042100
0.633637649067981
0.975956632971223
0.269524210812660
-0.341560985865260
-0.015632330801925
0.089660522672878
-0.000861511112212
0.001035645720276
-0.057244829080141
0.031946233041162
0.160875176096812
-0.125931189703262
-0.102938124350474
0.723863575788484
1.160593324541212
0.321281575434649
-0.203331917387482
-0.001469917996010
0.168480468689824
0.001035645720308
-0.000982258777507
0.039007574341603
-0.026098883476781
-0.100864429894953
0.074133246969007
0.051061390588410
-0.322870010802888
0.025360472249535
0.891439511399897
0.797632816993389
-0.020864452516765
-0.300477643532662
-0.000982258777532
0.000833687590615
0.072843390994562
-0.001005470144331
-0.070450729267166
0.132253462374660
0.101844049427746
-0.204028353469557
0.132524789312757
1.027995296967202
0.969733441465589
0.027113764250894
-0.165601000975799
0.000833687590589
-0.000559316527441
-0.048321961120912
0.000716206753112
0.045531355209964
-0.082691919173180
-0.060212299782940
0.108806513623668
-0.066004037388450
-0.308192022172601
0.373238798702185
0.998755444647312
0.519000288829793
-0.000559316527440
0.000798087303223
-0.025841606686183
0.017929449116986
0.065306249865752
-0.046213000156030
-0.029971992343444
0.174555367658445
-0.027161183227224
-0.172879231064537
0.445282278208566
1.157033415734916
0.668704779812737
0.000798087303225
-0.000259648972369
0.009992470462288
-0.006859809926428
-0.024857745145541
0.017443932147596
0.011117615372677
-0.061757521291471
0.010069246256939
0.052916480468750
-0.136211381459778
-0.127466020475506
0.517140709363544
0.999740351027627
0.000383677360746
0.018735983180870
-0.000114094812948
-0.017166762988386
0.031301191144747
0.022413126910665
-0.038875704197564
0.031629603372606
0.087022892254517
-0.101484330158654
-0.017538545421310
0.591414943020873
1.000383677360742
