8
-1.000000000000000
-0.871740148509605
-0.591700181433143
-0.209299217902479
0.209299217902479
0.591700181433143
0.871740148509605
1.000000000000000
19
-1.000000000000000
-0.990575475314417
-0.950675521768768
-0.880239153726986
-0.781514003896801
-0.657671159216691
-0.512690537086477
-0.351231763453876
-0.178484181495848
0.000000000000000
0.178484181495848
0.351231763453876
0.512690537086477
0.657671159216691
0.781514003896801
0.880239153726986
0.950675521768768
0.990575475314417
1.000000000000000
0.999719407214542
0.863874361746159
0.410069732784876
-0.023250999799141
-0.165223815871240
-0.060568303340766
0.048167168202265
0.051759991447754
-0.018109431613426
-0.049889993060439
-0.008446726884049
0.024704598745760
0.015269337868739
-0.015706344471423
-0.021042078336619
0.001579644264549
0.011151124592983
0.003970387741044
-0.000458115709608
1.004418149764859
0.874272426979357
0.447810691816229
0.030380470114692
-0.130042173557966
-0.053624852680397
0.069533857078183
0.063287656002368
-0.009021687371560
-0.037232725595410
-0.004655243448414
0.034225824465464
0.020903600528145
-0.010063820267618
-0.014193466534892
0.004613884363104
0.016606881278238
0.006949030781235
0.001972322848278
-0.007760750077828
0.167144810924569
0.679671911679915
0.994756823208666
0.771260051017364
0.183756359876313
-0.227603875653439
-0.184557195718217
0.028264306300185
0.105822308346273
0.014214567825803
-0.090180945602102
-0.053273250764060
0.028283131101260
0.038907735792318
-0.010303106367695
-0.041479478335112
-0.016300020470296
-0.003403597446956
0.001176192142537
0.187735643391878
0.746436484929814
1.084309955208613
0.807928786078799
0.227526787013499
-0.158790099007454
-0.156371569128550
0.053670978628862
0.139244963840764
0.022799954657983
-0.065875522548248
-0.040089137986094
0.041851016513937
0.055479040166038
-0.003673717754105
-0.028545535414027
-0.009859875646728
0.001637849270914
-0.001299874667156
-0.074480548038742
-0.245320037828017
-0.071201404048609
0.467005307379032
0.933350244201503
0.918160736277486
0.422197588798166
-0.129942113249471
-0.250155739975508
-0.037695111294633
0.109351998008058
0.064502258384377
-0.064917766614685
-0.084325838823019
0.006048266244697
0.043386560982026
0.015225850625017
-0.001994325827178
0.004964293579500
-0.063334531522082
-0.190161857053529
-0.035703579215874
0.495310952040765
1.016910315945681
0.986036971571482
0.438101956716035
-0.065772932326515
-0.202598390622167
-0.025756324569070
0.146038171089759
0.080006270932743
-0.047282399950151
-0.062740410106748
0.012578376188823
0.059431219523340
0.021285388974860
0.002072458690612
-0.002734759757151
0.035626955484908
0.101119830459465
0.016597663551755
-0.205568487181589
-0.212789776630153
0.245877548213952
0.806782507965416
0.990815068752747
0.633407556256871
0.037670796543809
-0.267800190048175
-0.126082916765946
0.077059977887720
0.097617551880206
-0.017038994244564
-0.085233147457164
-0.028757489331557
-0.001148707555085
0.000733344654962
0.042565033487343
0.132367325746795
0.028074814718997
-0.170250206795691
-0.150494866305858
0.263553988943596
0.864833310256190
1.077160796560475
0.663715292971473
0.078735760895550
-0.203936738813712
-0.109872315608412
0.102429017229101
0.126623820909263
-0.010192782767564
-0.064610881856590
-0.023224483161988
0.001749229848229
-0.001148707555085
-0.028757489331557
-0.085233147457164
-0.017038994244564
0.097617551880206
0.077059977887720
-0.126082916765946
-0.267800190048175
0.037670796543809
0.633407556256871
0.990815068752747
0.806782507965416
0.245877548213952
-0.212789776630153
-0.205568487181589
0.016597663551755
0.101119830459465
0.035626955484908
-0.002734759757151
0.001749229848229
-0.023224483161988
-0.064610881856590
-0.010192782767564
0.126623820909263
0.102429017229101
-0.109872315608412
-0.203936738813712
0.078735760895550
0.663715292971473
1.077160796560475
0.864833310256190
0.263553988943596
-0.150494866305858
-0.170250206795691
0.028074814718997
0.132367325746795
0.042565033487343
0.000733344654962
-0.001994325827178
0.015225850625017
0.043386560982026
0.006048266244697
-0.084325838823019
-0.064917766614685
0.064502258384377
0.109351998008058
-0.037695111294633
-0.250155739975508
-0.129942113249471
0.422197588798166
0.918160736277486
0.933350244201503
0.467005307379032
-0.071201404048609
-0.245320037828017
-0.074480548038742
-0.001299874667156
0.002072458690612
0.021285388974860
0.059431219523340
0.012578376188823
-0.062740410106748
-0.047282399950151
0.080006270932743
0.146038171089759
-0.025756324569070
-0.202598390622167
-0.065772932326515
0.438101956716035
0.986036971571482
1.016910315945681
0.495310952040765
-0.035703579215874
-0.190161857053529
-0.063334531522082
0.004964293579500
-0.003403597446956
-0.016300020470296
-0.041479478335112
-0.010303106367695
0.038907735792318
0.028283131101260
-0.053273250764060
-0.090180945602102
0.014214567825803
0.105822308346273
0.028264306300185
-0.184557195718217
-0.227603875653439
0.183756359876313
0.771260051017364
0.994756823208666
0.679671911679915
0.167144810924569
-0.007760750077828
0.001637849270914
-0.009859875646728
-0.028545535414027
-0.003673717754105
0.055479040166038
0.041851016513937
-0.040089137986094
-0.065875522548248
0.022799954657983
0.139244963840764
0.053670978628862
-0.156371569128550
-0.158790099007454
0.227526787013499
0.807928786078799
1.084309955208613
0.746436484929814
0.187735643391878
0.001176192142537
-0.000458115709608
0.003970387741044
0.011151124592983
0.001579644264549
-0.021042078336619
-0.015706344471423
0.015269337868739
0.024704598745760
-0.008446726884049
-0.049889993060439
-0.018109431613426
0.051759991447754
0.048167168202265
-0.060568303340766
-0.165223815871240
-0.023250999799141
0.410069732784876
0.863874361746159
0.999719407214542
0.001972322848278
0.006949030781235
0.016606881278238
0.004613884363104
-0.014193466534892
-0.010063820267618
0.020903600528145
0.034225824465464
-0.004655243448414
-0.037232725595410
-0.009021687371560
0.063287656002368
0.069533857078183
-0.053624852680397
-0.130042173557966
0.030380470114692
0.447810691816229
0.874272426979357
1.004418149764859
