7
-1.000000000000000
-0.830223896278567
-0.468848793470714
0.000000000000000
0.468848793470714
0.830223896278567
1.000000000000000
19
-1.000000000000000
-0.978611766215661
-0.928901528167979
-0.852460577782618
-0.751494202559026
-0.628908137263668
-0.488229285680921
-0.333504847824481
-0.169186023409282
-0.000000000000000
0.169186023409282
0.333504847824491
0.488229285680759
0.628908137265041
0.751494202553092
0.852460577795727
0.928901528153608
0.978611766221633
1.000000000000000
0.999406360359320
0.780364819207708
0.385763245533223
0.027963352668926
-0.144541109293465
-0.119256215845467
-0.012534829333981
0.057504287002114
0.051419724378397
-0.002802338681220
-0.044038513317843
-0.032518727153133
0.004209137024566
0.024809350246841
0.016442051744874
-0.006059451976534
-0.018198748890346
-0.009933925971329
-0.000219419426816
1.001370595598176
0.791392485673993
0.412503355885328
0.062315853251119
-0.115513671496215
-0.107905615106962
-0.005021163841659
0.071599263510344
0.058710796151099
0.001344306787326
-0.035250799213447
-0.027427823212923
0.007371172994651
0.030891088435184
0.020197925757589
-0.003562505890520
-0.013955301039604
-0.007286385170414
0.001370595598173
-0.002467667773868
0.274057000571302
0.716606095726440
0.986984567681894
0.885351108206690
0.474754206312642
0.007096781514742
-0.227088999912098
-0.175505394072311
-0.002352741118657
0.100829641844934
0.077097078892483
-0.019062210065134
-0.081943356145533
-0.052606284722134
0.010627966931646
0.038052022344062
0.020363599517858
-0.002467667773870
0.001406377808673
0.295852636376218
0.763474760921200
1.045841062876455
0.922475842634467
0.485589544000348
0.045223343867709
-0.185696768770567
-0.155459683076972
0.009635248718019
0.124863873484589
0.089613755709393
-0.011065486338149
-0.066378643781242
-0.043497540050020
0.016544523378296
0.048510386671978
0.026586577062950
0.000981319571957
-0.001473429402749
-0.115762774172498
-0.223551949930788
-0.101913080415615
0.305663665755655
0.760916701138907
0.996592159074614
0.852925048756324
0.424427979822233
-0.035327757175090
-0.239989574490883
-0.161215810748021
0.019347162683051
0.110406847619042
0.070602866896581
-0.026381104939347
-0.076079603221874
-0.041238203170393
-0.001372846952938
0.001677203458409
-0.099408107625173
-0.191955392864132
-0.070376159829755
0.314196724220643
0.801135518238846
1.052987418122426
0.892737303903062
0.433719631431633
0.001131025039752
-0.200393215356819
-0.142434331444011
0.031587072482320
0.133769599497366
0.082107938846857
-0.019156396747561
-0.062014677235823
-0.033951497422801
0.001677203458403
-0.001125865223026
0.054867940122587
0.100748866936341
0.033234846766738
-0.139267633374623
-0.241822006231316
-0.076272415160657
0.362727236308078
0.808692352005093
0.999999000000002
0.808692352005093
0.362727236299725
-0.076272415144447
-0.241822006248507
-0.139267633366169
0.033234846789020
0.100748866923512
0.054867940117416
-0.001125865223023
0.001290884184718
0.063489631546098
0.120858352102785
0.043377641913133
-0.122854936746387
-0.205910946608106
-0.041879526357407
0.370849387977515
0.847746674219758
1.054938607066151
0.847746674211515
0.370849387980710
-0.041879526356118
-0.205910946607140
-0.122854936756134
0.043377641926411
0.120858352088236
0.063489631557906
0.001290884178002
-0.001372846952938
-0.041238203170393
-0.076079603221874
-0.026381104939347
0.070602866896581
0.110406847619042
0.019347162683051
-0.161215810748021
-0.239989574490883
-0.035327757175090
0.424427979822233
0.852925048756324
0.996592159074614
0.760916701138907
0.305663665755655
-0.101913080415615
-0.223551949930788
-0.115762774172498
-0.001473429402749
0.001677203458403
-0.033951497422801
-0.062014677235823
-0.019156396747561
0.082107938846857
0.133769599497366
0.031587072482320
-0.142434331444011
-0.200393215356819
0.001131025039752
0.433719631431633
0.892737303903062
1.052987418122426
0.801135518238846
0.314196724220643
-0.070376159829755
-0.191955392864132
-0.099408107625173
0.001677203458409
-0.002467667773870
0.020363599517858
0.038052022344062
0.010627966931646
-0.052606284722134
-0.081943356145533
-0.019062210065134
0.077097078892483
0.100829641844934
-0.002352741118657
-0.175505394072311
-0.227088999912098
0.007096781514742
0.474754206312642
0.885351108206690
0.986984567681894
0.716606095726440
0.274057000571302
-0.002467667773868
0.000981319571957
0.026586577062950
0.048510386671978
0.016544523378296
-0.043497540050020
-0.066378643781242
-0.011065486338149
0.089613755709393
0.124863873484589
0.009635248718019
-0.155459683076972
-0.185696768770567
0.045223343867709
0.485589544000348
0.922475842634467
1.045841062876455
0.763474760921200
0.295852636376218
0.001406377808673
-0.000219419426816
-0.009933925971329
-0.018198748890346
-0.006059451976534
0.016442051744874
0.024809350246841
0.004209137024566
-0.032518727153133
-0.044038513317843
-0.002802338681220
0.051419724378397
0.057504287002114
-0.012534829333981
-0.119256215845467
-0.144541109293465
0.027963352668926
0.385763245533223
0.780364819207708
0.999406360359320
0.001370595598173
-0.007286385170414
-0.013955301039604
-0.003562505890520
0.020197925757589
0.030891088435184
0.007371172994651
-0.027427823212923
-0.035250799213447
0.001344306787326
0.058710796151099
0.071599263510344
-0.005021163841659
-0.107905615106962
-0.115513671496215
0.062315853251119
0.412503355885328
0.791392485673993
1.001370595598176
