4
-1.000000000000000
-0.447213595499958
0.447213595499958
1.000000000000000
6
-1.000000000000000
-0.861136311594053
-0.339981043584856
0.339981043584856
0.861136311594053
1.000000000000000
0.999890502173633
0.512323930661475
-0.191770860210451
-0.062107352081187
0.047000517828816
-0.000109497826366
1.000372497625279
0.630081225169468
-0.070693795273856
-0.027834989724221
0.115047802318912
0.000372497625279
-0.000542921563013
0.472462210452355
0.972975186258263
0.066061268270051
-0.348021931587089
-0.000542921563014
0.000321444168661
0.730452821502097
1.143386034937834
0.132766481651402
-0.149502431046080
0.000321444168659
-0.000542921563014
-0.348021931587089
0.066061268270051
0.972975186258263
0.472462210452355
-0.000542921563013
0.000321444168659
-0.149502431046080
0.132766481651402
1.143386034937834
0.730452821502097
0.000321444168661
-0.000109497826366
0.047000517828816
-0.062107352081187
-0.191770860210451
0.512323930661475
0.999890502173633
0.000372497625279
0.115047802318912
-0.027834989724221
-0.070693795273856
0.630081225169468
1.000372497625279
