5
-1.000000000000000
-0.654653670707977
0.000000000000000
0.654653670707977
1.000000000000000
4
-1.000000000000000
-0.447213595499958
0.447213595499958
1.000000000000000
0.472431779751511
-0.285665593391927
0.049441719099992
-0.083429393050585
1.000449041566394
-0.129441719099992
0.137047567055729
0.000449041566393
-0.000001084864209
0.610708641074288
-0.610921010499060
-0.000001084864206
1.024185815704561
0.985860721815342
-0.151523369078114
0.253335264634283
-0.701034180836768
0.409160073925406
0.409160104545507
-0.701034266877943
0.000004340007675
1.000001000000000
1.000000999999998
0.000004340007672
-0.000001084864206
-0.610921010499060
0.610708641074288
-0.000001084864209
0.253335264634283
-0.151523369078114
0.985860721815342
1.024185815704561
-0.083429393050585
0.049441719099992
-0.285665593391927
0.472431779751511
0.000449041566393
0.137047567055729
-0.129441719099992
1.000449041566394
