6
-1.000000000000000
-0.765055323929465
-0.285231516480645
0.285231516480645
0.765055323929466
1.000000000000000
12
-1.000000000000000
-0.944899272222858
-0.819279321644041
-0.632876153031848
-0.399530940965350
-0.136552932854928
0.136552932854928
0.399530940965349
0.632876153031861
0.819279321644004
0.944899272222881
1.000000000000000
0.998280788083311
0.603156257703844
0.056361839510150
-0.174093270345214
-0.065495382563726
0.052988247604472
0.040138556829511
-0.036201979819056
-0.039077526309003
0.011937849794509
0.018046356593244
-0.000161443626991
1.000904111389993
0.637021455441603
0.121152830577111
-0.126209056171923
-0.057461267218459
0.077552747745155
0.050100550114078
-0.025368619034707
-0.027570934835823
0.016318990045084
0.027200111518740
0.000942378838784
-0.001671513988286
0.465026983901437
0.960514885963325
0.835535056901300
0.192379916479933
-0.254171833105106
-0.143134871193557
0.073558337597900
0.077569757873812
-0.044090055605365
-0.072771088563682
-0.001768120245823
0.004133769500454
0.525329398784829
1.075662470615656
0.892434791560586
0.239997081893811
-0.173517490233010
-0.120456389042953
0.104460099752472
0.107999196907935
-0.032543167817238
-0.048779204958206
0.000561133394402
-0.002447853284546
-0.202417193861642
-0.178726169714997
0.382525559210033
0.926986736298722
0.888129488635769
0.290142884813226
-0.232880826244942
-0.180804864073287
0.056749464483539
0.082275120398925
-0.000749002886397
0.001203556452073
-0.153503870642228
-0.117725022266449
0.401117221007739
1.031974055493584
0.967559430035902
0.314201170326779
-0.153734892218642
-0.144830413989281
0.076135944166424
0.120003329304528
0.001327316208133
-0.000749002886397
0.082275120398925
0.056749464483539
-0.180804864073287
-0.232880826244942
0.290142884813226
0.888129488635769
0.926986736298722
0.382525559210033
-0.178726169714997
-0.202417193861642
-0.002447853284546
0.001327316208133
0.120003329304528
0.076135944166424
-0.144830413989281
-0.153734892218642
0.314201170326779
0.967559430035902
1.031974055493584
0.401117221007739
-0.117725022266449
-0.153503870642228
0.001203556452073
-0.001768120245823
-0.072771088563682
-0.044090055605365
0.077569757873812
0.073558337597900
-0.143134871193557
-0.254171833105106
0.192379916479933
0.835535056901300
0.960514885963325
0.465026983901437
-0.001671513988286
0.000561133394402
-0.048779204958206
-0.032543167817238
0.107999196907935
0.104460099752472
-0.120456389042953
-0.173517490233010
0.239997081893811
0.892434791560586
1.075662470615656
0.525329398784829
0.004133769500454
-0.000161443626991
0.018046356593244
0.011937849794509
-0.039077526309003
-0.036201979819056
0.040138556829511
0.052988247604472
-0.065495382563726
-0.174093270345214
0.056361839510150
0.603156257703844
0.998280788083311
0.000942378838784
0.027200111518740
0.016318990045084
-0.027570934835823
-0.025368619034707
0.050100550114078
0.077552747745155
-0.057461267218459
-0.126209056171923
0.121152830577111
0.637021455441603
1.000904111389993
