3
-1.000000000000000
0.000000000000000
1.000000000000000
18
-1.000000000000000
-0.989400934991650
-0.944575023073233
-0.865631202387832
-0.755404408355003
-0.617876244402644
-0.458016777657227
-0.281603550779259
-0.095012509837637
0.095012509837637
0.281603550779259
0.458016777657227
0.617876244402644
0.755404408355003
0.865631202387832
0.944575023073233
0.989400934991650
1.000000000000000
0.999998498998498
0.984063412006634
0.917909940018033
0.806333958777078
0.661065375834319
0.497008367502605
0.330297959619454
0.176257441063748
0.047505254919141
-0.047507254919141
-0.105346109714891
-0.127718818038313
-0.120867876899504
-0.094339032521103
-0.059297243610459
-0.026665083055467
-0.005337522984905
-0.000001501001502
1.000145517611533
0.984199084260952
0.918423902944542
0.807515342051689
0.663051019846205
0.499853296875838
0.333899073136369
0.180472242456407
0.052062492058645
-0.042950017778993
-0.101131308322852
-0.124117704520859
-0.118022947527403
-0.092353388507139
-0.058115860336143
-0.026151120128691
-0.005196243974247
0.000050240154224
-0.000099480308450
0.020992552961349
0.107728217184149
0.250601518284454
0.429303368662592
0.618170650650969
0.790219631384490
0.920660065866445
0.990888525720348
0.990888525720348
0.920660065866445
0.790219631384490
0.618170650650969
0.429303368662592
0.250601518284454
0.107728217184149
0.020992552961349
-0.000099480308451
0.000002002003003
0.021273110977523
0.108754143039629
0.252962284833380
0.433272656686783
0.623858509396872
0.797419858418805
0.929087668651169
1.000001000000001
1.000000999999999
0.929087668651172
0.797419858418803
0.623858509396875
0.433272656686781
0.252962284833382
0.108754143033837
0.021273110981177
0.000002002003004
-0.000001501001502
-0.005337522984905
-0.026665083055467
-0.059297243610459
-0.094339032521103
-0.120867876899504
-0.127718818038313
-0.105346109714891
-0.047507254919141
0.047505254919141
0.176257441063748
0.330297959619454
0.497008367502605
0.661065375834319
0.806333958777078
0.917909940018033
0.984063412006634
0.999998498998498
0.000050240154224
-0.005196243974247
-0.026151120128691
-0.058115860336143
-0.092353388507139
-0.118022947527403
-0.124117704520859
-0.101131308322852
-0.042950017778993
0.052062492058645
0.180472242456407
0.333899073136369
0.499853296875838
0.663051019846205
0.807515342051689
0.918423902944542
0.984199084260952
1.000145517611533
