4
-1.000000000000000
-0.447213595499958
0.447213595499958
1.000000000000000
6
-1.000000000000000
-0.809016994374947
-0.309016994374947
0.309016994374947
0.809016994374947
1.000000000000000
0.999845804071032
0.408470046341798
-0.189951286579324
-0.065381422879468
0.054251124296869
-0.000154195928968
1.000343463772288
0.513884497187473
-0.085380194160675
-0.039850680175685
0.106579066474928
0.000343463772289
-0.000649798314518
0.606556189257829
0.955675532270702
0.115747784696297
-0.336020855932740
-0.000649798314520
0.000460530471199
0.826312639256050
1.108572748428331
0.174953407487934
-0.174691810742172
0.000460530471198
-0.000649798314520
-0.336020855932740
0.115747784696297
0.955675532270702
0.606556189257829
-0.000649798314518
0.000460530471198
-0.174691810742172
0.174953407487934
1.108572748428331
0.826312639256050
0.000460530471199
-0.000154195928968
0.054251124296869
-0.065381422879468
-0.189951286579324
0.408470046341798
0.999845804071032
0.000343463772289
0.106579066474928
-0.039850680175685
-0.085380194160675
0.513884497187473
1.000343463772288
