3
-1.000000000000000
0.000000000000000
1.000000000000000
12
-1.000000000000000
-0.944899272222858
-0.819279321644041
-0.632876153031848
-0.399530940965350
-0.136552932854928
0.136552932854928
0.399530940965349
0.632876153031861
0.819279321644004
0.944899272222881
1.000000000000000
0.999958716200116
0.917801981703959
0.742088285828164
0.510987273071685
0.271584370338725
0.068275466428750
-0.068277466428750
-0.127946570624203
-0.121888879962168
-0.077191035814456
-0.027097290519730
-0.000041283799670
1.000077778015659
0.918915895208817
0.745292918205650
0.516711506688228
0.279638477046738
0.077600818163105
-0.058952114691823
-0.119892463918612
-0.116164646334198
-0.073986403439179
-0.025983377014293
0.000077778015659
-0.000154556031319
0.107068481807434
0.328694485187649
0.599454139655484
0.840254986871874
0.981352296528717
0.981352296528718
0.840254986871874
0.599454139655319
0.328694485223471
0.107068481807395
-0.000154556031319
0.000081567605493
0.109294308779903
0.335101749910663
0.610900606977325
0.856361200220605
1.000001000000009
1.000000999999991
0.856361200301283
0.610900606830906
0.335101750019673
0.109294308720478
0.000081567615850
-0.000041283799670
-0.027097290519730
-0.077191035814456
-0.121888879962168
-0.127946570624203
-0.068277466428750
0.068275466428750
0.271584370338725
0.510987273071685
0.742088285828164
0.917801981703959
0.999958716200116
0.000077778015659
-0.025983377014293
-0.073986403439179
-0.116164646334198
-0.119892463918612
-0.058952114691823
0.077600818163105
0.279638477046738
0.516711506688228
0.745292918205650
0.918915895208817
1.000077778015659
