6
-1.000000000000000
-0.765055323929465
-0.285231516480645
0.285231516480645
0.765055323929466
1.000000000000000
14
-1.000000000000000
-0.846153846153846
-0.692307692307692
-0.538461538461538
-0.384615384615385
-0.230769230769231
-0.076923076923077
0.076923076923077
0.230769230769231
0.384615384615385
0.538461538461539
0.692307692307693
0.846153846153846
1.000000000000000
0.902506886872195
0.134812549951833
-0.121892934522430
-0.138993621629849
-0.052961544028057
0.024152431387071
0.061757418583152
0.052917675173206
0.014615569167229
-0.026807857882753
-0.042644004003771
-0.019602016153000
0.016721291163119
-0.000048501707643
1.000410233597431
0.200931262622778
-0.093692221686350
-0.124177014243207
-0.051752524976458
0.030664895434308
0.068291735885446
0.057557887633774
0.015759998829682
-0.023181839688750
-0.037015525336342
-0.016680624126226
0.024713413284034
0.017872318254743
-0.000674439648437
0.908202681319137
0.944170796974865
0.603108390376349
0.187131512034448
-0.107794236470427
-0.217345455519026
-0.173479306055972
-0.045176199343433
0.067040149534499
0.104574530693089
0.046608296865913
-0.066981979815795
-0.047725303106187
0.180785312438188
1.024544015900567
0.981587700004055
0.614902456788879
0.203947445963079
-0.082855354023939
-0.197295300667307
-0.161159304090416
-0.042127322339098
0.077642721592202
0.119687717746510
0.054102684358520
-0.045532868073445
0.000252561418598
-0.129675549397119
-0.233580074913294
0.199637917297459
0.653914044764167
0.945249521117193
0.983959027949748
0.789299655493664
0.453690844354064
0.088037064329304
-0.164988241332366
-0.227416922033144
-0.095562837184912
0.078353325383219
-0.000605286795457
0.000548382454070
-0.158781472263245
0.204848032759972
0.676992563525619
0.981418249271896
1.014248122872067
0.810324552671123
0.457110374295993
0.104214194877020
-0.140188512791075
-0.201098225382567
-0.084773631969201
0.114939887292192
0.077822713798221
-0.000605286795457
0.078353325383219
-0.095562837184912
-0.227416922033144
-0.164988241332366
0.088037064329304
0.453690844354064
0.789299655493664
0.983959027949748
0.945249521117193
0.653914044764167
0.199637917297459
-0.233580074913294
-0.129675549397119
0.077822713798221
0.114939887292192
-0.084773631969201
-0.201098225382567
-0.140188512791075
0.104214194877020
0.457110374295993
0.810324552671123
1.014248122872067
0.981418249271896
0.676992563525619
0.204848032759972
-0.158781472263245
0.000548382454070
-0.047725303106187
-0.066981979815795
0.046608296865913
0.104574530693089
0.067040149534499
-0.045176199343433
-0.173479306055972
-0.217345455519026
-0.107794236470427
0.187131512034448
0.603108390376349
0.944170796974865
0.908202681319137
-0.000674439648437
0.000252561418598
-0.045532868073445
0.054102684358520
0.119687717746510
0.077642721592202
-0.042127322339098
-0.161159304090416
-0.197295300667307
-0.082855354023939
0.203947445963079
0.614902456788879
0.981587700004055
1.024544015900567
0.180785312438188
-0.000048501707643
0.016721291163119
-0.019602016153000
-0.042644004003771
-0.026807857882753
0.014615569167229
0.052917675173206
0.061757418583152
0.024152431387071
-0.052961544028057
-0.138993621629849
-0.121892934522430
0.134812549951833
0.902506886872195
0.017872318254743
0.024713413284034
-0.016680624126226
-0.037015525336342
-0.023181839688750
0.015759998829682
0.057557887633774
0.068291735885446
0.030664895434308
-0.051752524976458
-0.124177014243207
-0.093692221686350
0.200931262622778
1.000410233597431
