3
-1.000000000000000
0.000000000000000
1.000000000000000
17
-1.000000000000000
-0.980785280403230
-0.923879532511287
-0.831469612302545
-0.707106781186548
-0.555570233019602
-0.382683432365090
-0.195090322016128
-0.000000000000000
0.195090322016128
0.382683432365090
0.555570233019602
0.707106781186547
0.831469612302545
0.923879532511287
0.980785280403230
1.000000000000000
0.999998614028006
0.971175389775696
0.888007316558779
0.759903662017516
0.601132239494277
0.428753357483590
0.260430691326008
0.111900981233266
-0.004843819585815
-0.083189340782877
-0.122252741039079
-0.126816875536055
-0.105974541692327
-0.071565950284649
-0.035872215952985
-0.009609890627326
-0.000001385971994
1.000160737387509
0.971445490942997
0.888813802933196
0.761487525072051
0.603614697617105
0.432211587031471
0.264603112122667
0.116664067225173
0.000001000000000
-0.078426254790956
-0.118080320242422
-0.123358645988131
-0.103492083575131
-0.069982087226914
-0.035065730488106
-0.009338623828660
0.000143187170528
-0.000196184492181
0.037887043537629
0.146252933092725
0.308495562133073
0.499878385952460
0.691148058956659
0.853478208119755
0.961763187565783
0.999999000000000
0.961763187565783
0.853478208119755
0.691148058956660
0.499878385952460
0.308495562133082
0.146252933088826
0.037887043537629
-0.000196184492181
0.000001807937572
0.038433692048329
0.147863621388407
0.311661773985711
0.504840685483623
0.698063325122850
0.861820232979879
0.971288293138423
1.009685748508715
0.971288293138423
0.861820232979618
0.698063325122844
0.504840685483628
0.311661773985618
0.147863621388448
0.038433692048308
0.000001807937572
-0.000001385971994
-0.009609890627326
-0.035872215952985
-0.071565950284649
-0.105974541692327
-0.126816875536055
-0.122252741039079
-0.083189340782877
-0.004843819585815
0.111900981233266
0.260430691326008
0.428753357483590
0.601132239494277
0.759903662017516
0.888007316558779
0.971175389775696
0.999998614028006
0.000143187170528
-0.009338623828660
-0.035065730488106
-0.069982087226914
-0.103492083575131
-0.123358645988131
-0.118080320242422
-0.078426254790956
0.000001000000000
0.116664067225173
0.264603112122667
0.432211587031471
0.603614697617105
0.761487525072051
0.888813802933196
0.971445490942997
1.000160737387509
