6
-1.000000000000000
-0.765055323929465
-0.285231516480645
0.285231516480645
0.765055323929466
1.000000000000000
19
-1.000000000000000
-0.888888888888889
-0.777777777777778
-0.666666666666667
-0.555555555555556
-0.444444444444444
-0.333333333333333
-0.222222222222222
-0.111111111111111
0.000000000000000
0.111111111111111
0.222222222222222
0.333333333333333
0.444444444444444
0.555555555555555
0.666666666666667
0.777777777777778
0.888888888888889
1.000000000000000
0.947580262101931
0.320847934505431
0.000414154362583
-0.127566381325357
-0.134909301203819
-0.088110297257117
-0.024809219174195
0.027458127897192
0.057546112838202
0.062466931163104
0.046013318040661
0.017375396672201
-0.013798536431142
-0.035112202566394
-0.039347509652652
-0.024086988513828
0.002879649392588
0.021168918203524
-0.000117861149505
1.001194578614487
0.359889609459938
0.025174662951223
-0.111120196696419
-0.127190322061223
-0.084253982937701
-0.022121555156364
0.031736700665092
0.062136232167554
0.066524334082379
0.048887832547704
0.018952451770748
-0.011151100397857
-0.031721795901796
-0.035486821578572
-0.021216631554867
0.004547444573569
0.027991852750400
0.010703659354579
-0.002064721264530
0.769397649205213
0.995937508383350
0.901594195401594
0.646886549910408
0.345474721973039
0.078228426469423
-0.107616392748957
-0.200068027169308
-0.204616531070786
-0.145869786469494
-0.053825554160029
0.033642979082342
0.091606373512519
0.100883954313637
0.060091184924189
-0.011451892558564
-0.074894170886152
-0.027629622143006
0.097533482437425
0.839920379486739
1.035089108605876
0.925182552663443
0.652915854637067
0.352930012795740
0.091257924411273
-0.093843657444123
-0.186346160400657
-0.194481129281878
-0.138979101062239
-0.050842650308135
0.040331365585516
0.100060778941366
0.110449710469595
0.066676179984465
-0.007819426020139
-0.057517597354289
0.000410263434386
-0.072145301049203
-0.237901193269107
-0.047782534745149
0.278404381999390
0.608382253743755
0.859704492394897
0.986683772660623
0.978849340430605
0.848686577624155
0.631706610207673
0.371025807329881
0.114148245160892
-0.088968665505628
-0.201392555531907
-0.208762031237406
-0.120158325053661
0.013892000844636
0.098252868633205
-0.000570314729440
0.001235619343343
-0.191103883898845
-0.029976831302909
0.283746990618772
0.621010847638309
0.877005972151720
1.006332726033573
0.995548686356118
0.861963672338303
0.638721380239460
0.374329362143556
0.122607985458387
-0.075536792333430
-0.186819030981457
-0.194550595014174
-0.111923380402160
0.018867179344244
0.124944432888102
0.043145896157772
-0.000570314729440
0.098252868633205
0.013892000844636
-0.120158325053661
-0.208762031237406
-0.201392555531907
-0.088968665505628
0.114148245160892
0.371025807329881
0.631706610207673
0.848686577624155
0.978849340430605
0.986683772660623
0.859704492394897
0.608382253743755
0.278404381999390
-0.047782534745149
-0.237901193269107
-0.072145301049203
0.043145896157772
0.124944432888102
0.018867179344244
-0.111923380402160
-0.194550595014174
-0.186819030981457
-0.075536792333430
0.122607985458387
0.374329362143556
0.638721380239460
0.861963672338303
0.995548686356118
1.006332726033573
0.877005972151720
0.621010847638309
0.283746990618772
-0.029976831302909
-0.191103883898845
0.001235619343343
-0.027629622143006
-0.074894170886152
-0.011451892558564
0.060091184924189
0.100883954313637
0.091606373512519
0.033642979082342
-0.053825554160029
-0.145869786469494
-0.204616531070786
-0.200068027169308
-0.107616392748957
0.078228426469423
0.345474721973039
0.646886549910408
0.901594195401594
0.995937508383350
0.769397649205213
-0.002064721264530
0.000410263434386
-0.057517597354289
-0.007819426020139
0.066676179984465
0.110449710469595
0.100060778941366
0.040331365585516
-0.050842650308135
-0.138979101062239
-0.194481129281878
-0.186346160400657
-0.093843657444123
0.091257924411273
0.352930012795740
0.652915854637067
0.925182552663443
1.035089108605876
0.839920379486739
0.097533482437425
-0.000117861149505
0.021168918203524
0.002879649392588
-0.024086988513828
-0.039347509652652
-0.035112202566394
-0.013798536431142
0.017375396672201
0.046013318040661
0.062466931163104
0.057546112838202
0.027458127897192
-0.024809219174195
-0.088110297257117
-0.134909301203819
-0.127566381325357
0.000414154362583
0.320847934505431
0.947580262101931
0.010703659354579
0.027991852750400
0.004547444573569
-0.021216631554867
-0.035486821578572
-0.031721795901796
-0.011151100397857
0.018952451770748
0.048887832547704
0.066524334082379
0.062136232167554
0.031736700665092
-0.022121555156364
-0.084253982937701
-0.127190322061223
-0.111120196696419
0.025174662951223
0.359889609459938
1.001194578614487
