3
-1.000000000000000
0.000000000000000
1.000000000000000
18
-1.000000000000000
-0.982973099683902
-0.932472229404356
-0.850217135729614
-0.739008917220659
-0.602634636379256
-0.445738355776538
-0.273662990072083
-0.092268359463302
0.092268359463302
0.273662990072083
0.445738355776538
0.602634636379256
0.739008917220659
0.850217135729614
0.932472229404356
0.982973099683902
1.000000000000000
0.999998498998488
0.974457724289367
0.900427425738737
0.785351608016663
0.640621952714234
0.480166311206904
0.318769118947870
0.170303897393840
0.046133179733036
-0.046135179733036
-0.103359092675618
-0.126969236830953
-0.122468325170170
-0.098386964508583
-0.064865527711272
-0.032044803666256
-0.008515375394107
-0.000001501001512
1.000153433746947
0.974666731411694
0.901041897464211
0.786598508833908
0.642606686373636
0.482911429825656
0.322261017882806
0.174317665962320
0.050391904810676
-0.041876454652626
-0.099345324109763
-0.123477337893732
-0.119723206564728
-0.096402230844142
-0.063618626902702
-0.031430331940104
-0.008304200695787
0.000119091593975
-0.000150280839577
0.033630816684179
0.130389434475958
0.277021118059734
0.453796544478374
0.636812776728641
0.801217320010927
0.925028658147442
0.991485549841951
0.991485549841951
0.925028658147442
0.801217320010927
0.636812776728641
0.453796544478373
0.277021118059735
0.130389434475958
0.033630816684179
-0.000150280839577
0.000002002003004
0.034056651099883
0.131616377936298
0.279512919682602
0.457764011805429
0.642301013931387
0.808199117882391
0.933054195281741
1.000000999999998
1.000001000000002
0.933054195281736
0.808199117882395
0.642301014035559
0.457764011700071
0.279512919770964
0.131616377876489
0.034056651129956
0.000002002003004
-0.000001501001512
-0.008515375394107
-0.032044803666256
-0.064865527711272
-0.098386964508583
-0.122468325170170
-0.126969236830953
-0.103359092675618
-0.046135179733036
0.046133179733036
0.170303897393840
0.318769118947870
0.480166311206904
0.640621952714234
0.785351608016663
0.900427425738737
0.974457724289367
0.999998498998488
0.000119091593975
-0.008304200695787
-0.031430331940104
-0.063618626902702
-0.096402230844142
-0.119723206564728
-0.123477337893732
-0.099345324109763
-0.041876454652626
0.050391904810676
0.174317665962320
0.322261017882806
0.482911429825656
0.642606686373636
0.786598508833908
0.901041897464211
0.974666731411694
1.000153433746947
