8
-1.000000000000000
-0.871740148509605
-0.591700181433143
-0.209299217902479
0.209299217902479
0.591700181433142
0.871740148509605
1.000000000000000
5
-1.000000000000000
-0.552032495845987
0.000000000000000
0.552032495845987
1.000000000000000
-0.116364063671687
-0.147997325224081
-0.039147184681671
-0.007367076435124
-0.036492890432673
1.000002024959716
0.066732703554955
0.055573030786208
0.017137601308032
0.010605312823827
-0.000008526164465
-0.244916970565658
-0.056385927657325
-0.077567480344028
-0.023678679042317
1.543544767540620
-0.015534112361489
0.120047677172515
0.016468026352264
0.101452953071738
-0.395717136027024
0.862129675918206
-0.527798850155212
-0.001506979156374
-0.210699135394636
0.000003845848722
1.234726437936446
-0.175720907156282
0.309823208581205
0.018061271339142
-0.518791515019488
-0.047349517357578
0.382299752354952
-0.654394597840569
-0.013977639111033
0.038360387201467
0.732965347154378
1.191398220533281
-0.011268185173984
0.369412643646221
-0.013977639111033
-0.654394597840569
0.382299752354952
-0.047349517357578
-0.518791515019488
0.369412643646221
-0.011268185173984
1.191398220533281
0.732965347154378
0.038360387201467
-0.210699135394636
-0.001506979156374
-0.527798850155212
0.862129675918206
-0.395717136027024
0.018061271339142
0.309823208581205
-0.175720907156282
1.234726437936446
0.000003845848722
-0.023678679042317
-0.077567480344028
-0.056385927657325
-0.244916970565658
-0.000008526164465
0.101452953071738
0.016468026352264
0.120047677172515
-0.015534112361489
1.543544767540620
-0.036492890432673
-0.007367076435124
-0.039147184681671
-0.147997325224081
-0.116364063671687
0.010605312823827
0.017137601308032
0.055573030786208
0.066732703554955
1.000002024959716
