7
-1.000000000000000
-0.830223896278567
-0.468848793470714
0.000000000000000
0.468848793470714
0.830223896278567
1.000000000000000
15
-1.000000000000000
-0.965245926503512
-0.885082044223669
-0.763519689951306
-0.606253205470007
-0.420638054713653
-0.215353955363795
0.000000000000000
0.215353955363794
0.420638054713676
0.606253205469837
0.763519689951802
0.885082044223012
0.965245926503824
1.000000000000000
0.998719423656314
0.647397844787762
0.127901601697972
-0.156333895444316
-0.107440855686305
0.027077437261655
0.060033290834859
-0.005439395783458
-0.051167511503929
-0.012897231160471
0.023289397836308
0.014204939214273
-0.013856687183007
-0.016807131175308
-0.000206991629340
1.001472049907910
0.675892851866867
0.182484552970654
-0.106102254629640
-0.094056876246784
0.046001471559638
0.077635009858226
0.001430964889294
-0.037412812646975
-0.009253732932631
0.032101988051520
0.019879399127659
-0.009751182311488
-0.010569511542900
0.001472049907907
-0.002572882224948
0.417918847134844
0.921686296841779
0.914395770520144
0.379196692796187
-0.166893261195339
-0.226769593889705
-0.002439702770327
0.106407443079202
0.026430727070152
-0.085542745837985
-0.051208964339888
0.027166127692373
0.029204614591502
-0.002572882224950
0.004034580558357
0.465732880026575
1.024038787254235
0.976459662388437
0.405265751577270
-0.092350031411593
-0.184430285765545
0.017703603453439
0.143937150287971
0.034674026049939
-0.062448145277852
-0.037548753938158
0.037010151401932
0.044789166699018
0.000890234229348
-0.003317236075226
-0.178593855917239
-0.211755737121923
0.247806136730635
0.823457625073418
0.979834733496713
0.559720771491140
-0.055873376764662
-0.270351891122266
-0.056946320413506
0.104308405860342
0.060686683483201
-0.058783014892431
-0.069789905523658
-0.001382043765582
0.001613454268492
-0.141778087137503
-0.151703459211643
0.263454812149822
0.898142317430758
1.069034943472301
0.582169384555000
0.000924996162781
-0.206384896890591
-0.046896438952970
0.141741773044555
0.077988680101031
-0.045441874653657
-0.048067103555460
0.001613454268485
-0.001385765915781
0.077037866630032
0.075146338983884
-0.125458232794686
-0.267463127287242
0.082514692640051
0.700573413647964
0.999999000000002
0.700573413647966
0.082514692585019
-0.267463127221644
-0.125458232834204
0.075146338984307
0.077037866629331
-0.001385765915778
0.000847243048098
0.108849236349702
0.094433742773698
-0.105519095081366
-0.198386917437021
0.119645589319957
0.748220494605371
1.096875442454001
0.748220494605373
0.119645589319887
-0.198386917436730
-0.105519095080699
0.094433742776175
0.108849236347004
0.000847243048207
-0.001382043765582
-0.069789905523658
-0.058783014892431
0.060686683483201
0.104308405860342
-0.056946320413506
-0.270351891122266
-0.055873376764662
0.559720771491140
0.979834733496713
0.823457625073418
0.247806136730635
-0.211755737121923
-0.178593855917239
-0.003317236075226
0.001613454268485
-0.048067103555460
-0.045441874653657
0.077988680101031
0.141741773044555
-0.046896438952970
-0.206384896890591
0.000924996162781
0.582169384555000
1.069034943472301
0.898142317430758
0.263454812149822
-0.151703459211643
-0.141778087137503
0.001613454268492
-0.002572882224950
0.029204614591502
0.027166127692373
-0.051208964339888
-0.085542745837985
0.026430727070152
0.106407443079202
-0.002439702770327
-0.226769593889705
-0.166893261195339
0.379196692796187
0.914395770520144
0.921686296841779
0.417918847134844
-0.002572882224948
0.000890234229348
0.044789166699018
0.037010151401932
-0.037548753938158
-0.062448145277852
0.034674026049939
0.143937150287971
0.017703603453439
-0.184430285765545
-0.092350031411593
0.405265751577270
0.976459662388437
1.024038787254235
0.465732880026575
0.004034580558357
-0.000206991629340
-0.016807131175308
-0.013856687183007
0.014204939214273
0.023289397836308
-0.012897231160471
-0.051167511503929
-0.005439395783458
0.060033290834859
0.027077437261655
-0.107440855686305
-0.156333895444316
0.127901601697972
0.647397844787762
0.998719423656314
0.001472049907907
-0.010569511542900
-0.009751182311488
0.019879399127659
0.032101988051520
-0.009253732932631
-0.037412812646975
0.001430964889294
0.077635009858226
0.046001471559638
-0.094056876246784
-0.106102254629640
0.182484552970654
0.675892851866867
1.001472049907910
