4
-1.000000000000000
-0.447213595499958
0.447213595499958
1.000000000000000
4
-1.000000000000000
-0.500000000000000
0.500000000000000
1.000000000000000
0.936024245775148
-0.172399953727560
-0.078353323863429
-0.000002913119133
1.000472086762283
0.046876000000000
0.020139226448190
0.121829755823937
-0.000686241760943
0.992827432226513
-0.102032896333207
-0.309965656434871
0.186200363412383
1.290376437181255
-0.036808044781174
0.000001747492591
-0.309965656434871
-0.102032896333207
0.992827432226513
-0.000686241760943
0.000001747492591
-0.036808044781174
1.290376437181255
0.186200363412383
-0.000002913119133
-0.078353323863429
-0.172399953727560
0.936024245775148
0.121829755823937
0.020139226448190
0.046876000000000
1.000472086762283
