4
-1.000000000000000
-0.447213595499958
0.447213595499958
1.000000000000000
19
-1.000000000000000
-0.906946748462496
-0.814858182329031
-0.722697830826177
-0.618663439131099
-0.514557229836466
-0.408405218194794
-0.290340120657633
-0.161787059946493
0.000000000000000
0.161787059946493
0.290340120657633
0.408405218194794
0.514557229836466
0.618663439131099
0.722697830826177
0.814858182329031
0.906946748462496
1.000000000000000
0.994797533177029
0.736542618738497
0.522026005776703
0.342304699355908
0.179161717127934
0.057594597582616
-0.034162870790531
-0.097499046606025
-0.131400922604844
-0.130186782702284
-0.092629945669533
-0.051719743198856
-0.012364690762909
0.019583601480362
0.043507660827082
0.055827097603989
0.053673352095959
0.036205578434726
-0.000097589197614
1.000214248018764
0.741984927248642
0.526323411392787
0.347031200627784
0.184908025492600
0.061361145813197
-0.029168546677935
-0.093234006724616
-0.126086385903545
-0.124870228553393
-0.090892180221619
-0.051109442439695
-0.011502840743862
0.020658669876611
0.045390968945160
0.057871382818474
0.055576309666315
0.038976836072686
0.002693916971305
-0.000408741629630
0.335817973461840
0.592602115120132
0.780997145100862
0.919391849420874
0.988115660795251
0.996161558681915
0.943686821508875
0.828526578743090
0.624658706427589
0.387552114240357
0.198065485170206
0.041186944636649
-0.073390698515846
-0.154074646528038
-0.190392580609349
-0.178167052941425
-0.122047615181905
-0.007388741453613
0.010028990445767
0.346389883229381
0.600682618763538
0.789957220022599
0.929786405992639
0.994920110697653
1.004712715602185
0.950640352780757
0.836189274317603
0.630835937731397
0.388740829815841
0.200990888840570
0.045372186385169
-0.069058600086954
-0.147806266968889
-0.183855231614534
-0.172602934261873
-0.114008479145208
0.000290188118556
-0.007388741453613
-0.122047615181905
-0.178167052941425
-0.190392580609349
-0.154074646528038
-0.073390698515846
0.041186944636649
0.198065485170206
0.387552114240357
0.624658706427589
0.828526578743090
0.943686821508875
0.996161558681915
0.988115660795251
0.919391849420874
0.780997145100862
0.592602115120132
0.335817973461840
-0.000408741629630
0.000290188118556
-0.114008479145208
-0.172602934261873
-0.183855231614534
-0.147806266968889
-0.069058600086954
0.045372186385169
0.200990888840570
0.388740829815841
0.630835937731397
0.836189274317603
0.950640352780757
1.004712715602185
0.994920110697653
0.929786405992639
0.789957220022599
0.600682618763538
0.346389883229381
0.010028990445767
-0.000097589197614
0.036205578434726
0.053673352095959
0.055827097603989
0.043507660827082
0.019583601480362
-0.012364690762909
-0.051719743198856
-0.092629945669533
-0.130186782702284
-0.131400922604844
-0.097499046606025
-0.034162870790531
0.057594597582616
0.179161717127934
0.342304699355908
0.522026005776703
0.736542618738497
0.994797533177029
0.002693916971305
0.038976836072686
0.055576309666315
0.057871382818474
0.045390968945160
0.020658669876611
-0.011502840743862
-0.051109442439695
-0.090892180221619
-0.124870228553393
-0.126086385903545
-0.093234006724616
-0.029168546677935
0.061361145813197
0.184908025492600
0.347031200627784
0.526323411392787
0.741984927248642
1.000214248018764
