6
-1.000000000000000
-0.765055323929465
-0.285231516480645
0.285231516480645
0.765055323929466
1.000000000000000
4
-1.000000000000000
-0.447213595499958
0.447213595499958
1.000000000000000
0.103187879897424
-0.253840215768860
-0.038208122701572
-0.033302168370661
1.000002739945729
0.000277033285117
0.153135728685703
0.004077388894913
-0.000004083412011
-0.076480647933006
-0.371871600068469
-0.014342555653837
1.525561521923159
0.493887475804800
0.110542496811879
0.076947536911942
-0.634900161522777
0.854890446321728
-0.244070296937660
-0.000216323408168
0.000002165975075
1.354271832840731
0.013078314477897
0.119686922965783
-0.000216323408168
-0.244070296937660
0.854890446321728
-0.634900161522777
0.119686922965783
0.013078314477897
1.354271832840731
0.000002165975075
-0.014342555653837
-0.371871600068469
-0.076480647933006
-0.000004083412011
0.076947536911942
0.110542496811879
0.493887475804800
1.525561521923159
-0.033302168370661
-0.038208122701572
-0.253840215768860
0.103187879897424
0.004077388894913
0.153135728685703
0.000277033285117
1.000002739945729
