7
-1.000000000000000
-0.830223896278567
-0.468848793470714
0.000000000000000
0.468848793470714
0.830223896278567
1.000000000000000
17
-1.000000000000000
-0.980785280403230
-0.923879532511287
-0.831469612302545
-0.707106781186548
-0.555570233019602
-0.382683432365090
-0.195090322016128
-0.000000000000000
0.195090322016128
0.382683432365090
0.555570233019602
0.707106781186547
0.831469612302545
0.923879532511287
0.980785280403230
1.000000000000000
0.999828314791548
0.797963614704829
0.345145859167103
-0.043045742809133
-0.160960604395747
-0.062807203610070
0.043465043013030
0.056772768098834
-0.004082327415942
-0.048502475539796
-0.022454919939900
0.017049007804033
0.022534607608253
-0.001169013537890
-0.019110042558377
-0.009617532968301
-0.000171685208454
1.002519505003282
0.810801520148473
0.382470246073086
0.003350614336636
-0.131773227052141
-0.057885774478316
0.061111058229456
0.067722190972833
0.000841217649443
-0.037478819429110
-0.018553545539278
0.022533604105887
0.029107859098850
0.000584482218891
-0.014236764697420
-0.007099648647688
0.000918203723171
-0.004444097736746
0.249485812480739
0.746453890323861
0.999330850412884
0.756274105602165
0.201195680500418
-0.204496564146241
-0.202006580267753
-0.001482519191492
0.106173511335761
0.051782073272332
-0.060425341447069
-0.077056914486369
-0.000834205931687
0.038350537873834
0.019431809844239
-0.001945813475530
0.000739854613956
0.274914258949539
0.811656998479421
1.076169707634349
0.785307566185521
0.235874021440382
-0.144555909138840
-0.173258469988134
0.013636329470537
0.136628176507997
0.061211128742171
-0.045867589252526
-0.060051319490266
0.003544208744760
0.050722099481664
0.025680453118333
0.000739854613953
-0.001165734574311
-0.106672831407729
-0.242544664082643
-0.032930248967604
0.487858465525584
0.929078842696196
0.937666413332620
0.501577615066622
-0.047448889488909
-0.257451249822821
-0.106524093548967
0.077734752311082
0.098234271866905
-0.005825499549550
-0.079726853823817
-0.039731884315947
-0.001004255237080
0.002703647504125
-0.091632754951078
-0.191192491945871
-0.003657359880308
0.513409148246836
1.000659568934676
1.001616043115230
0.514919890798680
0.000513229710448
-0.206707663358105
-0.093780194054051
0.101157146983408
0.123872692383773
-0.000116542861712
-0.061701271736220
-0.031672282194435
0.001689479735142
-0.002120328258170
0.050242341201163
0.099397929774996
0.000828973552186
-0.206571812064028
-0.210051109269175
0.204362102958358
0.750247924967344
0.999999000000002
0.750247924967380
0.204362102893979
-0.210051109180605
-0.206571812130927
0.000828973552937
0.099397929775082
0.050242341120708
-0.002120327046762
0.000393279703587
0.060185714862169
0.127304673283566
0.009493985774079
-0.174998999999997
-0.153961587961124
0.224485272532021
0.793443700655955
1.077827751723168
0.793443700649542
0.224485272535608
-0.153961587961128
-0.174998999999741
0.009493985773094
0.127304673285320
0.060185714861437
0.000393279703655
-0.001004255237080
-0.039731884315947
-0.079726853823817
-0.005825499549550
0.098234271866905
0.077734752311082
-0.106524093548967
-0.257451249822821
-0.047448889488909
0.501577615066622
0.937666413332620
0.929078842696196
0.487858465525584
-0.032930248967604
-0.242544664082643
-0.106672831407729
-0.001165734574311
0.001689479735142
-0.031672282194435
-0.061701271736220
-0.000116542861712
0.123872692383773
0.101157146983408
-0.093780194054051
-0.206707663358105
0.000513229710448
0.514919890798680
1.001616043115230
1.000659568934676
0.513409148246836
-0.003657359880308
-0.191192491945871
-0.091632754951078
0.002703647504125
-0.001945813475530
0.019431809844239
0.038350537873834
-0.000834205931687
-0.077056914486369
-0.060425341447069
0.051782073272332
0.106173511335761
-0.001482519191492
-0.202006580267753
-0.204496564146241
0.201195680500418
0.756274105602165
0.999330850412884
0.746453890323861
0.249485812480739
-0.004444097736746
0.000739854613953
0.025680453118333
0.050722099481664
0.003544208744760
-0.060051319490266
-0.045867589252526
0.061211128742171
0.136628176507997
0.013636329470537
-0.173258469988134
-0.144555909138840
0.235874021440382
0.785307566185521
1.076169707634349
0.811656998479421
0.274914258949539
0.000739854613956
-0.000171685208454
-0.009617532968301
-0.019110042558377
-0.001169013537890
0.022534607608253
0.017049007804033
-0.022454919939900
-0.048502475539796
-0.004082327415942
0.056772768098834
0.043465043013030
-0.062807203610070
-0.160960604395747
-0.043045742809133
0.345145859167103
0.797963614704829
0.999828314791548
0.000918203723171
-0.007099648647688
-0.014236764697420
0.000584482218891
0.029107859098850
0.022533604105887
-0.018553545539278
-0.037478819429110
0.000841217649443
0.067722190972833
0.061111058229456
-0.057885774478316
-0.131773227052141
0.003350614336636
0.382470246073086
0.810801520148473
1.002519505003282
