3
-1.000000000000000
0.000000000000000
1.000000000000000
7
-1.000000000000000
-0.666666666666667
-0.333333333333333
0.000000000000000
0.333333333333333
0.666666666666667
1.000000000000000
0.986111148511055
0.541664629227978
0.208333370732847
-0.013890926327361
-0.124999962600486
-0.125002037438364
-0.013888851489483
1.000167833500166
0.555556555555556
0.222390055722389
0.000001000000000
-0.110943277610944
-0.111110111097500
0.000167833500167
-0.000334667841627
0.555554555555555
0.888554221047262
0.999998999004124
0.888554221047262
0.555554552596082
-0.000334667841627
0.027777005907434
0.583336105264402
0.916665894792111
1.027780549713084
0.916665894787925
0.583336105268640
0.027777005903222
-0.013888851489483
-0.125002037438364
-0.124999962600486
-0.013890926327361
0.208333370732847
0.541664629227978
0.986111148511055
0.000167833500167
-0.111110111097500
-0.110943277610944
0.000001000000000
0.222390055722389
0.555556555555556
1.000167833500166
