4
-1.000000000000000
-0.447213595499958
0.447213595499958
1.000000000000000
5
-1.000000000000000
-0.500000000000000
0.000000000000000
0.500000000000000
1.000000000000000
0.852362872288231
-0.059914778577900
-0.160115329468420
0.015624000000000
-0.000036071275797
1.000313525812123
0.046876000000000
-0.124894775954142
0.041964455969955
0.074037178613208
-0.000506795478156
0.992827432226513
0.624664104407757
-0.159783744092450
-0.215103081156208
0.281846362641161
1.183809669071780
0.659746257731740
-0.055327432226513
0.000228740598272
-0.215103081156208
-0.159783744092450
0.624664104407757
0.992827432226513
-0.000506795478156
0.000228740598272
-0.055327432226513
0.659746257731740
1.183809669071780
0.281846362641161
-0.000036071275797
0.015624000000000
-0.160115329468420
-0.059914778577900
0.852362872288231
0.074037178613208
0.041964455969955
-0.124894775954142
0.046876000000000
1.000313525812123
