8
-1.000000000000000
-0.871740148509605
-0.591700181433143
-0.209299217902479
0.209299217902479
0.591700181433143
0.871740148509605
1.000000000000000
17
-1.000000000000000
-0.875000000000000
-0.750000000000000
-0.625000000000000
-0.500000000000000
-0.375000000000000
-0.250000000000000
-0.125000000000000
0.000000000000000
0.125000000000000
0.250000000000000
0.375000000000000
0.500000000000000
0.625000000000000
0.750000000000000
0.875000000000000
1.000000000000000
0.787405003172894
-0.106978021119891
-0.140549473294401
-0.030540504732520
0.052916480468750
0.057828500151848
0.014774776776122
-0.031105242896210
-0.043573994489979
-0.022478734781968
0.009302741811073
0.026199591203905
0.017533600341594
-0.007820074894830
-0.024775594065072
-0.000131664157802
-0.000151064328720
1.002545454533808
0.010733244700197
-0.125140239530590
-0.020287456810009
0.068495313175457
0.065509510735259
0.019024223791531
-0.023921165737396
-0.036625780348904
-0.018032864048919
0.013764321395246
0.032946327699656
0.022434170207037
-0.004012162441511
-0.015709625507391
0.007646802802262
0.019710728518696
-0.003547471285456
0.999580946863441
0.632526628635040
0.058927088886903
-0.212746870319179
-0.198719638834537
-0.049544514256365
0.071780820561716
0.105586849384937
0.052866777290199
-0.034164151870971
-0.084921453369742
-0.056294970852333
0.013750008945401
0.044300009782885
-0.016876866435861
-0.048136879314411
0.380802259899869
1.198317884051278
0.637003765287399
0.104334102496771
-0.172854983800223
-0.176680146829543
-0.042092834326145
0.089118735375519
0.121198843301698
0.061451250682993
-0.025088431435735
-0.070083084181151
-0.046465666408673
0.020835070299659
0.065008077622762
0.000358563126474
0.000504623429383
-0.267544098024982
-0.119633231375115
0.621888574105404
0.983644835677806
0.890948180447702
0.514380957935798
0.083121602965184
-0.183202917011401
-0.226505496685715
-0.106433360119294
0.042235540115079
0.114644686816783
0.073905932347273
-0.033543236253059
-0.100094987722960
-0.000610756645736
-0.001184072771601
0.001149902224073
-0.014633861069507
0.669573043348697
1.055135264108460
0.925532505698542
0.524777303330491
0.107139641088914
-0.152236551981284
-0.203367560278074
-0.098671780954360
0.054008632990736
0.134806424544579
0.084713424226706
-0.025941527819116
-0.072438905350311
0.021331950404811
0.068197964260457
-0.000903489957771
0.004486919604138
-0.257469266784594
-0.124280355055904
0.300287402020861
0.741296915878601
0.983755039330250
0.932362354135027
0.633601811667392
0.222746136288305
-0.115937332852123
-0.240533296880101
-0.141170894810868
0.042631931234479
0.112275562553752
-0.031015308618800
-0.098776832589324
0.153054457411202
0.050470439060696
-0.199946872300993
-0.086642255523649
0.310248417132456
0.770555280823442
1.024662164722242
0.967910395217993
0.649030115888455
0.236110644027025
-0.086826028460977
-0.209823316976718
-0.126183855884481
0.055113749831162
0.151360306411104
-0.000868909515975
0.000872858141448
-0.098776832589324
-0.031015308618800
0.112275562553752
0.042631931234479
-0.141170894810868
-0.240533296880101
-0.115937332852123
0.222746136288305
0.633601811667392
0.932362354135027
0.983755039330250
0.741296915878601
0.300287402020861
-0.124280355055904
-0.257469266784594
0.004486919604138
-0.000903489957771
0.000872858141448
-0.000868909515975
0.151360306411104
0.055113749831162
-0.126183855884481
-0.209823316976718
-0.086826028460977
0.236110644027025
0.649030115888455
0.967910395217993
1.024662164722242
0.770555280823442
0.310248417132456
-0.086642255523649
-0.199946872300993
0.050470439060696
0.153054457411202
-0.001184072771601
-0.000610756645736
-0.100094987722960
-0.033543236253059
0.073905932347273
0.114644686816783
0.042235540115079
-0.106433360119294
-0.226505496685715
-0.183202917011401
0.083121602965184
0.514380957935798
0.890948180447702
0.983644835677806
0.621888574105404
-0.119633231375115
-0.267544098024982
0.068197964260457
0.021331950404811
-0.072438905350311
-0.025941527819116
0.084713424226706
0.134806424544579
0.054008632990736
-0.098671780954360
-0.203367560278074
-0.152236551981284
0.107139641088914
0.524777303330491
0.925532505698542
1.055135264108460
0.669573043348697
-0.014633861069507
0.001149902224073
-0.048136879314411
-0.016876866435861
0.044300009782885
0.013750008945401
-0.056294970852333
-0.084921453369742
-0.034164151870971
0.052866777290199
0.105586849384937
0.071780820561716
-0.049544514256365
-0.198719638834537
-0.212746870319179
0.058927088886903
0.632526628635040
0.999580946863441
-0.003547471285456
0.000504623429383
0.000358563126474
0.065008077622762
0.020835070299659
-0.046465666408673
-0.070083084181151
-0.025088431435735
0.061451250682993
0.121198843301698
0.089118735375519
-0.042092834326145
-0.176680146829543
-0.172854983800223
0.104334102496771
0.637003765287399
1.198317884051278
0.380802259899869
-0.000151064328720
-0.000131664157802
-0.024775594065072
-0.007820074894830
0.017533600341594
0.026199591203905
0.009302741811073
-0.022478734781968
-0.043573994489979
-0.031105242896210
0.014774776776122
0.057828500151848
0.052916480468750
-0.030540504732520
-0.140549473294401
-0.106978021119891
0.787405003172894
0.019710728518696
0.007646802802262
-0.015709625507391
-0.004012162441511
0.022434170207037
0.032946327699656
0.013764321395246
-0.018032864048919
-0.036625780348904
-0.023921165737396
0.019024223791531
0.065509510735259
0.068495313175457
-0.020287456810009
-0.125140239530590
0.010733244700197
1.002545454533808
