8
-1.000000000000000
-0.871740148509605
-0.591700181433143
-0.209299217902479
0.209299217902479
0.591700181433143
0.871740148509605
1.000000000000000
12
-1.000000000000000
-0.944899272222858
-0.819279321644041
-0.632876153031848
-0.399530940965350
-0.136552932854928
0.136552932854928
0.399530940965349
0.632876153031861
0.819279321644004
0.944899272222881
1.000000000000000
0.996633818319984
0.274091127492328
-0.202587116711467
-0.037182770754657
0.061920112294154
-0.044577048557088
-0.034021337815621
0.026447062549833
-0.014575311833697
-0.022649266610124
0.011308525717613
-0.000237338747002
1.002879345130509
0.399195152685782
-0.107673306781557
-0.005196279001662
0.104720885587344
-0.020793698358564
-0.012716714269263
0.045308820334092
-0.005121366330271
-0.007963396572809
0.018267637807123
0.006035489616389
-0.005191391250939
0.730277729451190
0.909062848177856
-0.008834576935802
-0.310258688556755
0.062380568083030
0.036835553391611
-0.119793076189743
0.015914494984631
0.023141619289095
-0.045356989651496
-0.013239695621357
0.005419596793821
0.969159290676913
1.025856768551352
0.132075545656666
-0.191060690641011
0.126792151124535
0.092694772337468
-0.070448907876669
0.038759806888669
0.059476151532342
-0.029118677753496
0.000906348436646
-0.008099454519818
-0.345723119805351
0.243842569846949
0.974864370162681
0.589415952916031
-0.287002557394126
-0.130411310902855
0.114408174310981
-0.061448357324214
-0.091341293880258
0.043135059946252
-0.002026045308853
0.003561192750507
-0.192465988263787
0.295778738308100
1.186885627265603
0.674801001105070
-0.135481916047290
-0.066655174840600
0.196535747433336
-0.029514994432385
-0.039640804986834
0.064623855346778
0.014991527431883
-0.002039904105717
0.101616628064229
-0.210188088035514
-0.209105791123909
0.664614326753519
0.949220076679250
0.109797011987990
-0.352807506381979
0.051095320106142
0.063114724550329
-0.093614728641611
-0.016765285409901
0.017534229125796
0.154818450766264
-0.108212874303424
-0.104204627733066
0.806343992744672
1.129575489142455
0.200894049562659
-0.206838964329552
0.097733120300780
0.135749467941033
-0.064487498748514
0.001609506158143
-0.016765285409901
-0.093614728641611
0.063114724550329
0.051095320106142
-0.352807506381979
0.109797011987990
0.949220076679250
0.664614326753519
-0.209105791123909
-0.210188088035514
0.101616628064229
-0.002039904105717
0.001609506158143
-0.064487498748514
0.135749467941033
0.097733120300780
-0.206838964329552
0.200894049562659
1.129575489142455
0.806343992744672
-0.104204627733066
-0.108212874303424
0.154818450766264
0.017534229125796
-0.002026045308853
0.043135059946252
-0.091341293880258
-0.061448357324214
0.114408174310981
-0.130411310902855
-0.287002557394126
0.589415952916031
0.974864370162681
0.243842569846949
-0.345723119805351
-0.008099454519818
0.014991527431883
0.064623855346778
-0.039640804986834
-0.029514994432385
0.196535747433336
-0.066655174840600
-0.135481916047290
0.674801001105070
1.186885627265603
0.295778738308100
-0.192465988263787
0.003561192750507
-0.013239695621357
-0.045356989651496
0.023141619289095
0.015914494984631
-0.119793076189743
0.036835553391611
0.062380568083030
-0.310258688556755
-0.008834576935802
0.909062848177856
0.730277729451190
-0.005191391250939
0.000906348436646
-0.029118677753496
0.059476151532342
0.038759806888669
-0.070448907876669
0.092694772337468
0.126792151124535
-0.191060690641011
0.132075545656666
1.025856768551352
0.969159290676913
0.005419596793821
-0.000237338747002
0.011308525717613
-0.022649266610124
-0.014575311833697
0.026447062549833
-0.034021337815621
-0.044577048557088
0.061920112294154
-0.037182770754657
-0.202587116711467
0.274091127492328
0.996633818319984
0.006035489616389
0.018267637807123
-0.007963396572809
-0.005121366330271
0.045308820334092
-0.012716714269263
-0.020793698358564
0.104720885587344
-0.005196279001662
-0.107673306781557
0.399195152685782
1.002879345130509
