8
-1.000000000000000
-0.871740148509605
-0.591700181433143
-0.209299217902479
0.209299217902479
0.591700181433143
0.871740148509605
1.000000000000000
12
-1.000000000000000
-0.973906528517172
-0.865063366688985
-0.679409568299024
-0.433395394129247
-0.148874338981631
0.148874338981631
0.433395394129247
0.679409568299024
0.865063366688985
0.973906528517172
1.000000000000000
0.999963634745833
0.586993189198878
-0.156793539171302
-0.110587133356209
0.064226877536155
-0.043922265325248
-0.034296837599740
0.025360568651961
-0.023022780477251
-0.011154871576695
0.008900308788212
-0.000036365254163
1.002819638034085
0.678040530350133
-0.020335978325081
-0.057826147720155
0.115009925839923
-0.017392277270119
-0.006886984771802
0.047773479472603
-0.012163306959568
0.002066458977175
0.022834765344544
0.002819638034089
-0.004684226193172
0.414435757107024
0.998307458988022
0.172529646065378
-0.354942399971030
0.053151659395468
0.021459876454107
-0.126010388002873
0.034717149550084
-0.002792626679339
-0.056669936486912
-0.004684226193174
0.000084025865780
0.632393245854992
1.157553507496666
0.316694965889903
-0.201678705015398
0.125074000493776
0.092820817826461
-0.067665342751602
0.060463462107875
0.029005576036373
-0.023130966477503
0.000084025865778
-0.000585866725004
-0.322418590608445
-0.017775396555603
0.883553248915050
0.710069630309611
-0.268243835384181
-0.141616491292405
0.109165320365305
-0.094301677968692
-0.043779775084654
0.034235858039486
-0.000585866724978
0.001370281913109
-0.141248635664395
0.031025914324799
1.126881425666670
0.842848481000227
-0.118895689737815
-0.041302509938033
0.203995409091352
-0.059806343104595
-0.001427760702274
0.079805780247324
0.001370281913134
-0.000714900147066
0.077683984950996
-0.039473325073601
-0.339437259444915
0.548257962913311
0.965154948943470
0.048313121501836
-0.356393361086547
0.095492217237789
0.003254527094557
-0.116339945512075
-0.000714900147098
0.000562481602179
0.183623924442381
-0.004566401043947
-0.181264210758166
0.696244094645160
1.174606285803004
0.162917152348351
-0.191918839440719
0.148512857347992
0.061526934593953
-0.050101767998774
0.000562481602147
-0.000714900147098
-0.116339945512075
0.003254527094557
0.095492217237789
-0.356393361086547
0.048313121501836
0.965154948943470
0.548257962913311
-0.339437259444915
-0.039473325073601
0.077683984950996
-0.000714900147066
0.000562481602147
-0.050101767998774
0.061526934593953
0.148512857347992
-0.191918839440719
0.162917152348351
1.174606285803004
0.696244094645160
-0.181264210758166
-0.004566401043947
0.183623924442381
0.000562481602179
-0.000585866724978
0.034235858039486
-0.043779775084654
-0.094301677968692
0.109165320365305
-0.141616491292405
-0.268243835384181
0.710069630309611
0.883553248915050
-0.017775396555603
-0.322418590608445
-0.000585866725004
0.001370281913134
0.079805780247324
-0.001427760702274
-0.059806343104595
0.203995409091352
-0.041302509938033
-0.118895689737815
0.842848481000227
1.126881425666670
0.031025914324799
-0.141248635664395
0.001370281913109
-0.004684226193174
-0.056669936486912
-0.002792626679339
0.034717149550084
-0.126010388002873
0.021459876454107
0.053151659395468
-0.354942399971030
0.172529646065378
0.998307458988022
0.414435757107024
-0.004684226193172
0.000084025865778
-0.023130966477503
0.029005576036373
0.060463462107875
-0.067665342751602
0.092820817826461
0.125074000493776
-0.201678705015398
0.316694965889903
1.157553507496666
0.632393245854992
0.000084025865780
-0.000036365254163
0.008900308788212
-0.011154871576695
-0.023022780477251
0.025360568651961
-0.034296837599740
-0.043922265325248
0.064226877536155
-0.110587133356209
-0.156793539171302
0.586993189198878
0.999963634745833
0.002819638034089
0.022834765344544
0.002066458977175
-0.012163306959568
0.047773479472603
-0.006886984771802
-0.017392277270119
0.115009925839923
-0.057826147720155
-0.020335978325081
0.678040530350133
1.002819638034085
