8
-1.000000000000000
-0.871740148509605
-0.591700181433143
-0.209299217902479
0.209299217902479
0.591700181433143
0.871740148509605
1.000000000000000
14
-1.000000000000000
-0.959935045267229
-0.867801053830387
-0.728868599091323
-0.550639402928645
-0.342724013342713
-0.116331868883704
0.116331868883704
0.342724013342714
0.550639402928642
0.728868599091346
0.867801053830307
0.959935045267281
1.000000000000000
0.996906568245614
0.469150332250237
-0.102727136723715
-0.151300503271802
0.028879405954640
0.049333517370372
-0.044645702686140
-0.034230286632536
0.023989507758556
0.007472639572603
-0.027066449091451
-0.002673444157704
0.010514880629609
-0.000367849470381
1.000413430772363
0.532500824716600
-0.012039954155299
-0.116997282040524
0.057697230236949
0.070572962850368
-0.028208892313717
-0.022133667827326
0.034667596861444
0.014931679997940
-0.018063510513824
0.000327119932172
0.017505298128889
0.000652648056898
-0.000470207275211
0.586795406634232
0.999254096896022
0.517085069900525
-0.212561809193484
-0.194096912500271
0.080847791063746
0.061391518749642
-0.092442425839052
-0.038507978941024
0.048002884715617
-0.000163764869249
-0.045126284608637
-0.001040563097119
0.005827376263744
0.708063888662734
1.137143944625738
0.555272831918137
-0.098167602245886
-0.148332022954727
0.127630007338078
0.093208542115619
-0.063873013516286
-0.018966809650220
0.071645049854788
0.007379903581925
-0.026748350202628
0.001536007859450
-0.002709604930033
-0.284695829496797
-0.026820249986681
0.713808105464888
0.976798488131116
0.369384716375371
-0.277133565368770
-0.140788171385351
0.106189292158340
0.029781479414828
-0.111187505819730
-0.009692143235544
0.040515587569640
-0.001968155590076
0.001107767700668
-0.177897203143295
0.019081089137728
0.823304673855886
1.111008580389436
0.409285527740442
-0.163471130682294
-0.108686667911425
0.160030373406345
0.053776677862828
-0.073641037579992
0.000916972814965
0.068117540835329
0.001934233867117
-0.001628875131127
0.094934103493263
-0.009926771838992
-0.312916284462511
0.071589905136697
0.828492778091080
0.919132263623552
0.213803521546912
-0.311321354404578
-0.070310801118070
0.114039317017039
-0.001741922096481
-0.099997666000478
-0.002602797624456
0.002160062110778
0.156398056798900
0.002970626803570
-0.207483210658291
0.129820687357006
0.950751023009942
1.043683842887145
0.263394299928196
-0.200023257143956
-0.047882456052742
0.173611043133575
0.009507234150353
-0.060763044057238
0.001230086774440
-0.002602797624456
-0.099997666000478
-0.001741922096481
0.114039317017039
-0.070310801118070
-0.311321354404578
0.213803521546912
0.919132263623552
0.828492778091080
0.071589905136697
-0.312916284462511
-0.009926771838992
0.094934103493263
-0.001628875131127
0.001230086774440
-0.060763044057238
0.009507234150353
0.173611043133575
-0.047882456052742
-0.200023257143956
0.263394299928196
1.043683842887145
0.950751023009942
0.129820687357006
-0.207483210658291
0.002970626803570
0.156398056798900
0.002160062110778
-0.001968155590076
0.040515587569640
-0.009692143235544
-0.111187505819730
0.029781479414828
0.106189292158340
-0.140788171385351
-0.277133565368770
0.369384716375371
0.976798488131116
0.713808105464888
-0.026820249986681
-0.284695829496797
-0.002709604930033
0.001934233867117
0.068117540835329
0.000916972814965
-0.073641037579992
0.053776677862828
0.160030373406345
-0.108686667911425
-0.163471130682294
0.409285527740442
1.111008580389436
0.823304673855886
0.019081089137728
-0.177897203143295
0.001107767700668
-0.001040563097119
-0.045126284608637
-0.000163764869249
0.048002884715617
-0.038507978941024
-0.092442425839052
0.061391518749642
0.080847791063746
-0.194096912500271
-0.212561809193484
0.517085069900525
0.999254096896022
0.586795406634232
-0.000470207275211
0.001536007859450
-0.026748350202628
0.007379903581925
0.071645049854788
-0.018966809650220
-0.063873013516286
0.093208542115619
0.127630007338078
-0.148332022954727
-0.098167602245886
0.555272831918137
1.137143944625738
0.708063888662734
0.005827376263744
-0.000367849470381
0.010514880629609
-0.002673444157704
-0.027066449091451
0.007472639572603
0.023989507758556
-0.034230286632536
-0.044645702686140
0.049333517370372
0.028879405954640
-0.151300503271802
-0.102727136723715
0.469150332250237
0.996906568245614
0.000652648056898
0.017505298128889
0.000327119932172
-0.018063510513824
0.014931679997940
0.034667596861444
-0.022133667827326
-0.028208892313717
0.070572962850368
0.057697230236949
-0.116997282040524
-0.012039954155299
0.532500824716600
1.000413430772363
