8
-1.000000000000000
-0.871740148509605
-0.591700181433143
-0.209299217902479
0.209299217902479
0.591700181433143
0.871740148509605
1.000000000000000
18
-1.000000000000000
-0.989400934991650
-0.944575023073233
-0.865631202387832
-0.755404408355003
-0.617876244402644
-0.458016777657227
-0.281603550779259
-0.095012509837637
0.095012509837637
0.281603550779259
0.458016777657227
0.617876244402644
0.755404408355003
0.865631202387832
0.944575023073233
0.989400934991650
1.000000000000000
0.999819753502976
0.845983667326206
0.351716100070617
-0.078229283626322
-0.157893218065752
-0.022032132142752
0.062614211394015
0.027794260414166
-0.044885797292875
-0.033779361343827
0.015598581281135
0.023178098302956
-0.007899704306741
-0.024016717595583
-0.001900122821514
0.011212192267532
0.004440956018294
-0.000324633999204
1.005856033540929
0.859726950565180
0.396553857783920
-0.017431117473873
-0.128038951317166
-0.009374306026732
0.085892462433302
0.033035415299111
-0.030898491192498
-0.025216781442789
0.023598698273058
0.032227950775593
-0.003384762652788
-0.016262450487446
0.000884265806299
0.016632561439761
0.007616708318288
0.001805964143673
-0.009894462334305
0.185873431461683
0.732963377674122
0.996394128252675
0.657931066396021
0.017465035647884
-0.267005245421924
-0.092082706206343
0.089480187840609
0.071267623259227
-0.062146017077410
-0.083921808245407
0.010618913756497
0.044269982126311
-0.000688797000323
-0.041678733304469
-0.018124453224494
-0.003075736497452
0.000534436701077
0.211302748797480
0.813559575038168
1.091445621857934
0.681392943585761
0.080351763021067
-0.199236589752412
-0.079985087118154
0.128411614415468
0.091214093612923
-0.042054552064287
-0.061674316126484
0.020952566909480
0.063073615194231
0.004919412933300
-0.029091046663263
-0.011459972885685
0.000850195763690
-0.000533120847813
-0.083493920134175
-0.256957415508684
-0.002432175902800
0.597193676616458
0.989944480529848
0.784394126792530
0.161017993570976
-0.257724352006989
-0.155214853889444
0.071043700651700
0.099738656916915
-0.032915338284485
-0.096801121911234
-0.006839324797892
0.044033633812692
0.017422833917937
-0.000876459178903
0.006457735864708
-0.069698145304104
-0.192494344189540
0.029689155639688
0.642796229922839
1.091746051568866
0.835219496555035
0.202661665417400
-0.182384721543285
-0.131358782840699
0.101654180735796
0.131812155175974
-0.019662971174399
-0.070960061135271
-0.001746544557068
0.060070226595872
0.024183561322741
0.001802337156885
-0.003494103876054
0.039271475807805
0.101583074772218
-0.013783679082104
-0.254165122418582
-0.125164060062823
0.462898700480369
0.948593672566551
0.879003189387888
0.311684037160978
-0.212040715129688
-0.211037969672253
0.033678267052815
0.110872485720495
0.004216661871712
-0.086770316883206
-0.032801868619914
-0.000841964206004
0.000620567116335
0.048928568089275
0.135902135453790
-0.005635336093820
-0.196678316057995
-0.069377212584773
0.480744623984417
1.042708008310184
0.950388600410036
0.330944872520876
-0.139483411383629
-0.172822763627461
0.054718759992070
0.148123066452229
0.009211792900093
-0.064629539937633
-0.025500675300814
0.002499069710523
-0.000841964206004
-0.032801868619914
-0.086770316883206
0.004216661871712
0.110872485720495
0.033678267052815
-0.211037969672253
-0.212040715129688
0.311684037160978
0.879003189387888
0.948593672566551
0.462898700480369
-0.125164060062823
-0.254165122418582
-0.013783679082104
0.101583074772218
0.039271475807805
-0.003494103876054
0.002499069710523
-0.025500675300814
-0.064629539937633
0.009211792900093
0.148123066452229
0.054718759992070
-0.172822763627461
-0.139483411383629
0.330944872520876
0.950388600410036
1.042708008310184
0.480744623984417
-0.069377212584773
-0.196678316057995
-0.005635336093820
0.135902135453790
0.048928568089275
0.000620567116335
-0.000876459178903
0.017422833917937
0.044033633812692
-0.006839324797892
-0.096801121911234
-0.032915338284485
0.099738656916915
0.071043700651700
-0.155214853889444
-0.257724352006989
0.161017993570976
0.784394126792530
0.989944480529848
0.597193676616458
-0.002432175902800
-0.256957415508684
-0.083493920134175
-0.000533120847813
0.001802337156885
0.024183561322741
0.060070226595872
-0.001746544557068
-0.070960061135271
-0.019662971174399
0.131812155175974
0.101654180735796
-0.131358782840699
-0.182384721543285
0.202661665417400
0.835219496555035
1.091746051568866
0.642796229922839
0.029689155639688
-0.192494344189540
-0.069698145304104
0.006457735864708
-0.003075736497452
-0.018124453224494
-0.041678733304469
-0.000688797000323
0.044269982126311
0.010618913756497
-0.083921808245407
-0.062146017077410
0.071267623259227
0.089480187840609
-0.092082706206343
-0.267005245421924
0.017465035647884
0.657931066396021
0.996394128252675
0.732963377674122
0.185873431461683
-0.009894462334305
0.000850195763690
-0.011459972885685
-0.029091046663263
0.004919412933300
0.063073615194231
0.020952566909480
-0.061674316126484
-0.042054552064287
0.091214093612923
0.128411614415468
-0.079985087118154
-0.199236589752412
0.080351763021067
0.681392943585761
1.091445621857934
0.813559575038168
0.211302748797480
0.000534436701077
-0.000324633999204
0.004440956018294
0.011212192267532
-0.001900122821514
-0.024016717595583
-0.007899704306741
0.023178098302956
0.015598581281135
-0.033779361343827
-0.044885797292875
0.027794260414166
0.062614211394015
-0.022032132142752
-0.157893218065752
-0.078229283626322
0.351716100070617
0.845983667326206
0.999819753502976
0.001805964143673
0.007616708318288
0.016632561439761
0.000884265806299
-0.016262450487446
-0.003384762652788
0.032227950775593
0.023598698273058
-0.025216781442789
-0.030898491192498
0.033035415299111
0.085892462433302
-0.009374306026732
-0.128038951317166
-0.017431117473873
0.396553857783920
0.859726950565180
1.005856033540929
