7
-1.000000000000000
-0.830223896278567
-0.468848793470714
0.000000000000000
0.468848793470714
0.830223896278567
1.000000000000000
7
-1.000000000000000
-0.666666666666667
-0.333333333333333
0.000000000000000
0.333333333333333
0.666666666666667
1.000000000000000
0.352603760008185
-0.344306893695390
0.057471399285514
-0.018976160786285
-0.054176661972507
0.025204761316873
-0.030471950446223
1.000329153197105
-0.126027806584364
0.093301499870081
0.009417054811361
-0.027216446653774
0.041576084649463
0.000329153197103
-0.000487140892293
0.584303992677433
-0.464763798927753
-0.000000999999999
0.072527733575367
-0.110904145192970
-0.000487140892295
1.104387574826211
0.908000403443352
-0.186000372146164
0.055605356175327
0.150791451749069
-0.067665177224820
0.081227649281658
-0.633890157853819
0.605679953925154
0.852843643877455
-0.145710116495681
-0.257868419993739
0.111397415852460
-0.131023229968986
0.001462508722620
0.836179418323575
1.157099810782756
0.000000999999999
-0.127004594663949
0.193686260411600
0.001462508722613
-0.002269633010453
-0.378479260879907
0.242208541304281
0.999999000000002
0.242208541304328
-0.378479260896038
-0.002269633010450
0.225921815665789
-0.201645090534977
0.407560997655429
1.241559653593625
0.407560997655428
-0.201645090534975
0.225921815665794
-0.131023229968986
0.111397415852460
-0.257868419993739
-0.145710116495681
0.852843643877455
0.605679953925154
-0.633890157853819
0.001462508722613
0.193686260411600
-0.127004594663949
0.000000999999999
1.157099810782756
0.836179418323575
0.001462508722620
-0.000487140892295
-0.110904145192970
0.072527733575367
-0.000000999999999
-0.464763798927753
0.584303992677433
-0.000487140892293
0.081227649281658
-0.067665177224820
0.150791451749069
0.055605356175327
-0.186000372146164
0.908000403443352
1.104387574826211
-0.030471950446223
0.025204761316873
-0.054176661972507
-0.018976160786285
0.057471399285514
-0.344306893695390
0.352603760008185
0.000329153197103
0.041576084649463
-0.027216446653774
0.009417054811361
0.093301499870081
-0.126027806584364
1.000329153197105
