3
-1.000000000000000
0.000000000000000
1.000000000000000
17
-1.000000000000000
-0.875000000000000
-0.750000000000000
-0.625000000000000
-0.500000000000000
-0.375000000000000
-0.250000000000000
-0.125000000000000
0.000000000000000
0.125000000000000
0.250000000000000
0.375000000000000
0.500000000000000
0.625000000000000
0.750000000000000
0.875000000000000
1.000000000000000
0.998048554673360
0.818355062566843
0.654298809686259
0.505854673047825
0.373049564079624
0.255853915428538
0.154300329485982
0.068353283580424
-0.001949410763941
-0.056646716419570
-0.095699670514040
-0.119146084571427
-0.126950435920452
-0.119145326952054
-0.095701190313891
-0.056644937432991
-0.001951445326869
1.000063499810987
0.820321257568745
0.656297937451831
0.507836976490870
0.375032312467487
0.257852632787807
0.156266624857956
0.070368226459557
0.000001000000000
-0.054631773540443
-0.093733375142044
-0.117147367212192
-0.124967687532513
-0.117163023509130
-0.093702062548169
-0.054678742427150
0.000063499810987
-0.000126003252225
0.234358481179820
0.437405121009947
0.609327043452776
0.749936371369095
0.859295729329455
0.937467746650596
0.984264543437072
0.999999000000000
0.984264543437072
0.937467746650596
0.859295729333583
0.749936369998418
0.609327043445956
0.437405122365784
0.234358481288058
-0.000126003252225
0.003898262988683
0.238292658122271
0.441397782312822
0.613293377870985
0.753896360179922
0.863294777339760
0.941394742715677
0.988296098458506
1.003894193866363
0.988296098458506
0.941394742715677
0.863294777339760
0.753896360179922
0.613293377870985
0.441397782312546
0.238292658122696
0.003898262988264
-0.001951445326869
-0.056644937432991
-0.095701190313891
-0.119145326952054
-0.126950435920452
-0.119146084571427
-0.095699670514040
-0.056646716419570
-0.001949410763941
0.068353283580424
0.154300329485982
0.255853915428538
0.373049564079624
0.505854673047825
0.654298809686259
0.818355062566843
0.998048554673360
0.000063499810987
-0.054678742427150
-0.093702062548169
-0.117163023509130
-0.124967687532513
-0.117147367212192
-0.093733375142044
-0.054631773540443
0.000001000000000
0.070368226459557
0.156266624857956
0.257852632787807
0.375032312467487
0.507836976490870
0.656297937451831
0.820321257568745
1.000063499810987
