4
-1.000000000000000
-0.447213595499958
0.447213595499958
1.000000000000000
4
-1.000000000000000
-0.447213595499958
0.447213595499958
1.000000000000000
0.876105657750671
-0.185160778632117
-0.064915710707873
-0.000002583349540
1.000234870841290
0.000001000000000
0.007766299754091
0.125551504966790
-0.000424084395000
0.999999000000000
-0.067623838781030
-0.331049100072695
0.309018194280406
1.250523914088529
0.000001000000000
0.000262496673453
-0.331049100072695
-0.067623838781030
0.999999000000000
-0.000424084395000
0.000262496673453
0.000001000000000
1.250523914088529
0.309018194280406
-0.000002583349540
-0.064915710707873
-0.185160778632117
0.876105657750671
0.125551504966790
0.007766299754091
0.000001000000000
1.000234870841290
