5
-1.000000000000000
-0.654653670707977
0.000000000000000
0.654653670707977
1.000000000000000
8
-1.000000000000000
-0.714285714285714
-0.428571428571429
-0.142857142857143
0.142857142857143
0.428571428571428
0.714285714285714
1.000000000000000
0.856530866435985
-0.004858096921764
-0.160476469507974
-0.064075103724571
0.043675421363088
0.052477134110787
-0.028248304359539
-0.038344534917409
1.000536960610167
0.087464556851312
-0.131021001653585
-0.057388183715844
0.060882945306447
0.064285417988445
-0.014068615587653
0.000536960610166
-0.000848006173947
0.977812846424065
0.773215793045898
0.201990901727500
-0.205718808951500
-0.192694128895501
0.041843797286616
-0.000848006173944
0.264549275860360
1.141475988287567
0.801479516442228
0.228103095533576
-0.146113002813855
-0.161486315811820
0.082597490883197
0.108238563076440
-0.195389331759870
-0.186750693510324
0.466408968746363
0.932943606413992
0.932943606413993
0.466408968745186
-0.186750693691409
-0.195389331541612
0.000388572308197
-0.093293460641399
0.489647790244164
1.000385232300588
1.000385232300451
0.489647790506813
-0.093293460634565
0.000388572308193
-0.000848006173944
0.041843797286616
-0.192694128895501
-0.205718808951500
0.201990901727500
0.773215793045898
0.977812846424065
-0.000848006173947
0.108238563076440
0.082597490883197
-0.161486315811820
-0.146113002813855
0.228103095533576
0.801479516442228
1.141475988287567
0.264549275860360
-0.038344534917409
-0.028248304359539
0.052477134110787
0.043675421363088
-0.064075103724571
-0.160476469507974
-0.004858096921764
0.856530866435985
0.000536960610166
-0.014068615587653
0.064285417988445
0.060882945306447
-0.057388183715844
-0.131021001653585
0.087464556851312
1.000536960610167
