8
-1.000000000000000
-0.871740148509605
-0.591700181433143
-0.209299217902479
0.209299217902479
0.591700181433143
0.871740148509605
1.000000000000000
4
-1.000000000000000
-0.333333333333333
0.333333333333333
1.000000000000000
-0.165758386004181
-0.068738782837614
-0.010523945727727
-0.023717938800430
1.000001928842823
0.046641160667242
0.028625241333174
0.009953679456562
-0.000004879289019
-0.245368204837170
-0.076597032943340
-0.025707844627798
1.253911577959335
0.053416918230107
0.180677147249260
0.000029427033962
-0.205727619211876
-0.052138053175937
-0.427991237188549
-0.000010742958413
1.018345979018274
0.988460097416852
0.125251221442097
0.037870081453755
-0.982457731589166
0.609780356796308
-0.225423439429118
-0.052176515198296
0.028897990839992
1.292250015107917
0.146132102480686
0.094612265765518
-0.052176515198296
-0.225423439429118
0.609780356796308
-0.982457731589166
0.094612265765518
0.146132102480686
1.292250015107917
0.028897990839992
-0.000010742958413
-0.427991237188549
-0.052138053175937
-0.205727619211876
0.037870081453755
0.125251221442097
0.988460097416852
1.018345979018274
-0.025707844627798
-0.076597032943340
-0.245368204837170
-0.000004879289019
0.000029427033962
0.180677147249260
0.053416918230107
1.253911577959335
-0.023717938800430
-0.010523945727727
-0.068738782837614
-0.165758386004181
0.009953679456562
0.028625241333174
0.046641160667242
1.000001928842823
