6
-1.000000000000000
-0.765055323929465
-0.285231516480645
0.285231516480645
0.765055323929466
1.000000000000000
16
-1.000000000000000
-0.986283808696812
-0.928434883663574
-0.827201315069765
-0.687292904811685
-0.515248636358154
-0.319112368927890
-0.108054948707344
0.108054948707344
0.319112368927890
0.515248636358154
0.687292904811685
0.827201315069765
0.928434883663574
0.986283808696812
1.000000000000000
0.999807771954134
0.894904709033466
0.522375993002613
0.105450012448830
-0.132891729494127
-0.131730784071178
-0.017319484575945
0.058130376967284
0.046672406369244
-0.013066929476379
-0.045776415915345
-0.020785028031223
0.013412064507783
0.020178840749357
0.006073852366681
-0.000192228045867
1.000701677539030
0.900808411925836
0.546742783218587
0.143075020793484
-0.097461396237640
-0.116537259922959
-0.010193452231792
0.073539398719946
0.053409120032346
-0.008166916578168
-0.036798190233052
-0.017434739094886
0.016802754295288
0.025571542649476
0.007708081134946
0.000701677539030
-0.001221013410769
0.132286997132297
0.570473973672482
0.947876686182715
0.936370844042252
0.537274352651861
0.021998011464996
-0.233274163132954
-0.159897168290771
0.024491376354980
0.104523227334889
0.048979314268343
-0.045281491027220
-0.068741597170237
-0.020081385730309
-0.001221013410765
0.000591438985611
0.143806869785004
0.614708689076699
1.013210502911981
0.986510481315909
0.547286084822744
0.062838129729086
-0.188037724334806
-0.141079803850142
0.038935706707837
0.129110179874493
0.057048418917818
-0.036606802821350
-0.054680521332590
-0.016340648453981
0.000591438985614
-0.000506727287620
-0.059950987077263
-0.204589136524072
-0.172005336243963
0.209342826885181
0.711674463393437
0.993408097811416
0.844264668490389
0.372946403720846
-0.097364381805889
-0.243164986783263
-0.102111832592546
0.063963725842822
0.092877665937462
0.027726723308821
-0.000559865236095
0.000746442815853
-0.050435745683415
-0.175473151649057
-0.131601103909207
0.220076166078455
0.750679673234308
1.058940044855156
0.888637624384753
0.382623360592786
-0.055121910723024
-0.204019986636898
-0.090005322348217
0.077747403125617
0.114550268675443
0.031998711285178
0.000746442815849
-0.000559865236095
0.027726723308821
0.092877665937462
0.063963725842822
-0.102111832592546
-0.243164986783263
-0.097364381805889
0.372946403720846
0.844264668490389
0.993408097811416
0.711674463393437
0.209342826885181
-0.172005336243963
-0.204589136524072
-0.059950987077263
-0.000506727287620
0.000746442815849
0.031998711285178
0.114550268675443
0.077747403125617
-0.090005322348217
-0.204019986636898
-0.055121910723024
0.382623360592786
0.888637624384753
1.058940044855156
0.750679673234308
0.220076166078455
-0.131601103909207
-0.175473151649057
-0.050435745683415
0.000746442815853
-0.001221013410765
-0.020081385730309
-0.068741597170237
-0.045281491027220
0.048979314268343
0.104523227334889
0.024491376354980
-0.159897168290771
-0.233274163132954
0.021998011464996
0.537274352651861
0.936370844042252
0.947876686182715
0.570473973672482
0.132286997132297
-0.001221013410769
0.000591438985614
-0.016340648453981
-0.054680521332590
-0.036606802821350
0.057048418917818
0.129110179874493
0.038935706707837
-0.141079803850142
-0.188037724334806
0.062838129729086
0.547286084822744
0.986510481315909
1.013210502911981
0.614708689076699
0.143806869785004
0.000591438985611
-0.000192228045867
0.006073852366681
0.020178840749357
0.013412064507783
-0.020785028031223
-0.045776415915345
-0.013066929476379
0.046672406369244
0.058130376967284
-0.017319484575945
-0.131730784071178
-0.132891729494127
0.105450012448830
0.522375993002613
0.894904709033466
0.999807771954134
0.000701677539030
0.007708081134946
0.025571542649476
0.016802754295288
-0.017434739094886
-0.036798190233052
-0.008166916578168
0.053409120032346
0.073539398719946
-0.010193452231792
-0.116537259922959
-0.097461396237640
0.143075020793484
0.546742783218587
0.900808411925836
1.000701677539030
