3
-1.000000000000000
0.000000000000000
1.000000000000000
5
-1.000000000000000
-0.707106781186548
-0.000000000000000
0.707106781186547
1.000000000000000
0.999998966545898
0.551070201679482
-0.073393274439976
-0.156036579506749
-0.000001033454102
1.000354782540740
0.603820169482488
0.000001000000000
-0.103286611685013
0.000354782540742
-0.000708566031658
0.499467441549453
0.999999000000000
0.499467441549453
-0.000708566031659
0.000001067977723
0.604966712372181
1.146783970723871
0.604966712373986
0.000001067977723
-0.000001033454102
-0.156036579506749
-0.073393274439976
0.551070201679482
0.999998966545898
0.000354782540742
-0.103286611685013
0.000001000000000
0.603820169482488
1.000354782540740
