4
-1.000000000000000
-0.447213595499958
0.447213595499958
1.000000000000000
12
-1.000000000000000
-0.852889234976673
-0.700736111945106
-0.540549206419271
-0.354406196301332
-0.134212527875469
0.134212527875469
0.354406196301332
0.540549206419271
0.700736111945106
0.852889234976673
1.000000000000000
0.987950783821169
0.596942518657231
0.298749340226406
0.076064504429483
-0.075930190637567
-0.142641000694000
-0.107659091437042
-0.030137028199115
0.026385911693468
0.054392760167021
0.048492229139545
-0.000138983279879
1.000329755263235
0.610782829784324
0.309387376524435
0.088822969344809
-0.062894038917456
-0.128882690788494
-0.098197427442788
-0.028946933436334
0.029898373984647
0.058580979736078
0.054688505093119
0.006496907954513
-0.000626490840846
0.495262856873403
0.816467537893696
0.976950304705150
0.979374174941233
0.797541575112404
0.428394590846337
0.102562939111132
-0.104417960176542
-0.194868748212747
-0.171733786274803
-0.019331094059901
0.024483184793194
0.520452183313558
0.837209795539314
0.998714991125089
1.002205226846841
0.816157039017637
0.435109098889457
0.113689270705143
-0.092154508171010
-0.180246297767310
-0.154537915797272
0.000430604936891
-0.019331094059901
-0.171733786274803
-0.194868748212747
-0.104417960176542
0.102562939111132
0.428394590846337
0.797541575112404
0.979374174941233
0.976950304705150
0.816467537893696
0.495262856873403
-0.000626490840846
0.000430604936891
-0.154537915797272
-0.180246297767310
-0.092154508171010
0.113689270705143
0.435109098889457
0.816157039017637
1.002205226846841
0.998714991125089
0.837209795539314
0.520452183313558
0.024483184793194
-0.000138983279879
0.048492229139545
0.054392760167021
0.026385911693468
-0.030137028199115
-0.107659091437042
-0.142641000694000
-0.075930190637567
0.076064504429483
0.298749340226406
0.596942518657231
0.987950783821169
0.006496907954513
0.054688505093119
0.058580979736078
0.029898373984647
-0.028946933436334
-0.098197427442788
-0.128882690788494
-0.062894038917456
0.088822969344809
0.309387376524435
0.610782829784324
1.000329755263235
