6
-1.000000000000000
-0.765055323929465
-0.285231516480645
0.285231516480645
0.765055323929466
1.000000000000000
17
-1.000000000000000
-0.931049899948912
-0.860800371946643
-0.764851633253829
-0.644772977473215
-0.488456800361214
-0.334306944171518
-0.168321691131429
0.000000000000000
0.168321691131429
0.334306944171518
0.488456800361214
0.644772977473215
0.764851633253829
0.860800371946643
0.931049899948912
1.000000000000000
0.975808677780112
0.546455774496740
0.229677039917078
-0.022215008496799
-0.142710888504745
-0.118114027637035
-0.025291894717175
0.045269946180823
0.062474024205054
0.032112037479217
-0.014873128097428
-0.042120493215807
-0.030272267554563
-0.000177780812192
0.018686230110367
0.020012607411047
-0.000143098633366
1.000926098180958
0.560511783306718
0.250824706184575
-0.000192468094875
-0.122027961891625
-0.105687594285779
-0.020961539261090
0.054261924902616
0.069840414659428
0.035471377816010
-0.011696249464842
-0.035775404290920
-0.025556104452611
0.001597345654388
0.021739475833514
0.023417347510558
0.005211851505985
-0.001704613400319
0.554738612337357
0.868504501658609
0.999537685605074
0.860198351469754
0.464071570721024
0.067388655524311
-0.179198056046786
-0.216027948245582
-0.102616448081073
0.034809177100180
0.102140886643639
0.071903373403470
-0.003692399821532
-0.058519270209847
-0.062746209907530
-0.013105982861479
0.044379354536757
0.581529457160382
0.903344809615057
1.037946583519099
0.885089805705247
0.472382116547177
0.092957540491956
-0.150388559184953
-0.194454935214640
-0.095653902164849
0.043848728232451
0.119148738353775
0.084027007676204
0.000613096220195
-0.050826901245131
-0.054152826879752
0.000524004220641
-0.032311016034330
-0.192550289820610
-0.195917427610399
-0.018534051021440
0.348042201541382
0.773089552968698
0.986729471951341
0.929265910309040
0.631477604160775
0.226088196210537
-0.102368104721770
-0.229575238448071
-0.154526403248498
-0.000961180888706
0.087366753033799
0.091457800858989
-0.000861676384714
0.001213909731588
-0.172640488876608
-0.174601695183009
0.001239234459430
0.359152285679538
0.801334923160113
1.024850791145065
0.965202728754390
0.644887527837356
0.240647393874101
-0.077424197499534
-0.202554622331118
-0.133854288248321
0.005416857566400
0.099290769924935
0.103882902977799
0.019929459575049
-0.000861676384714
0.091457800858989
0.087366753033799
-0.000961180888706
-0.154526403248498
-0.229575238448071
-0.102368104721770
0.226088196210537
0.631477604160775
0.929265910309040
0.986729471951341
0.773089552968698
0.348042201541382
-0.018534051021440
-0.195917427610399
-0.192550289820610
-0.032311016034330
0.019929459575049
0.103882902977799
0.099290769924935
0.005416857566400
-0.133854288248321
-0.202554622331118
-0.077424197499534
0.240647393874101
0.644887527837356
0.965202728754390
1.024850791145065
0.801334923160113
0.359152285679538
0.001239234459430
-0.174601695183009
-0.172640488876608
0.001213909731588
-0.013105982861479
-0.062746209907530
-0.058519270209847
-0.003692399821532
0.071903373403470
0.102140886643639
0.034809177100180
-0.102616448081073
-0.216027948245582
-0.179198056046786
0.067388655524311
0.464071570721024
0.860198351469754
0.999537685605074
0.868504501658609
0.554738612337357
-0.001704613400319
0.000524004220641
-0.054152826879752
-0.050826901245131
0.000613096220195
0.084027007676204
0.119148738353775
0.043848728232451
-0.095653902164849
-0.194454935214640
-0.150388559184953
0.092957540491956
0.472382116547177
0.885089805705247
1.037946583519099
0.903344809615057
0.581529457160382
0.044379354536757
-0.000143098633366
0.020012607411047
0.018686230110367
-0.000177780812192
-0.030272267554563
-0.042120493215807
-0.014873128097428
0.032112037479217
0.062474024205054
0.045269946180823
-0.025291894717175
-0.118114027637035
-0.142710888504745
-0.022215008496799
0.229677039917078
0.546455774496740
0.975808677780112
0.005211851505985
0.023417347510558
0.021739475833514
0.001597345654388
-0.025556104452611
-0.035775404290920
-0.011696249464842
0.035471377816010
0.069840414659428
0.054261924902616
-0.020961539261090
-0.105687594285779
-0.122027961891625
-0.000192468094875
0.250824706184575
0.560511783306718
1.000926098180958
