4
-1.000000000000000
-0.447213595499958
0.447213595499958
1.000000000000000
12
-1.000000000000000
-0.818181818181818
-0.636363636363636
-0.454545454545455
-0.272727272727273
-0.090909090909091
0.090909090909091
0.272727272727273
0.454545454545455
0.636363636363636
0.818181818181818
1.000000000000000
0.979346662202835
0.515444060315594
0.194585499251662
-0.006339877823739
-0.109342815833111
-0.137446656887465
-0.112768146878543
-0.058256194208147
0.002222000551130
0.046580517655898
0.053334871788630
-0.000060988361995
1.000263188201292
0.533561790224318
0.209655511840995
0.006011518407212
-0.099785015505189
-0.130495550012041
-0.108688728941979
-0.056842950591073
0.004591402448356
0.051441092802765
0.061315888479610
0.010428857681557
-0.000451508741892
0.584408765235295
0.901046771807595
0.999864058790335
0.931058493395394
0.745424035812265
0.493387607113436
0.221195788592124
-0.019828300776214
-0.174046079260094
-0.195799607958994
-0.029188044428249
0.039585144501801
0.618858017893738
0.928159641612541
1.021463224122587
0.945887546848505
0.754796384260076
0.496192628409804
0.225874976400776
-0.008095754159331
-0.157295328258778
-0.171317896627634
0.000236839407940
-0.029188044428249
-0.195799607958994
-0.174046079260094
-0.019828300776214
0.221195788592124
0.493387607113436
0.745424035812265
0.931058493395394
0.999864058790335
0.901046771807595
0.584408765235295
-0.000451508741892
0.000236839407940
-0.171317896627634
-0.157295328258778
-0.008095754159331
0.225874976400776
0.496192628409804
0.754796384260076
0.945887546848505
1.021463224122587
0.928159641612541
0.618858017893738
0.039585144501801
-0.000060988361995
0.053334871788630
0.046580517655898
0.002222000551130
-0.058256194208147
-0.112768146878543
-0.137446656887465
-0.109342815833111
-0.006339877823739
0.194585499251662
0.515444060315594
0.979346662202835
0.010428857681557
0.061315888479610
0.051441092802765
0.004591402448356
-0.056842950591073
-0.108688728941979
-0.130495550012041
-0.099785015505189
0.006011518407212
0.209655511840995
0.533561790224318
1.000263188201292
