7
-1.000000000000000
-0.830223896278567
-0.468848793470714
0.000000000000000
0.468848793470714
0.830223896278567
1.000000000000000
3
-1.000000000000000
0.000000000000000
1.000000000000000
-0.169483725411487
-0.046617584388331
-0.013005807536290
1.000353608623765
0.000001000000000
0.040071704820635
-0.000001028329914
-0.284941490603000
-0.000001028329917
1.199641073031200
0.107482274657510
0.114156858974150
-0.191407496297856
-0.203557791293467
-0.226703501603575
1.322718431490916
0.733750542019391
0.000003898168249
-0.751871758963972
0.591705875086806
-0.751871758899730
0.045010644901395
1.035355569818835
0.045010644901398
-0.226703501603575
-0.203557791293467
-0.191407496297856
0.000003898168249
0.733750542019391
1.322718431490916
-0.000001028329917
-0.284941490603000
-0.000001028329914
0.114156858974150
0.107482274657510
1.199641073031200
-0.013005807536290
-0.046617584388331
-0.169483725411487
0.040071704820635
0.000001000000000
1.000353608623765
