3
-1.000000000000000
0.000000000000000
1.000000000000000
9
-1.000000000000000
-0.756713333650366
-0.508499869922345
-0.256090703003339
0.000000000000000
0.256090703003339
0.508499869922345
0.756713333650366
1.000000000000000
0.992778691313755
0.657084112840468
0.375710501172957
0.152731117141148
-0.008292688115576
-0.103359585862165
-0.132789368749315
-0.099629220809875
-0.007221308686320
1.000128755383011
0.664674598411589
0.383539929534456
0.160858773908503
0.000001000000000
-0.095231929094835
-0.124959940387889
-0.092038735238777
0.000128755383011
-0.000256510766021
0.427365136786169
0.741421010918088
0.934374155186331
0.999999000000000
0.934374155186331
0.741421010917914
0.427365136828620
-0.000256510766021
0.014459660597029
0.442525510759879
0.757096679183483
0.950608233914707
1.016603843435783
0.950608233914707
0.757096679183483
0.442525510759878
0.014459660598314
-0.007221308686320
-0.099629220809875
-0.132789368749315
-0.103359585862165
-0.008292688115576
0.152731117141148
0.375710501172957
0.657084112840468
0.992778691313755
0.000128755383011
-0.092038735238777
-0.124959940387889
-0.095231929094835
0.000001000000000
0.160858773908503
0.383539929534456
0.664674598411589
1.000128755383011
