5
-1.000000000000000
-0.654653670707977
0.000000000000000
0.654653670707977
1.000000000000000
11
-1.000000000000000
-0.968160239507626
-0.836031107326636
-0.613371432700590
-0.324253423403809
0.000000000000000
0.324253423403809
0.613371432700590
0.836031107326636
0.968160239507626
1.000000000000000
0.999830501111396
0.835135257915075
0.314892156829109
-0.104893851778525
-0.148011399405453
-0.000088597449363
0.062008512454308
0.009163665451663
-0.043846121118676
-0.017487063658688
-0.000169498888605
1.000212552241429
0.848310896061668
0.363153631184155
-0.045326007300251
-0.121483741645757
0.012767546671042
0.083564769271303
0.011781854727590
-0.032248955949190
-0.013552996267022
0.000212552241428
-0.000355245599475
0.200968729066551
0.766009267658079
0.990520098639256
0.579579608894588
-0.062543145150794
-0.255670470491719
-0.033673105566380
0.092938102098626
0.038598376693778
-0.000355245599472
0.000510681694760
0.225513814577101
0.855248639921249
1.084684951962103
0.599156138511941
0.000001000000000
-0.195709204438215
-0.026066476785501
0.127198688373706
0.048521842480074
0.000510681694763
-0.001001920255942
-0.089495393638622
-0.259362128828927
0.042527944230726
0.674689806361166
0.999998999999999
0.674689806362621
0.042527943838458
-0.259362128367666
-0.089495393840848
-0.001001920255944
0.000220049975510
-0.074390342808750
-0.189917029578264
0.076230628570866
0.726722677741241
1.104303928423995
0.726722677733118
0.076230628570865
-0.189917029578265
-0.074390342808752
0.000220049975508
-0.000355245599472
0.038598376693778
0.092938102098626
-0.033673105566380
-0.255670470491719
-0.062543145150794
0.579579608894588
0.990520098639256
0.766009267658079
0.200968729066551
-0.000355245599475
0.000510681694763
0.048521842480074
0.127198688373706
-0.026066476785501
-0.195709204438215
0.000001000000000
0.599156138511941
1.084684951962103
0.855248639921249
0.225513814577101
0.000510681694760
-0.000169498888605
-0.017487063658688
-0.043846121118676
0.009163665451663
0.062008512454308
-0.000088597449363
-0.148011399405453
-0.104893851778525
0.314892156829109
0.835135257915075
0.999830501111396
0.000212552241428
-0.013552996267022
-0.032248955949190
0.011781854727590
0.083564769271303
0.012767546671042
-0.121483741645757
-0.045326007300251
0.363153631184155
0.848310896061668
1.000212552241429
