6
-1.000000000000000
-0.765055323929465
-0.285231516480645
0.285231516480645
0.765055323929466
1.000000000000000
11
-1.000000000000000
-0.934001430408044
-0.784483473663170
-0.565235326996195
-0.295758135586940
-0.000000000000000
0.295758135586939
0.565235326996205
0.784483473663145
0.934001430408058
1.000000000000000
0.997352078037486
0.529602568128459
-0.043608250586113
-0.170997342133401
-0.005238457378096
0.062499000000000
-0.010625454887868
-0.052165709059360
0.004382642046155
0.019498422359410
-0.000185053158117
1.000929113575958
0.577161923841858
0.037656948965339
-0.129413564411159
0.013992385984644
0.089058306730618
-0.001904867542221
-0.035235619877659
0.008120334458769
0.031282666933656
0.001056753431469
-0.001368519346077
0.535310223930451
0.995282803130328
0.673051504098535
-0.066344453996815
-0.268654007721421
0.006896974790888
0.100014501569912
-0.021347552975181
-0.083742388952300
-0.001674052098027
0.004599948014816
0.625736987872940
1.126825405750673
0.712458520798888
0.018529804030764
-0.194647642353841
0.032503022911275
0.146334780798682
-0.012031875633919
-0.052872122534016
0.000512529346828
-0.001069803764263
-0.253708577198536
-0.094970130932464
0.582002002595116
0.999393992520189
0.631739930164609
-0.089170276374518
-0.270576988666601
0.021422999282776
0.089448761815840
-0.000628458168392
0.000585293783755
-0.168702291690979
-0.046894492618337
0.640698782404216
1.131351289677621
0.681574436002443
-0.017835244304816
-0.191397262160994
0.037157500492183
0.139589484105443
0.000920080930052
-0.000628458168392
0.089448761815840
0.021422999282776
-0.270576988666601
-0.089170276374518
0.631739930164609
0.999393992520189
0.582002002595116
-0.094970130932464
-0.253708577198536
-0.001069803764263
0.000920080930052
0.139589484105443
0.037157500492183
-0.191397262160994
-0.017835244304816
0.681574436002443
1.131351289677621
0.640698782404216
-0.046894492618337
-0.168702291690979
0.000585293783755
-0.001674052098027
-0.083742388952300
-0.021347552975181
0.100014501569912
0.006896974790888
-0.268654007721421
-0.066344453996815
0.673051504098535
0.995282803130328
0.535310223930451
-0.001368519346077
0.000512529346828
-0.052872122534016
-0.012031875633919
0.146334780798682
0.032503022911275
-0.194647642353841
0.018529804030764
0.712458520798888
1.126825405750673
0.625736987872940
0.004599948014816
-0.000185053158117
0.019498422359410
0.004382642046155
-0.052165709059360
-0.010625454887868
0.062499000000000
-0.005238457378096
-0.170997342133401
-0.043608250586113
0.529602568128459
0.997352078037486
0.001056753431469
0.031282666933656
0.008120334458769
-0.035235619877659
-0.001904867542221
0.089058306730618
0.013992385984644
-0.129413564411159
0.037656948965339
0.577161923841858
1.000929113575958
