4
-1.000000000000000
-0.447213595499958
0.447213595499958
1.000000000000000
8
-1.000000000000000
-0.932469514203152
-0.661209386466264
-0.238619186083197
0.238619186083197
0.661209386466264
0.932469514203152
1.000000000000000
0.999881791964488
0.789949487382096
0.177915585462487
-0.173841620826329
-0.080610711605686
0.050203106559084
0.028256262112204
-0.000201631609830
1.001359429708629
0.808706596528303
0.246373830917876
-0.110747722338305
-0.067734226109333
0.071375087693448
0.040832915817414
0.000350944161511
-0.001998335523232
0.251534966363561
0.871700257691166
0.903904420987303
0.245136176496142
-0.254367868939539
-0.114511615253814
-0.000581209908795
0.000349807780064
0.284908049769085
1.004033983774528
0.996815766854200
0.275195220449130
-0.168275855239765
-0.088500042409426
0.001002089995054
-0.000581209908795
-0.114511615253814
-0.254367868939539
0.245136176496142
0.903904420987303
0.871700257691166
0.251534966363561
-0.001998335523232
0.001002089995054
-0.088500042409426
-0.168275855239765
0.275195220449130
0.996815766854200
1.004033983774528
0.284908049769085
0.000349807780064
-0.000201631609830
0.028256262112204
0.050203106559084
-0.080610711605686
-0.173841620826329
0.177915585462487
0.789949487382096
0.999881791964488
0.000350944161511
0.040832915817414
0.071375087693448
-0.067734226109333
-0.110747722338305
0.246373830917876
0.808706596528303
1.001359429708629
