5
-1.000000000000000
-0.654653670707977
0.000000000000000
0.654653670707977
1.000000000000000
18
-1.000000000000000
-0.976105557422073
-0.920649185323714
-0.835593535240203
-0.723679329272682
-0.588504834321388
-0.434415036911771
-0.266362652878298
-0.089749093484652
0.089749093484652
0.266362652878281
0.434415036912113
0.588504834318751
0.723679329282940
0.835593535218656
0.920649185346972
0.976105557412419
1.000000000000000
0.999774332067126
0.881755487876228
0.639836472922370
0.348136324464406
0.086745450080688
-0.083369257662065
-0.142757225889130
-0.110915574761493
-0.036082621788491
0.030009431918649
0.061147736565823
0.051526877457777
0.017326492433720
-0.018575036619804
-0.035540422289173
-0.028906659966190
-0.011756367213597
-0.000119054750793
1.000381227704739
0.885082619032304
0.648319846036385
0.362148847966512
0.104200654279832
-0.067244366643207
-0.130623813049078
-0.105255653219059
-0.034431745181071
0.035490890048598
0.066914509802580
0.055696547186869
0.018425196412081
-0.016268957015360
-0.032057513690790
-0.026494326783743
-0.010330525083478
0.000381227704739
-0.000699319023418
0.152846805649312
0.451275281533120
0.766760822355421
0.969303544153704
0.976186822585683
0.783159269349544
0.462693233500373
0.121016510898079
-0.122514901412588
-0.214425940258809
-0.169158266071016
-0.054003108821093
0.047885479967313
0.092530777782101
0.075756097108159
0.029587108324788
-0.000699319023416
0.000519620205946
0.159356922060859
0.466946436245159
0.792470960409081
0.999006004845844
1.001586289016608
0.797597591732357
0.466106636092391
0.135391332405707
-0.102619006766164
-0.196179139961363
-0.158333558931815
-0.051512465615744
0.055027551424025
0.101629578611364
0.082561948191152
0.032942125925519
0.000405532210086
-0.000613604564748
-0.061981034653316
-0.160941438597967
-0.205999629078663
-0.122940731316580
0.116902248410835
0.453709531028599
0.775140057723240
0.973300724020080
0.973300724020080
0.775140057723308
0.453709531027607
0.116902248453121
-0.122940731377010
-0.205999629013593
-0.160941438652111
-0.061981034615174
-0.000613604577471
0.000484361707098
-0.057337828851617
-0.149008718865060
-0.189534755388903
-0.105272542313085
0.125774767006896
0.459760625762898
0.794022706569690
1.000481021699418
1.000481021699426
0.794022706643797
0.459760625775717
0.125774767007393
-0.105272542320811
-0.189534755417061
-0.149008718834259
-0.057337828855080
0.000484361707095
-0.000699319023416
0.029587108324788
0.075756097108159
0.092530777782101
0.047885479967313
-0.054003108821093
-0.169158266071016
-0.214425940258809
-0.122514901412588
0.121016510898079
0.462693233500373
0.783159269349544
0.976186822585683
0.969303544153704
0.766760822355421
0.451275281533120
0.152846805649312
-0.000699319023418
0.000405532210086
0.032942125925519
0.082561948191152
0.101629578611364
0.055027551424025
-0.051512465615744
-0.158333558931815
-0.196179139961363
-0.102619006766164
0.135391332405707
0.466106636092391
0.797597591732357
1.001586289016608
0.999006004845844
0.792470960409081
0.466946436245159
0.159356922060859
0.000519620205946
-0.000119054750793
-0.011756367213597
-0.028906659966190
-0.035540422289173
-0.018575036619804
0.017326492433720
0.051526877457777
0.061147736565823
0.030009431918649
-0.036082621788491
-0.110915574761493
-0.142757225889130
-0.083369257662065
0.086745450080688
0.348136324464406
0.639836472922370
0.881755487876228
0.999774332067126
0.000381227704739
-0.010330525083478
-0.026494326783743
-0.032057513690790
-0.016268957015360
0.018425196412081
0.055696547186869
0.066914509802580
0.035490890048598
-0.034431745181071
-0.105255653219059
-0.130623813049078
-0.067244366643207
0.104200654279832
0.362148847966512
0.648319846036385
0.885082619032304
1.000381227704739
