7
-1.000000000000000
-0.830223896278567
-0.468848793470714
0.000000000000000
0.468848793470714
0.830223896278567
1.000000000000000
13
-1.000000000000000
-0.953309846642136
-0.846347564651927
-0.686188469081722
-0.482909821091345
-0.249286930106240
-0.000000000000000
0.249286930106240
0.482909821091337
0.686188469081757
0.846347564651867
0.953309846642168
1.000000000000000
0.997476220155557
0.534381132951539
-0.037947277399363
-0.172159429541419
-0.009015672445844
0.063439051039846
-0.008521872272295
-0.053788368333585
0.003090951192785
0.024350535193457
-0.005417695354340
-0.021465708332765
-0.000182196218865
1.000923997020925
0.580903054178316
0.043257186616344
-0.130189417318462
0.010655542865933
0.089636769980168
0.000880724976906
-0.037250503924578
0.008585890082708
0.035893177182604
-0.002686901365091
-0.013073185270946
0.000923997020923
-0.001675930045934
0.531281905548193
0.993557208197012
0.685781249247159
-0.055199772959613
-0.271781116198414
-0.001500171666379
0.104842243733984
-0.022862831192084
-0.095591445084467
0.007915486716927
0.035283896424262
-0.001675930045937
0.004757654781792
0.619351908758688
1.125175394474925
0.724798383384914
0.032360885754900
-0.197334600434257
0.026433747216368
0.151151012063249
-0.008089934216883
-0.064928968558816
0.014870333685875
0.056993355156577
0.000835294455582
-0.001493021888003
-0.252125553131896
-0.100897509725845
0.568477208784898
0.998210747072123
0.652852329450987
-0.078122146123660
-0.277445578443883
0.013991343135309
0.106358707178599
-0.024188939537704
-0.089462947249239
-0.001401417375366
0.001191654683887
-0.168571151930319
-0.052391777407189
0.627654600747217
1.129675009920087
0.702071553877617
0.000387334208748
-0.198777048501387
0.039672061393320
0.155599369789667
-0.014094436615702
-0.056689041495315
0.001191654683881
-0.001557782864357
0.090186182999220
0.023739509796097
-0.271747992453549
-0.099514278645381
0.610554712407567
0.999999000000002
0.610554712407566
-0.099514278314878
-0.271747992790744
0.023739509796825
0.090186182999159
-0.001557782864354
0.001090711601888
0.141080394989990
0.040434323113400
-0.191446175355717
-0.030887739117622
0.663607349197649
1.130906919773478
0.663607349198292
-0.030887739117616
-0.191446175355743
0.040434323113348
0.141080394990018
0.001090711601879
-0.001401417375366
-0.089462947249239
-0.024188939537704
0.106358707178599
0.013991343135309
-0.277445578443883
-0.078122146123660
0.652852329450987
0.998210747072123
0.568477208784898
-0.100897509725845
-0.252125553131896
-0.001493021888003
0.001191654683881
-0.056689041495315
-0.014094436615702
0.155599369789667
0.039672061393320
-0.198777048501387
0.000387334208748
0.702071553877617
1.129675009920087
0.627654600747217
-0.052391777407189
-0.168571151930319
0.001191654683887
-0.001675930045937
0.035283896424262
0.007915486716927
-0.095591445084467
-0.022862831192084
0.104842243733984
-0.001500171666379
-0.271781116198414
-0.055199772959613
0.685781249247159
0.993557208197012
0.531281905548193
-0.001675930045934
0.000835294455582
0.056993355156577
0.014870333685875
-0.064928968558816
-0.008089934216883
0.151151012063249
0.026433747216368
-0.197334600434257
0.032360885754900
0.724798383384914
1.125175394474925
0.619351908758688
0.004757654781792
-0.000182196218865
-0.021465708332765
-0.005417695354340
0.024350535193457
0.003090951192785
-0.053788368333585
-0.008521872272295
0.063439051039846
-0.009015672445844
-0.172159429541419
-0.037947277399363
0.534381132951539
0.997476220155557
0.000923997020923
-0.013073185270946
-0.002686901365091
0.035893177182604
0.008585890082708
-0.037250503924578
0.000880724976906
0.089636769980168
0.010655542865933
-0.130189417318462
0.043257186616344
0.580903054178316
1.000923997020925
