7
-1.000000000000000
-0.830223896278567
-0.468848793470714
0.000000000000000
0.468848793470714
0.830223896278567
1.000000000000000
19
-1.000000000000000
-0.984807753012208
-0.939692620785908
-0.866025403784439
-0.766044443118978
-0.642787609686539
-0.500000000000000
-0.342020143325669
-0.173648177666930
-0.000000000000000
0.173648177666930
0.342020143325668
0.500000000000000
0.642787609686539
0.766044443118978
0.866025403784438
0.939692620785908
0.984807753012208
1.000000000000000
0.999828483495718
0.840541783989747
0.457870562540359
0.072109164454625
-0.136177849857694
-0.129063214523372
-0.020577144264715
0.055716530180645
0.052421602478062
-0.003062493553946
-0.044890182686961
-0.031074105066915
0.006678368423022
0.025205292334331
0.013753885790081
-0.009252676196784
-0.018240490411636
-0.007554132608162
-0.000180979001676
1.002466183024336
0.848378557459130
0.483493731784781
0.107825298772208
-0.104400362640336
-0.115781116776545
-0.014185317423101
0.069975058787208
0.059615116370024
0.000718808504409
-0.036315626071483
-0.026643599411143
0.009747103283353
0.030941425010666
0.016622236987129
-0.006965918970206
-0.014308896101057
-0.005847139453712
0.000944483896802
-0.004477721807369
0.201028674092223
0.640836508450354
0.967251536097532
0.920984770782376
0.528509623320342
0.037603818081840
-0.223968410780718
-0.179169054844675
-0.001260354034801
0.103099732923228
0.074212004319272
-0.026013321395513
-0.082690152250914
-0.043510409663384
0.019076886928655
0.038401824645951
0.015999162086576
-0.001842636567844
0.000535653490465
0.216230267573518
0.686696952964168
1.028120269209450
0.964232586518625
0.537796747477176
0.074920960942483
-0.181056477286782
-0.159038869091644
0.010089718153926
0.126871313267039
0.085154445548450
-0.018090605659780
-0.067700190804309
-0.036610132238611
0.024693881605939
0.048242539883633
0.019998693942344
0.000559083323044
-0.000668509007884
-0.087578856246729
-0.216046579154021
-0.143812600059603
0.242163899664943
0.718911822479738
0.991145764856405
0.870162989269606
0.437837549779550
-0.036891507371369
-0.243186035067894
-0.152357061076419
0.031294655651090
0.112239460411999
0.059293129792590
-0.039235579781114
-0.075470141705157
-0.030952823031791
-0.000706539056572
0.002852727982998
-0.075216608797142
-0.185716440660050
-0.108182206388217
0.249940136370783
0.756813810870025
1.049863981331290
0.912559139188721
0.446759851201144
0.000418789309560
-0.202936133098240
-0.135414457889817
0.044591455181423
0.135485509202827
0.068313039224939
-0.031481135637011
-0.061442254975513
-0.026136213360494
0.002005081664407
-0.002357602512148
0.041334759786201
0.098280565062502
0.052032521377731
-0.115890822723418
-0.243005415665515
-0.103404545571155
0.335437477977337
0.799533065888326
0.999999000000002
0.799533065888326
0.335437477977341
-0.103404545571160
-0.243005415665509
-0.115890822723419
0.052032521377734
0.098280565062504
0.041334759786205
-0.002357602512150
0.000751434706149
0.047965419539607
0.119553435489074
0.064770431111245
-0.102019338769050
-0.206761107325580
-0.065263890343735
0.344447057870611
0.839272837939635
1.058486646096561
0.839272837937962
0.344447057871548
-0.065263890343880
-0.206761107325579
-0.102019338769048
0.064770431137353
0.119553435458409
0.047965419554640
0.000751434703881
-0.000706539056572
-0.030952823031791
-0.075470141705157
-0.039235579781114
0.059293129792590
0.112239460411999
0.031294655651090
-0.152357061076419
-0.243186035067894
-0.036891507371369
0.437837549779550
0.870162989269606
0.991145764856405
0.718911822479738
0.242163899664943
-0.143812600059603
-0.216046579154021
-0.087578856246729
-0.000668509007884
0.002005081664407
-0.026136213360494
-0.061442254975513
-0.031481135637011
0.068313039224939
0.135485509202827
0.044591455181423
-0.135414457889817
-0.202936133098240
0.000418789309560
0.446759851201144
0.912559139188721
1.049863981331290
0.756813810870025
0.249940136370783
-0.108182206388217
-0.185716440660050
-0.075216608797142
0.002852727982998
-0.001842636567844
0.015999162086576
0.038401824645951
0.019076886928655
-0.043510409663384
-0.082690152250914
-0.026013321395513
0.074212004319272
0.103099732923228
-0.001260354034801
-0.179169054844675
-0.223968410780718
0.037603818081840
0.528509623320342
0.920984770782376
0.967251536097532
0.640836508450354
0.201028674092223
-0.004477721807369
0.000559083323044
0.019998693942344
0.048242539883633
0.024693881605939
-0.036610132238611
-0.067700190804309
-0.018090605659780
0.085154445548450
0.126871313267039
0.010089718153926
-0.159038869091644
-0.181056477286782
0.074920960942483
0.537796747477176
0.964232586518625
1.028120269209450
0.686696952964168
0.216230267573518
0.000535653490465
-0.000180979001676
-0.007554132608162
-0.018240490411636
-0.009252676196784
0.013753885790081
0.025205292334331
0.006678368423022
-0.031074105066915
-0.044890182686961
-0.003062493553946
0.052421602478062
0.055716530180645
-0.020577144264715
-0.129063214523372
-0.136177849857694
0.072109164454625
0.457870562540359
0.840541783989747
0.999828483495718
0.000944483896802
-0.005847139453712
-0.014308896101057
-0.006965918970206
0.016622236987129
0.030941425010666
0.009747103283353
-0.026643599411143
-0.036315626071483
0.000718808504409
0.059615116370024
0.069975058787208
-0.014185317423101
-0.115781116776545
-0.104400362640336
0.107825298772208
0.483493731784781
0.848378557459130
1.002466183024336
