7
-1.000000000000000
-0.830223896278567
-0.468848793470714
0.000000000000000
0.468848793470714
0.830223896278567
1.000000000000000
18
-1.000000000000000
-0.882352941176471
-0.764705882352941
-0.647058823529412
-0.529411764705882
-0.411764705882353
-0.294117647058824
-0.176470588235294
-0.058823529411765
0.058823529411765
0.176470588235294
0.294117647058824
0.411764705882353
0.529411764705882
0.647058823529412
0.764705882352941
0.882352941176471
1.000000000000000
0.887079078657720
0.098432121236115
-0.133136904027206
-0.131570815478926
-0.041421013886301
0.031259429179942
0.063082196157822
0.053131695715210
0.018832776042108
-0.019386098202301
-0.040463527609819
-0.037180708385777
-0.013894271713351
0.012582058395543
0.025275133218382
0.014092773295882
-0.016360929322979
-0.013994266888275
1.000867203782714
0.170871562814341
-0.106034179164419
-0.117709344795835
-0.038623747389192
0.038477238351987
0.069224247300897
0.057528776865601
0.020138915420451
-0.016096028440012
-0.036423035564220
-0.033617304184211
-0.012195090330439
0.015066666708573
0.030123325961355
0.017232444074210
-0.009842098552432
0.000867203782712
-0.001393272269721
0.929782167360707
0.918573893470408
0.545962500203642
0.134420130537184
-0.129461941511175
-0.219678029555280
-0.170965945979199
-0.057945239159139
0.047318931723060
0.103678082334463
0.094298348303347
0.034396999327106
-0.040053566260070
-0.080013061304088
-0.044938554578481
0.026988976665718
-0.001393272269723
0.207562788180652
1.055669129623990
0.951619274031343
0.556788194311759
0.156092612505971
-0.106016054042255
-0.200265481296375
-0.161341124124739
-0.054747554579255
0.056159192964224
0.114007195973413
0.103083768532792
0.037852122388598
-0.034088159668541
-0.067902987622890
-0.037548237092487
0.043392434533006
0.036902891439782
-0.145677609100142
-0.226038089190328
0.253544047418652
0.705353075529365
0.965900967249176
0.971843653700046
0.767266452703997
0.449415286074509
0.119632501528790
-0.120485642104652
-0.222066953098173
-0.187526315904126
-0.065240232947074
0.058295846657029
0.112548938731686
0.060882894262172
-0.068363116414599
-0.057092033840073
0.000667759021158
-0.146382440904469
0.256625461216263
0.734706739680031
1.000392860251215
1.000925609912834
0.781982002918458
0.452921513313631
0.132347901700861
-0.101842910460627
-0.204014032368512
-0.175385395528696
-0.061884228543376
0.067664587950691
0.129882206087276
0.070896221055097
-0.044265656653917
0.000667759021152
-0.000304283101695
0.072851411811034
-0.118551300775426
-0.234875491947787
-0.139805431402627
0.131056185765578
0.484266993224256
0.794026269274716
0.975796825643177
0.975796825643177
0.794026269274707
0.484266993225732
0.131056185577804
-0.139805431179028
-0.234875492193006
-0.118551300588311
0.072851411810284
-0.000304283101692
0.088280227444169
0.111138299165840
-0.104438154949752
-0.206452400506071
-0.117105325914525
0.143562536153012
0.489969362608290
0.811604875008767
1.000441092784176
1.000441092784175
0.811604875008768
0.489969362608289
0.143562536153012
-0.117105325914525
-0.206452400506068
-0.104438154949803
0.111138299171699
0.088280227437146
-0.057092033840073
-0.068363116414599
0.060882894262172
0.112548938731686
0.058295846657029
-0.065240232947074
-0.187526315904126
-0.222066953098173
-0.120485642104652
0.119632501528790
0.449415286074509
0.767266452703997
0.971843653700046
0.965900967249176
0.705353075529365
0.253544047418652
-0.226038089190328
-0.145677609100142
0.000667759021152
-0.044265656653917
0.070896221055097
0.129882206087276
0.067664587950691
-0.061884228543376
-0.175385395528696
-0.204014032368512
-0.101842910460627
0.132347901700861
0.452921513313631
0.781982002918458
1.000925609912834
1.000392860251215
0.734706739680031
0.256625461216263
-0.146382440904469
0.000667759021158
-0.001393272269723
0.026988976665718
-0.044938554578481
-0.080013061304088
-0.040053566260070
0.034396999327106
0.094298348303347
0.103678082334463
0.047318931723060
-0.057945239159139
-0.170965945979199
-0.219678029555280
-0.129461941511175
0.134420130537184
0.545962500203642
0.918573893470408
0.929782167360707
-0.001393272269721
0.036902891439782
0.043392434533006
-0.037548237092487
-0.067902987622890
-0.034088159668541
0.037852122388598
0.103083768532792
0.114007195973413
0.056159192964224
-0.054747554579255
-0.161341124124739
-0.200265481296375
-0.106016054042255
0.156092612505971
0.556788194311759
0.951619274031343
1.055669129623990
0.207562788180652
-0.013994266888275
-0.016360929322979
0.014092773295882
0.025275133218382
0.012582058395543
-0.013894271713351
-0.037180708385777
-0.040463527609819
-0.019386098202301
0.018832776042108
0.053131695715210
0.063082196157822
0.031259429179942
-0.041421013886301
-0.131570815478926
-0.133136904027206
0.098432121236115
0.887079078657720
0.000867203782712
-0.009842098552432
0.017232444074210
0.030123325961355
0.015066666708573
-0.012195090330439
-0.033617304184211
-0.036423035564220
-0.016096028440012
0.020138915420451
0.057528776865601
0.069224247300897
0.038477238351987
-0.038623747389192
-0.117709344795835
-0.106034179164419
0.170871562814341
1.000867203782714
