3
-1.000000000000000
0.000000000000000
1.000000000000000
16
-1.000000000000000
-0.986283808696812
-0.928434883663574
-0.827201315069765
-0.687292904811685
-0.515248636358154
-0.319112368927890
-0.108054948707344
0.108054948707344
0.319112368927890
0.515248636358154
0.687292904811685
0.827201315069765
0.928434883663574
0.986283808696812
1.000000000000000
0.999998498998496
0.979363444283285
0.894402330928247
0.753869647026617
0.576717689449485
0.386026627296846
0.205166583418092
0.054026474353866
-0.054028474353867
-0.113945785509439
-0.129222009061626
-0.110575215361962
-0.073331668043310
-0.034032552735236
-0.006920364413596
-0.000001501001505
1.000102969773647
0.979614267378182
0.895290576545129
0.755803081881087
0.579907663245949
0.390444951840050
0.210555235204025
0.059866410323745
-0.048188538383599
-0.108557133728548
-0.124803684520051
-0.107385241565754
-0.071398233188029
-0.033144307118834
-0.006669541318850
0.000102969773647
-0.000204939547293
0.027056273940997
0.137854730572483
0.315596151472478
0.527478578098266
0.734359732689086
0.898002898519830
0.988323128059853
0.988323128059853
0.898002898519831
0.734359732688552
0.527478578442240
0.315596151306994
0.137854730655700
0.027056273944292
-0.000204939547294
0.000002002003004
0.027555920127772
0.139629221811646
0.319461021008926
0.533856525919918
0.743194381764188
0.908778202091338
1.000000999999998
1.000001000000002
0.908778202091334
0.743194381764191
0.533856525908740
0.319461021021227
0.139629221805087
0.027555920131038
0.000002002003004
-0.000001501001505
-0.006920364413596
-0.034032552735236
-0.073331668043310
-0.110575215361962
-0.129222009061626
-0.113945785509439
-0.054028474353867
0.054026474353866
0.205166583418092
0.386026627296846
0.576717689449485
0.753869647026617
0.894402330928247
0.979363444283285
0.999998498998496
0.000102969773647
-0.006669541318850
-0.033144307118834
-0.071398233188029
-0.107385241565754
-0.124803684520051
-0.108557133728548
-0.048188538383599
0.059866410323745
0.210555235204025
0.390444951840050
0.579907663245949
0.755803081881087
0.895290576545129
0.979614267378182
1.000102969773647
