4
-1.000000000000000
-0.447213595499958
0.447213595499958
1.000000000000000
9
-1.000000000000000
-0.750000000000000
-0.500000000000000
-0.250000000000000
0.000000000000000
0.250000000000000
0.500000000000000
0.750000000000000
1.000000000000000
0.961252635591655
0.364292179303519
0.022698618704227
-0.124935684635556
-0.134692625709179
-0.067434551818216
0.015610345728856
0.056639625000000
-0.000040066353407
1.000176565977102
0.396543821875295
0.046876000000000
-0.107420825570225
-0.124940494968510
-0.064298273958424
0.020167127529569
0.070190617401635
0.018594984532312
-0.000297202872254
0.731922575929161
0.992827432226513
0.913437274964557
0.624802710965886
0.250307548174383
-0.078199537122927
-0.225826152667892
-0.055222643438225
0.074003400104678
0.792574215762336
1.034407696875632
0.941116902160789
0.634676876502421
0.258487317806331
-0.055327432226513
-0.185125523028237
0.000141208876584
-0.055222643438225
-0.225826152667892
-0.078199537122927
0.250307548174383
0.624802710965886
0.913437274964557
0.992827432226513
0.731922575929161
-0.000297202872254
0.000141208876584
-0.185125523028237
-0.055327432226513
0.258487317806331
0.634676876502421
0.941116902160789
1.034407696875632
0.792574215762336
0.074003400104678
-0.000040066353407
0.056639625000000
0.015610345728856
-0.067434551818216
-0.134692625709179
-0.124935684635556
0.022698618704227
0.364292179303519
0.961252635591655
0.018594984532312
0.070190617401635
0.020167127529569
-0.064298273958424
-0.124940494968510
-0.107420825570225
0.046876000000000
0.396543821875295
1.000176565977102
