6
-1.000000000000000
-0.765055323929465
-0.285231516480645
0.285231516480645
0.765055323929466
1.000000000000000
4
-1.000000000000000
-0.500000000000000
0.500000000000000
1.000000000000000
0.160088291000961
-0.252354716292739
-0.039162025117601
-0.017007797704647
1.000001784050921
-0.002353083773928
0.151981080886793
0.003114185655554
-0.000002101766062
-0.052283578149425
-0.399357481631271
-0.009254872987409
1.487974311099175
0.610780862655695
0.110797288498003
0.040379615735095
-0.675106303126173
0.747722536837086
-0.257100621336061
-0.000848504887839
0.000001846989740
1.384510096054134
0.019495905389055
0.120774031876959
-0.000848504887839
-0.257100621336061
0.747722536837086
-0.675106303126173
0.120774031876959
0.019495905389055
1.384510096054134
0.000001846989740
-0.009254872987409
-0.399357481631271
-0.052283578149425
-0.000002101766062
0.040379615735095
0.110797288498003
0.610780862655695
1.487974311099175
-0.017007797704647
-0.039162025117601
-0.252354716292739
0.160088291000961
0.003114185655554
0.151981080886793
-0.002353083773928
1.000001784050921
