6
-1.000000000000000
-0.765055323929465
-0.285231516480645
0.285231516480645
0.765055323929466
1.000000000000000
13
-1.000000000000000
-0.833333333333333
-0.666666666666667
-0.500000000000000
-0.333333333333333
-0.166666666666667
0.000000000000000
0.166666666666667
0.333333333333333
0.500000000000000
0.666666666666667
0.833333333333333
1.000000000000000
0.885861928322473
0.086769979189646
-0.140344261235000
-0.123991362800798
-0.024808691874941
0.045699355001496
0.062499000000000
0.032566914298737
-0.014987675152594
-0.043667379247874
-0.026081041426060
0.014620403013758
-0.000117333850251
1.001027485684625
0.161001192901233
-0.111438486232578
-0.110369439331294
-0.020283344131476
0.054926461427942
0.069567678833501
0.036185752077246
-0.011318193327720
-0.036138637701556
-0.021422916286028
0.023748632866528
0.020932307515171
-0.001825115189291
0.936392732478138
0.901987905199199
0.494268167196432
0.063726540216313
-0.179611238133685
-0.216211771861035
-0.103813701056640
0.033882585157581
0.103179848865984
0.060432781977953
-0.063863332161407
-0.055543721225633
0.211152811059443
1.065974694531644
0.937708146956457
0.505218801838728
0.091176835297049
-0.151761409850628
-0.194647642353841
-0.097171511060910
0.044054898076756
0.123339392302474
0.071874011114547
-0.039957668482044
0.000329174320161
-0.150661413156385
-0.222503971365185
0.281192534345928
0.747569959790491
0.986681176817756
0.927333916424948
0.631757551274244
0.231822451414695
-0.102774451050381
-0.237129437753124
-0.129580024891197
0.069206104791968
-0.000572910572307
0.001183418834810
-0.141236690511992
0.285869209573432
0.783355862785596
1.027460397560981
0.961588184946860
0.645159466785750
0.244350378120214
-0.075588992841963
-0.203675006668057
-0.112123212174592
0.108643232953610
0.089745297630628
-0.000572910572307
0.069206104791968
-0.129580024891197
-0.237129437753124
-0.102774451050381
0.231822451414695
0.631757551274244
0.927333916424948
0.986681176817756
0.747569959790491
0.281192534345928
-0.222503971365185
-0.150661413156385
0.089745297630628
0.108643232953610
-0.112123212174592
-0.203675006668057
-0.075588992841963
0.244350378120214
0.645159466785750
0.961588184946860
1.027460397560981
0.783355862785596
0.285869209573432
-0.141236690511992
0.001183418834810
-0.055543721225633
-0.063863332161407
0.060432781977953
0.103179848865984
0.033882585157581
-0.103813701056640
-0.216211771861035
-0.179611238133685
0.063726540216313
0.494268167196432
0.901987905199199
0.936392732478138
-0.001825115189291
0.000329174320161
-0.039957668482044
0.071874011114547
0.123339392302474
0.044054898076756
-0.097171511060910
-0.194647642353841
-0.151761409850628
0.091176835297049
0.505218801838728
0.937708146956457
1.065974694531644
0.211152811059443
-0.000117333850251
0.014620403013758
-0.026081041426060
-0.043667379247874
-0.014987675152594
0.032566914298737
0.062499000000000
0.045699355001496
-0.024808691874941
-0.123991362800798
-0.140344261235000
0.086769979189646
0.885861928322473
0.020932307515171
0.023748632866528
-0.021422916286028
-0.036138637701556
-0.011318193327720
0.036185752077246
0.069567678833501
0.054926461427942
-0.020283344131476
-0.110369439331294
-0.111438486232578
0.161001192901233
1.001027485684625
