8
-1.000000000000000
-0.871740148509605
-0.591700181433143
-0.209299217902479
0.209299217902479
0.591700181433143
0.871740148509605
1.000000000000000
17
-1.000000000000000
-0.987992518020485
-0.937273392400706
-0.848206583410427
-0.724417731360170
-0.570972172608539
-0.394151347077563
-0.201194093997435
0.000000000000000
0.201194093997435
0.394151347077563
0.570972172608539
0.724417731360170
0.848206583410427
0.937273392400706
0.987992518020485
1.000000000000000
0.999827419950940
0.825151768577280
0.283697467460318
-0.126802686057371
-0.136335163122466
0.015535948336819
0.061369548299152
-0.011377944047566
-0.052442684240495
-0.002156152636945
0.026608052016437
0.003155512423703
-0.024833528826983
-0.007198963731414
0.010938262785893
0.004906624464440
-0.000172580049056
1.001580710876067
0.842323129297120
0.339469360711771
-0.061605598613369
-0.112817669504985
0.036819677126911
0.082457094835701
-0.001403600697598
-0.037642386593257
0.002707904684458
0.037803195281426
0.006918795991470
-0.016753509715148
-0.003567015058715
0.015923219494246
0.008684622445583
0.001580710876072
-0.002820713955580
0.208129235908497
0.789231712116416
0.978224223868046
0.502074164161415
-0.141099208149827
-0.240363260043125
0.005814631690763
0.106452292822591
-0.006278367280685
-0.100004851556300
-0.016492796350941
0.045290353463963
0.010614163429716
-0.040246356129474
-0.021174302997987
-0.002820713955582
0.000826278803686
0.238877786175378
0.892161930606126
1.072837806443949
0.524646809171628
-0.053835064641027
-0.188733737822318
0.034708343514917
0.146693191636175
0.006220143033797
-0.070817078657339
-0.007852394636064
0.065685135800449
0.018979995722614
-0.028074255860209
-0.012361616229376
0.000826278803684
-0.001579416394717
-0.097292653075162
-0.266123532944531
0.087220005802050
0.732717703939917
0.993734612567714
0.580160546213389
-0.091380495455018
-0.270353919307809
-0.010866186243379
0.115494570962030
0.011418911748670
-0.102096011138315
-0.028479316936843
0.041926677259866
0.018175347237322
-0.001579416394691
0.001884716619589
-0.076860319415238
-0.190433380068449
0.116147697795181
0.808358559011716
1.103227336109959
0.607518035391504
-0.016985459909602
-0.202855968228328
0.010523518099457
0.161303636299176
0.021803273261806
-0.072357944472028
-0.018490739098673
0.058640125996416
0.029048691419875
0.001906665220126
-0.001046801877229
0.043019974011035
0.099403130514130
-0.057889922175561
-0.285037791633778
0.014699620370434
0.683261091267660
0.998325943989827
0.633528896524459
-0.041914238710203
-0.282368666027566
-0.030074297668813
0.114041231772301
0.029185388298731
-0.085283943280729
-0.039602589313298
-0.001046801877261
0.001196480181421
0.058080681966902
0.136973938660114
-0.047399940456806
-0.207582797876298
0.063000974976787
0.740249906987826
1.112697626018113
0.675295164236904
0.020919536968847
-0.209230628025277
-0.017336429422097
0.158507682787719
0.039171984176512
-0.062592833255236
-0.027463701069618
0.001196480181389
-0.001046801877261
-0.039602589313298
-0.085283943280729
0.029185388298731
0.114041231772301
-0.030074297668813
-0.282368666027566
-0.041914238710203
0.633528896524459
0.998325943989827
0.683261091267660
0.014699620370434
-0.285037791633778
-0.057889922175561
0.099403130514130
0.043019974011035
-0.001046801877229
0.001196480181389
-0.027463701069618
-0.062592833255236
0.039171984176512
0.158507682787719
-0.017336429422097
-0.209230628025277
0.020919536968847
0.675295164236904
1.112697626018113
0.740249906987826
0.063000974976787
-0.207582797876298
-0.047399940456806
0.136973938660114
0.058080681966902
0.001196480181421
-0.001579416394691
0.018175347237322
0.041926677259866
-0.028479316936843
-0.102096011138315
0.011418911748670
0.115494570962030
-0.010866186243379
-0.270353919307809
-0.091380495455018
0.580160546213389
0.993734612567714
0.732717703939917
0.087220005802050
-0.266123532944531
-0.097292653075162
-0.001579416394717
0.001906665220126
0.029048691419875
0.058640125996416
-0.018490739098673
-0.072357944472028
0.021803273261806
0.161303636299176
0.010523518099457
-0.202855968228328
-0.016985459909602
0.607518035391504
1.103227336109959
0.808358559011716
0.116147697795181
-0.190433380068449
-0.076860319415238
0.001884716619589
-0.002820713955582
-0.021174302997987
-0.040246356129474
0.010614163429716
0.045290353463963
-0.016492796350941
-0.100004851556300
-0.006278367280685
0.106452292822591
0.005814631690763
-0.240363260043125
-0.141099208149827
0.502074164161415
0.978224223868046
0.789231712116416
0.208129235908497
-0.002820713955580
0.000826278803684
-0.012361616229376
-0.028074255860209
0.018979995722614
0.065685135800449
-0.007852394636064
-0.070817078657339
0.006220143033797
0.146693191636175
0.034708343514917
-0.188733737822318
-0.053835064641027
0.524646809171628
1.072837806443949
0.892161930606126
0.238877786175378
0.000826278803686
-0.000172580049056
0.004906624464440
0.010938262785893
-0.007198963731414
-0.024833528826983
0.003155512423703
0.026608052016437
-0.002156152636945
-0.052442684240495
-0.011377944047566
0.061369548299152
0.015535948336819
-0.136335163122466
-0.126802686057371
0.283697467460318
0.825151768577280
0.999827419950940
0.001580710876072
0.008684622445583
0.015923219494246
-0.003567015058715
-0.016753509715148
0.006918795991470
0.037803195281426
0.002707904684458
-0.037642386593257
-0.001403600697598
0.082457094835701
0.036819677126911
-0.112817669504985
-0.061605598613369
0.339469360711771
0.842323129297120
1.001580710876067
