6
-1.000000000000000
-0.765055323929465
-0.285231516480645
0.285231516480645
0.765055323929466
1.000000000000000
16
-1.000000000000000
-0.866666666666667
-0.733333333333333
-0.600000000000000
-0.466666666666667
-0.333333333333333
-0.200000000000000
-0.066666666666667
0.066666666666667
0.200000000000000
0.333333333333333
0.466666666666667
0.600000000000000
0.733333333333333
0.866666666666667
1.000000000000000
0.925848770499011
0.219135023149953
-0.076183091381801
-0.147992025901703
-0.099601580089760
-0.024802009468306
0.035519000000000
0.062490670326945
0.054643932233257
0.023579784232114
-0.014400728857943
-0.038535472485037
-0.036535418064896
-0.008610825141917
0.019403655111293
-0.000110651443616
1.001025115491015
0.272064209876541
-0.048757438453655
-0.130941381887127
-0.095579332648146
-0.021642121219994
0.041344563498822
0.068054791277107
0.059011677839260
0.025362622088626
-0.011320563521330
-0.034152998749272
-0.031974677180013
-0.006573652332467
0.027106734497126
0.014604136849169
-0.001729566191829
0.850609162789168
0.987522767327289
0.759649823190886
0.403707949978089
0.073666832943451
-0.138544103376115
-0.215817798972905
-0.177182199061990
-0.073514410135921
0.033978134155044
0.098074575228970
0.090430286603678
0.019211246568278
-0.072722745226531
-0.038308984339585
0.138801270655692
0.943991429854323
1.028424186380529
0.779299228256955
0.411351728463761
0.091239562653277
-0.119820892919163
-0.198953290128306
-0.166912177967732
-0.069774456387012
0.042157136480467
0.109536231311247
0.101861051093468
0.023562495709207
-0.052802357489230
0.000391901676390
-0.099586325080565
-0.241817896843046
0.073408684299916
0.483060279612671
0.818492531426792
0.986807107775252
0.961831464341293
0.770279647033534
0.478143813563666
0.160347772001304
-0.094515429271126
-0.216889775772946
-0.188500945832075
-0.039828529789125
0.090806113822023
-0.000446979614810
0.000958769943990
-0.179987175353451
0.085369493054928
0.494396536911456
0.842672434315611
1.013144072822040
0.985053335237879
0.784165526261133
0.482668296863029
0.169770720434608
-0.075813641732784
-0.196982339258057
-0.171104747127325
-0.036321857920305
0.122721092544536
0.060642222420963
-0.000446979614810
0.090806113822023
-0.039828529789125
-0.188500945832075
-0.216889775772946
-0.094515429271126
0.160347772001304
0.478143813563666
0.770279647033534
0.961831464341293
0.986807107775252
0.818492531426792
0.483060279612671
0.073408684299916
-0.241817896843046
-0.099586325080565
0.060642222420963
0.122721092544536
-0.036321857920305
-0.171104747127325
-0.196982339258057
-0.075813641732784
0.169770720434608
0.482668296863029
0.784165526261133
0.985053335237879
1.013144072822040
0.842672434315611
0.494396536911456
0.085369493054928
-0.179987175353451
0.000958769943990
-0.038308984339585
-0.072722745226531
0.019211246568278
0.090430286603678
0.098074575228970
0.033978134155044
-0.073514410135921
-0.177182199061990
-0.215817798972905
-0.138544103376115
0.073666832943451
0.403707949978089
0.759649823190886
0.987522767327289
0.850609162789168
-0.001729566191829
0.000391901676390
-0.052802357489230
0.023562495709207
0.101861051093468
0.109536231311247
0.042157136480467
-0.069774456387012
-0.166912177967732
-0.198953290128306
-0.119820892919163
0.091239562653277
0.411351728463761
0.779299228256955
1.028424186380529
0.943991429854323
0.138801270655692
-0.000110651443616
0.019403655111293
-0.008610825141917
-0.036535418064896
-0.038535472485037
-0.014400728857943
0.023579784232114
0.054643932233257
0.062490670326945
0.035519000000000
-0.024802009468306
-0.099601580089760
-0.147992025901703
-0.076183091381801
0.219135023149953
0.925848770499011
0.014604136849169
0.027106734497126
-0.006573652332467
-0.031974677180013
-0.034152998749272
-0.011320563521330
0.025362622088626
0.059011677839260
0.068054791277107
0.041344563498822
-0.021642121219994
-0.095579332648146
-0.130941381887127
-0.048757438453655
0.272064209876541
1.001025115491015
