3
-1.000000000000000
0.000000000000000
1.000000000000000
9
-1.000000000000000
-0.899757995411457
-0.677186279510741
-0.363117463826178
-0.000000000000000
0.363117463826178
0.677186279510739
0.899757995411461
1.000000000000000
0.999862841497117
0.851152627250433
0.558247107000253
0.232129012947812
-0.017648763789248
-0.130988450878366
-0.118939172510487
-0.048605368161022
-0.000137158502858
1.000182633847955
0.854836744311914
0.568011732253153
0.247629940177860
0.000001000000000
-0.115487523648318
-0.109174547257663
-0.044921251057550
0.000182633847957
-0.000364267696290
0.190085506911180
0.541163814664886
0.867858583316608
0.999999000000000
0.867858583316578
0.541163815004864
0.190085506817636
-0.000364267696289
0.000273320985367
0.197451718630398
0.560691101733213
0.898858392202765
1.035296575786520
0.898858392202715
0.560691101733255
0.197451718630369
0.000273320985354
-0.000137158502858
-0.048605368161022
-0.118939172510487
-0.130988450878366
-0.017648763789248
0.232129012947812
0.558247107000253
0.851152627250433
0.999862841497117
0.000182633847957
-0.044921251057550
-0.109174547257663
-0.115487523648318
0.000001000000000
0.247629940177860
0.568011732253153
0.854836744311914
1.000182633847955
