5
-1.000000000000000
-0.654653670707977
0.000000000000000
0.654653670707977
1.000000000000000
3
-1.000000000000000
0.000000000000000
1.000000000000000
0.006297488804358
-0.242720258532437
-0.008479143178651
1.000001695344675
0.027119853388115
0.163758943332960
-0.000003269285167
-0.152642459794226
-0.316964324494834
1.547787458206300
0.220402797884865
0.073980571914696
-0.535703380600909
0.999998999999999
-0.535703382573033
0.000001889576680
1.091105169407013
0.000001889576677
-0.316964324494834
-0.152642459794226
-0.000003269285167
0.073980571914696
0.220402797884865
1.547787458206300
-0.008479143178651
-0.242720258532437
0.006297488804358
0.163758943332960
0.027119853388115
1.000001695344675
