6
-1.000000000000000
-0.765055323929465
-0.285231516480645
0.285231516480645
0.765055323929466
1.000000000000000
8
-1.000000000000000
-0.813055558831992
-0.484453380751733
-0.200215869621897
0.200215869621897
0.484453380751733
0.813055558831992
1.000000000000000
0.921763175500379
-0.059026519935501
-0.183526841325822
0.035445558667903
0.023246701289005
-0.056223392911403
0.003971312749776
-0.000377056903710
1.001667775632290
0.104496200481763
-0.103260541843594
0.075816865057149
0.052528941340399
-0.034933537333147
0.016884037070416
0.032063823225940
-0.002937949588211
0.969681906441711
0.448517441077013
-0.263126644390952
-0.133019980736861
0.100651025216502
-0.044651405477356
-0.085203382255232
0.177798674569468
1.212103808472106
0.529665166835585
-0.119586569397354
-0.068208676084858
0.165418061450390
-0.018817354955766
0.001177629756240
-0.208625110833928
-0.181259666048856
0.781614718043080
0.962020327126462
0.132768232095734
-0.321494029137441
0.050317912908545
-0.001213073179142
0.001344513704477
-0.106770767993946
0.868357535659095
1.101472630922323
0.169669941841167
-0.202138429022448
0.074230185192646
0.139135580042001
-0.001213073179142
0.050317912908545
-0.321494029137441
0.132768232095734
0.962020327126462
0.781614718043080
-0.181259666048856
-0.208625110833928
0.139135580042001
0.074230185192646
-0.202138429022448
0.169669941841167
1.101472630922323
0.868357535659095
-0.106770767993946
0.001344513704477
-0.085203382255232
-0.044651405477356
0.100651025216502
-0.133019980736861
-0.263126644390952
0.448517441077013
0.969681906441711
-0.002937949588211
0.001177629756240
-0.018817354955766
0.165418061450390
-0.068208676084858
-0.119586569397354
0.529665166835585
1.212103808472106
0.177798674569468
-0.000377056903710
0.003971312749776
-0.056223392911403
0.023246701289005
0.035445558667903
-0.183526841325822
-0.059026519935501
0.921763175500379
0.032063823225940
0.016884037070416
-0.034933537333147
0.052528941340399
0.075816865057149
-0.103260541843594
0.104496200481763
1.001667775632290
