4
-1.000000000000000
-0.447213595499958
0.447213595499958
1.000000000000000
13
-1.000000000000000
-0.953309846642136
-0.846347564651927
-0.686188469081722
-0.482909821091345
-0.249286930106240
-0.000000000000000
0.249286930106240
0.482909821091337
0.686188469081757
0.846347564651867
0.953309846642168
1.000000000000000
0.999777499481844
0.861528737628736
0.585329195246525
0.268908004727814
0.011497353891964
-0.124295246340656
-0.135310416039190
-0.067273946723447
0.010707588314473
0.053107744345982
0.049581123587496
0.020649523338295
-0.000070053560118
1.000193814243949
0.865436225140128
0.595822844136831
0.285456889337438
0.030773135393011
-0.107453548320853
-0.124923099270972
-0.064490562621095
0.014378264728723
0.059659018129287
0.054022328193568
0.022938185093041
0.000230902390350
-0.000342279838695
0.178304303934988
0.512841163743714
0.838140086599185
0.996749881667550
0.912568932080443
0.624753970393822
0.252239351644708
-0.057127713996033
-0.196289008855306
-0.172859905219307
-0.069873670339439
-0.000607086279254
0.000465715248148
0.186085523276681
0.532382415444467
0.869128275516268
1.029855404420128
0.939195285637407
0.635558869143624
0.259636223427622
-0.038231885977560
-0.176706000885152
-0.158246412070578
-0.064391333015911
0.000217238552334
-0.000607086279254
-0.069873670339439
-0.172859905219307
-0.196289008855306
-0.057127713996033
0.252239351644708
0.624753970393822
0.912568932080443
0.996749881667550
0.838140086599185
0.512841163743714
0.178304303934988
-0.000342279838695
0.000217238552334
-0.064391333015911
-0.158246412070578
-0.176706000885152
-0.038231885977560
0.259636223427622
0.635558869143624
0.939195285637407
1.029855404420128
0.869128275516268
0.532382415444467
0.186085523276681
0.000465715248148
-0.000070053560118
0.020649523338295
0.049581123587496
0.053107744345982
0.010707588314473
-0.067273946723447
-0.135310416039190
-0.124295246340656
0.011497353891964
0.268908004727814
0.585329195246525
0.861528737628736
0.999777499481844
0.000230902390350
0.022938185093041
0.054022328193568
0.059659018129287
0.014378264728723
-0.064490562621095
-0.124923099270972
-0.107453548320853
0.030773135393011
0.285456889337438
0.595822844136831
0.865436225140128
1.000193814243949
