6
-1.000000000000000
-0.765055323929465
-0.285231516480645
0.285231516480645
0.765055323929466
1.000000000000000
18
-1.000000000000000
-0.924987388120963
-0.842906542848870
-0.748852704693999
-0.634802742013235
-0.504428205763479
-0.366314856433951
-0.218331750926682
-0.076153654449451
0.076153654449451
0.218331750926682
0.366314856433951
0.504428205763479
0.634802742013235
0.748852704693999
0.842906542848870
0.924987388120963
1.000000000000000
0.977546137344396
0.507009689941727
0.171387808982399
-0.046510629722922
-0.142002774048116
-0.119948962779087
-0.042881388810067
0.028913282477402
0.061836022849797
0.053007103394850
0.018310371885440
-0.022675207823191
-0.041089851765222
-0.030872614600500
-0.004126178904962
0.016151672114058
0.020602691375916
-0.000146082427211
1.001058446769930
0.528736702621928
0.190683745379018
-0.026612672499642
-0.125234332093690
-0.112146262085988
-0.039760372108176
0.035030129555710
0.068381694202132
0.058735121746953
0.019710777601153
-0.018809402356121
-0.036281672545596
-0.027093762654245
-0.002598512366749
0.019060910535047
0.024896900472360
0.005606408267038
-0.001944517246135
0.590882122235838
0.915473452825807
0.996078707567941
0.839092293030536
0.509793411702171
0.141358771041552
-0.120472407701539
-0.216572433314357
-0.176624446012609
-0.056790091272181
0.055240340773309
0.103495091242987
0.076385973239060
0.007987143599335
-0.051170079761140
-0.066606092287240
-0.014111997473260
0.042282599790796
0.630700796355474
0.948741590229266
1.027994221191707
0.860403681787048
0.513734767354051
0.162000336169666
-0.098662083408500
-0.197600419847262
-0.161521094728632
-0.053195877981417
0.065765569760531
0.116004252036237
0.085781892306198
0.011296218947903
-0.044034127832232
-0.055835710367803
0.000475173561660
-0.033541371519235
-0.205264814578233
-0.175808328562162
0.029742448773344
0.378477907614524
0.737262601157526
0.963607681878079
0.976191128336402
0.787972302003854
0.455366001415555
0.115567265997037
-0.141808186749295
-0.224465137349005
-0.156766641162317
-0.019658704367823
0.076066346802970
0.094445768655912
-0.000771045101335
0.001276913258338
-0.178851636714149
-0.154351093290815
0.043096422193261
0.386883446027201
0.756917516516931
0.996668062408726
1.005364011503195
0.803775978655430
0.463190159241398
0.130718059868682
-0.119118311724175
-0.203993783567425
-0.142994416139531
-0.015598860363907
0.086738130941286
0.110245859312426
0.021105320418277
-0.000771045101335
0.094445768655912
0.076066346802970
-0.019658704367823
-0.156766641162317
-0.224465137349005
-0.141808186749295
0.115567265997037
0.455366001415555
0.787972302003854
0.976191128336402
0.963607681878079
0.737262601157526
0.378477907614524
0.029742448773344
-0.175808328562162
-0.205264814578233
-0.033541371519235
0.021105320418277
0.110245859312426
0.086738130941286
-0.015598860363907
-0.142994416139531
-0.203993783567425
-0.119118311724175
0.130718059868682
0.463190159241398
0.803775978655430
1.005364011503195
0.996668062408726
0.756917516516931
0.386883446027201
0.043096422193261
-0.154351093290815
-0.178851636714149
0.001276913258338
-0.014111997473260
-0.066606092287240
-0.051170079761140
0.007987143599335
0.076385973239060
0.103495091242987
0.055240340773309
-0.056790091272181
-0.176624446012609
-0.216572433314357
-0.120472407701539
0.141358771041552
0.509793411702171
0.839092293030536
0.996078707567941
0.915473452825807
0.590882122235838
-0.001944517246135
0.000475173561660
-0.055835710367803
-0.044034127832232
0.011296218947903
0.085781892306198
0.116004252036237
0.065765569760531
-0.053195877981417
-0.161521094728632
-0.197600419847262
-0.098662083408500
0.162000336169666
0.513734767354051
0.860403681787048
1.027994221191707
0.948741590229266
0.630700796355474
0.042282599790796
-0.000146082427211
0.020602691375916
0.016151672114058
-0.004126178904962
-0.030872614600500
-0.041089851765222
-0.022675207823191
0.018310371885440
0.053007103394850
0.061836022849797
0.028913282477402
-0.042881388810067
-0.119948962779087
-0.142002774048116
-0.046510629722922
0.171387808982399
0.507009689941727
0.977546137344396
0.005606408267038
0.024896900472360
0.019060910535047
-0.002598512366749
-0.027093762654245
-0.036281672545596
-0.018809402356121
0.019710777601153
0.058735121746953
0.068381694202132
0.035030129555710
-0.039760372108176
-0.112146262085988
-0.125234332093690
-0.026612672499642
0.190683745379018
0.528736702621928
1.001058446769930
