6
-1.000000000000000
-0.765055323929465
-0.285231516480645
0.285231516480645
0.765055323929466
1.000000000000000
8
-1.000000000000000
-0.871740148509605
-0.591700181433143
-0.209299217902479
0.209299217902479
0.591700181433143
0.871740148509605
1.000000000000000
0.993341792773137
0.117853784597756
-0.221716863282400
0.032273102597523
0.012685695151926
-0.066594515738549
0.019942871602304
-0.000037430377471
1.000227228321003
0.291098892877830
-0.131884899428169
0.073819541855215
0.051687231625050
-0.033682495364721
0.024875947119068
0.015148729282429
-0.000409067957779
0.833855561186082
0.740677342767087
-0.268892716680097
-0.122979497036802
0.094372866524408
-0.067522147408322
-0.040596162503860
0.015239901806286
1.137310904508850
0.843037679414189
-0.109406300884483
-0.035888822815447
0.190736941757489
-0.054318601496608
0.000120757800601
-0.028680920765802
-0.337030311887803
0.507551017369325
0.969508665394564
0.039020377878455
-0.352415968195861
0.093064071693431
-0.000184610699944
0.000276429649635
-0.183649489126987
0.673494467797956
1.179870063838828
0.149118383836536
-0.177263804442337
0.117433153264467
0.062969138770426
-0.000184610699944
0.093064071693431
-0.352415968195861
0.039020377878455
0.969508665394564
0.507551017369325
-0.337030311887803
-0.028680920765802
0.062969138770426
0.117433153264467
-0.177263804442337
0.149118383836536
1.179870063838828
0.673494467797956
-0.183649489126987
0.000276429649635
-0.040596162503860
-0.067522147408322
0.094372866524408
-0.122979497036802
-0.268892716680097
0.740677342767087
0.833855561186082
-0.000409067957779
0.000120757800601
-0.054318601496608
0.190736941757489
-0.035888822815447
-0.109406300884483
0.843037679414189
1.137310904508850
0.015239901806286
-0.000037430377471
0.019942871602304
-0.066594515738549
0.012685695151926
0.032273102597523
-0.221716863282400
0.117853784597756
0.993341792773137
0.015148729282429
0.024875947119068
-0.033682495364721
0.051687231625050
0.073819541855215
-0.131884899428169
0.291098892877830
1.000227228321003
