6
-1.000000000000000
-0.765055323929465
-0.285231516480645
0.285231516480645
0.765055323929466
1.000000000000000
10
-1.000000000000000
-0.939692620785908
-0.766044443118978
-0.500000000000000
-0.173648177666930
0.173648177666930
0.500000000000000
0.766044443118978
0.939692620785908
1.000000000000000
0.999843684085302
0.544255734909573
-0.103424999847642
-0.151134045663690
0.043786529129557
0.029761500584856
-0.057748312545359
-0.001701582666024
0.018775372641322
-0.000156315914699
1.000384267973882
0.607759944418731
0.001775377112250
-0.111027511217916
0.075056736191684
0.050743334813787
-0.036841641834979
0.002947082454364
0.034115363596421
0.000384267973882
-0.000568528484255
0.499800282369638
0.999987182227749
0.463650421274000
-0.274553300715872
-0.122685525180014
0.104576870405264
-0.007775889858850
-0.092431057383121
-0.000568528484253
0.000502966869952
0.626474334214801
1.161090800811086
0.521289894307776
-0.145777361190489
-0.085740205176639
0.166656342690505
0.002042943189335
-0.050820816371068
0.000502966869954
-0.000850877127082
-0.283502314228292
-0.054120474077403
0.747722536837086
0.935192464912772
0.162918439783664
-0.329556484835965
0.000313114805591
0.085629478867126
-0.000850877127086
0.000628434680963
-0.161204313926987
-0.002096062304486
0.889955965473569
1.081970511902882
0.228020749124885
-0.204508685013632
0.014346608294554
0.157594160291101
0.000628434680959
-0.000850877127086
0.085629478867126
0.000313114805591
-0.329556484835965
0.162918439783664
0.935192464912772
0.747722536837086
-0.054120474077403
-0.283502314228292
-0.000850877127082
0.000628434680959
0.157594160291101
0.014346608294554
-0.204508685013632
0.228020749124885
1.081970511902882
0.889955965473569
-0.002096062304486
-0.161204313926987
0.000628434680963
-0.000568528484253
-0.092431057383121
-0.007775889858850
0.104576870405264
-0.122685525180014
-0.274553300715872
0.463650421274000
0.999987182227749
0.499800282369638
-0.000568528484255
0.000502966869954
-0.050820816371068
0.002042943189335
0.166656342690505
-0.085740205176639
-0.145777361190489
0.521289894307776
1.161090800811086
0.626474334214801
0.000502966869952
-0.000156315914699
0.018775372641322
-0.001701582666024
-0.057748312545359
0.029761500584856
0.043786529129557
-0.151134045663690
-0.103424999847642
0.544255734909573
0.999843684085302
0.000384267973882
0.034115363596421
0.002947082454364
-0.036841641834979
0.050743334813787
0.075056736191684
-0.111027511217916
0.001775377112250
0.607759944418731
1.000384267973882
