5
-1.000000000000000
-0.654653670707977
0.000000000000000
0.654653670707977
1.000000000000000
15
-1.000000000000000
-0.984183054718588
-0.917598399222978
-0.801578090733310
-0.642349339440340
-0.448492751036447
-0.230458315955135
0.000000000000000
0.230458315955135
0.448492751036447
0.642349339440340
0.801578090733310
0.917598399222978
0.984183054718588
1.000000000000000
0.999885594588299
0.919519827836786
0.622219466058146
0.244539000035438
-0.043351044091941
-0.150273576743207
-0.100035413019469
-0.000055892309741
0.058262519727921
0.049173357619841
0.001979888365262
-0.035001955509762
-0.030949970121494
-0.008542620970183
-0.000114405411702
1.000398091398085
0.923079947756454
0.636764990678542
0.270607693663944
-0.014730394982443
-0.129188948487715
-0.092838744210981
0.005884288271619
0.069210337531825
0.054861492187712
0.003604622217669
-0.029407285673636
-0.026991630490903
-0.006983671051664
0.000398091398084
-0.000601392964229
0.102919842117095
0.465093306449167
0.851587273348794
0.999128255729582
0.806656407464307
0.385530385362581
-0.030873226999318
-0.220768688897858
-0.167649844586842
-0.010054161989467
0.085436965425961
0.077343585625002
0.020251038241082
-0.000601392964226
0.000375369293955
0.109165099279715
0.493363196893654
0.896575856026643
1.047471492723182
0.831531292495669
0.394688952356964
0.000001000000000
-0.188969085200705
-0.150606404655731
-0.004974747377068
0.101279275292124
0.087868505228698
0.024155645701962
0.000375369293958
-0.000739774605098
-0.045503357905629
-0.170595029979652
-0.210530193745457
0.001884699717016
0.423203977790238
0.829143542578530
0.999998999999999
0.829143542578566
0.423203977780857
0.001884701570352
-0.210530195807616
-0.170595028538250
-0.045503358627583
-0.000739774605101
0.000214469807788
-0.039459290387466
-0.152402385586306
-0.178416780089563
0.021873597242394
0.431293733600890
0.865510592710205
1.047422131255086
0.865510592710052
0.431293733601031
0.021873597242399
-0.178416780089564
-0.152402385586308
-0.039459290387469
0.000214469807785
-0.000601392964226
0.020251038241082
0.077343585625002
0.085436965425961
-0.010054161989467
-0.167649844586842
-0.220768688897858
-0.030873226999318
0.385530385362581
0.806656407464307
0.999128255729582
0.851587273348794
0.465093306449167
0.102919842117095
-0.000601392964229
0.000375369293958
0.024155645701962
0.087868505228698
0.101279275292124
-0.004974747377068
-0.150606404655731
-0.188969085200705
0.000001000000000
0.394688952356964
0.831531292495669
1.047471492723182
0.896575856026643
0.493363196893654
0.109165099279715
0.000375369293955
-0.000114405411702
-0.008542620970183
-0.030949970121494
-0.035001955509762
0.001979888365262
0.049173357619841
0.058262519727921
-0.000055892309741
-0.100035413019469
-0.150273576743207
-0.043351044091941
0.244539000035438
0.622219466058146
0.919519827836786
0.999885594588299
0.000398091398084
-0.006983671051664
-0.026991630490903
-0.029407285673636
0.003604622217669
0.054861492187712
0.069210337531825
0.005884288271619
-0.092838744210981
-0.129188948487715
-0.014730394982443
0.270607693663944
0.636764990678542
0.923079947756454
1.000398091398085
