4
-1.000000000000000
-0.447213595499958
0.447213595499958
1.000000000000000
10
-1.000000000000000
-0.919533908166460
-0.738773865105504
-0.477924949810445
-0.165278957666387
0.165278957666387
0.477924949810443
0.738773865105507
0.919533908166457
1.000000000000000
0.999374973570330
0.763494166675517
0.348841530755043
-0.007579537925635
-0.152288885660495
-0.099083127625578
0.009140692933249
0.056454347168146
0.032347528424274
-0.000153362708247
1.000371393555790
0.774759936686620
0.375779182535510
0.026430495446413
-0.125420810925678
-0.089736987232697
0.015548886166492
0.068600614723688
0.037337376551693
0.000795844381812
-0.000694474694797
0.294475360543689
0.752842743011554
0.997213576433510
0.831940668675122
0.377837175372765
-0.066845732082106
-0.218410847790950
-0.118484735573091
-0.001239254003995
0.001304398631292
0.316632075021302
0.802569242869270
1.057480044107710
0.870453308287632
0.385209337486829
-0.032774224464485
-0.185076272715211
-0.101582825654587
0.000476443847252
-0.001239254003995
-0.118484735573091
-0.218410847790950
-0.066845732082106
0.377837175372765
0.831940668675122
0.997213576433510
0.752842743011554
0.294475360543689
-0.000694474694797
0.000476443847252
-0.101582825654587
-0.185076272715211
-0.032774224464485
0.385209337486829
0.870453308287632
1.057480044107710
0.802569242869270
0.316632075021302
0.001304398631292
-0.000153362708247
0.032347528424274
0.056454347168146
0.009140692933249
-0.099083127625578
-0.152288885660495
-0.007579537925635
0.348841530755043
0.763494166675517
0.999374973570330
0.000795844381812
0.037337376551693
0.068600614723688
0.015548886166492
-0.089736987232697
-0.125420810925678
0.026430495446413
0.375779182535510
0.774759936686620
1.000371393555790
