8
-1.000000000000000
-0.871740148509605
-0.591700181433143
-0.209299217902479
0.209299217902479
0.591700181433143
0.871740148509605
1.000000000000000
10
-1.000000000000000
-0.919533908166460
-0.738773865105504
-0.477924949810445
-0.165278957666387
0.165278957666387
0.477924949810443
0.738773865105507
0.919533908166457
1.000000000000000
0.985770287375794
0.008022863062002
-0.203458979256020
0.059147475584951
-0.043117791614554
-0.035627571345204
0.020728229069423
-0.028044026673821
0.009021003015304
-0.000247380999751
1.001384622813515
0.218773807803128
-0.121543585703771
0.100580905887449
-0.012022600948856
0.000224472590039
0.046805459694295
-0.017184956120772
0.012507931051310
0.013129437874171
-0.002450272576198
0.894643906918044
0.473070516430404
-0.379954160009758
0.041371374883677
0.000064636380879
-0.124044146963151
0.046242752241474
-0.031402699203563
-0.032932853344717
0.036312175302171
1.237954630352170
0.652318096947596
-0.190457194033274
0.122589169154189
0.096899838958884
-0.055065137897822
0.074405022607727
-0.023405982666503
0.000717897339063
-0.109164023087775
-0.250759104139866
0.672883932452684
0.838509257605916
-0.268544049906415
-0.141123321055137
0.088799122279604
-0.118019008366019
0.035653070309293
-0.000728278553101
0.001602056142941
-0.165952700034359
0.954584559261962
1.041350184605460
-0.090764079191447
-0.002572133274635
0.204635648137294
-0.073380470133105
0.045267088443884
0.047211435337414
-0.000876865267614
0.084220982940392
-0.430640412829941
0.331471698224824
0.980736611122753
-0.034491411605433
-0.339711390026136
0.114779717623674
-0.065152682452728
-0.066875921270476
0.098847716139815
0.105263729993105
-0.205524438096422
0.529777253185793
1.229624609549840
0.116611092428569
-0.151741284687259
0.199445237863538
-0.052209005807438
0.001343303578991
-0.066875921270476
-0.065152682452728
0.114779717623674
-0.339711390026136
-0.034491411605433
0.980736611122753
0.331471698224824
-0.430640412829941
0.084220982940392
-0.000876865267614
0.001343303578991
-0.052209005807438
0.199445237863538
-0.151741284687259
0.116611092428569
1.229624609549840
0.529777253185793
-0.205524438096422
0.105263729993105
0.098847716139815
-0.000728278553101
0.035653070309293
-0.118019008366019
0.088799122279604
-0.141123321055137
-0.268544049906415
0.838509257605916
0.672883932452684
-0.250759104139866
-0.109164023087775
0.047211435337414
0.045267088443884
-0.073380470133105
0.204635648137294
-0.002572133274635
-0.090764079191447
1.041350184605460
0.954584559261962
-0.165952700034359
0.001602056142941
-0.032932853344717
-0.031402699203563
0.046242752241474
-0.124044146963151
0.000064636380879
0.041371374883677
-0.379954160009758
0.473070516430404
0.894643906918044
-0.002450272576198
0.000717897339063
-0.023405982666503
0.074405022607727
-0.055065137897822
0.096899838958884
0.122589169154189
-0.190457194033274
0.652318096947596
1.237954630352170
0.036312175302171
-0.000247380999751
0.009021003015304
-0.028044026673821
0.020728229069423
-0.035627571345204
-0.043117791614554
0.059147475584951
-0.203458979256020
0.008022863062002
0.985770287375794
0.013129437874171
0.012507931051310
-0.017184956120772
0.046805459694295
0.000224472590039
-0.012022600948856
0.100580905887449
-0.121543585703771
0.218773807803128
1.001384622813515
