3
-1.000000000000000
0.000000000000000
1.000000000000000
13
-1.000000000000000
-0.833333333333333
-0.666666666666667
-0.500000000000000
-0.333333333333333
-0.166666666666667
0.000000000000000
0.166666666666667
0.333333333333333
0.500000000000000
0.666666666666667
0.833333333333333
1.000000000000000
0.996547600648248
0.760394781169751
0.552102157202095
0.371505892280244
0.218769822872361
0.093728114501847
-0.003453398352462
-0.072938552164897
-0.114563510460579
-0.128494107720453
-0.114564509463574
-0.072938552164742
-0.003452399349626
1.000084164735732
0.763931345249580
0.555556555555556
0.375042456360691
0.222306386957955
0.097264678582913
0.000001000000000
-0.069401988083754
-0.111026946375378
-0.124957543639309
-0.111110111111111
-0.069401988067723
0.000084164735732
-0.000167331845118
0.305471640282169
0.555554553172433
0.749916084983704
0.888721557043770
0.972138304958561
0.999999000000000
0.972138304958561
0.888721557043770
0.749916082862620
0.555554553193441
0.305471640467766
-0.000167331845118
0.006903798696039
0.312542770998772
0.562461352260316
0.756987215440224
0.895792687590343
0.979209437663050
1.006905796704160
0.979209437663049
0.895792687589744
0.756987215440827
0.562461352259716
0.312542770996383
0.006903798699680
-0.003452399349626
-0.072938552164742
-0.114564509463574
-0.128494107720453
-0.114563510460579
-0.072938552164897
-0.003453398352462
0.093728114501847
0.218769822872361
0.371505892280244
0.552102157202095
0.760394781169751
0.996547600648248
0.000084164735732
-0.069401988067723
-0.111110111111111
-0.124957543639309
-0.111026946375378
-0.069401988083754
0.000001000000000
0.097264678582913
0.222306386957955
0.375042456360691
0.555556555555556
0.763931345249580
1.000084164735732
