5
-1.000000000000000
-0.654653670707977
0.000000000000000
0.654653670707977
1.000000000000000
11
-1.000000000000000
-0.800000000000000
-0.600000000000000
-0.400000000000000
-0.200000000000000
0.000000000000000
0.200000000000000
0.400000000000000
0.600000000000000
0.800000000000000
1.000000000000000
0.927625321839741
0.213346613624209
-0.086568721248042
-0.148282533817166
-0.084487425618860
-0.000053222644183
0.054399000000000
0.056378339494982
0.014312537441963
-0.040079908001393
-0.020436845623804
1.000203249462954
0.266427904596830
-0.057599000000000
-0.131528041186730
-0.081426436950430
0.004445200588629
0.061979915858357
0.062861907244182
0.016008031022575
-0.029419565528624
0.000203249462954
-0.000301504671586
0.855335358376289
0.983635544116637
0.723297589037509
0.326453963519163
-0.022823041765464
-0.201994110676440
-0.193986694137633
-0.045251143157298
0.085229583212048
-0.000301504671584
0.136265061849340
0.950607376578265
1.027494706899830
0.742180083027043
0.335269766991620
0.000035124461692
-0.178223238917527
-0.174557427861484
-0.042467036588482
0.115963472780279
0.056688573158602
-0.098414967549261
-0.241563813190637
0.088854669746373
0.525913262091002
0.870239497307337
0.999998999999999
0.870239497307337
0.525913262091833
0.088854669757213
-0.241563813209486
-0.098414967527964
0.000170101903534
-0.177598999999999
0.102492367068847
0.538257407456129
0.900933119205074
1.033208245715547
0.900933119205074
0.538257407456300
0.102492367068907
-0.177599000000000
0.000170101903531
-0.000301504671584
0.085229583212048
-0.045251143157298
-0.193986694137633
-0.201994110676440
-0.022823041765464
0.326453963519163
0.723297589037509
0.983635544116637
0.855335358376289
-0.000301504671586
0.056688573158602
0.115963472780279
-0.042467036588482
-0.174557427861484
-0.178223238917527
0.000035124461692
0.335269766991620
0.742180083027043
1.027494706899830
0.950607376578265
0.136265061849340
-0.020436845623804
-0.040079908001393
0.014312537441963
0.056378339494982
0.054399000000000
-0.000053222644183
-0.084487425618860
-0.148282533817166
-0.086568721248042
0.213346613624209
0.927625321839741
0.000203249462954
-0.029419565528624
0.016008031022575
0.062861907244182
0.061979915858357
0.004445200588629
-0.081426436950430
-0.131528041186730
-0.057599000000000
0.266427904596830
1.000203249462954
