8
-1.000000000000000
-0.871740148509605
-0.591700181433143
-0.209299217902479
0.209299217902479
0.591700181433143
0.871740148509605
1.000000000000000
8
-1.000000000000000
-0.900968867902419
-0.623489801858734
-0.222520933956314
0.222520933956314
0.623489801858733
0.900968867902419
1.000000000000000
0.980477570177879
-0.190422311880051
-0.075027126065209
-0.033162276620722
-0.047286671998509
-0.012082149419872
-0.029910747015242
-0.000007363857455
1.003790788618728
0.117030573433087
0.060354734294068
0.076772179431417
0.023963514675449
0.040119786509590
0.010072076227290
0.025839912965281
-0.006613349982341
0.963103069429682
-0.235417304049937
-0.178533228057139
-0.062257844796130
-0.101292709388927
-0.022976206650724
-0.063948453375702
0.117709523974389
1.285553527448780
0.099143985882386
0.098936332082385
0.124516140556301
0.031838913539120
0.078615716569582
0.000114970468682
-0.274883196481206
-0.146248071947912
0.985110064129297
-0.235415835640594
-0.177850561482914
-0.050295314299374
-0.119967036885693
-0.000419617498160
0.002026192124084
-0.115814246855464
1.325015830154650
0.034065116588134
0.108167093815705
0.133749719070995
0.026761050978308
0.088264419205576
-0.001952345718038
-0.188283941595093
-0.222439826834383
0.998288485024216
-0.243336899334259
-0.168570795303831
-0.038546888253091
-0.128157963516674
0.182916059452662
0.062653398339947
-0.082543580699794
1.301234871044125
-0.030565197648961
0.095962320470857
0.150270452463243
0.000977796204307
-0.128157963516674
-0.038546888253091
-0.168570795303831
-0.243336899334259
0.998288485024216
-0.222439826834383
-0.188283941595093
-0.001952345718038
0.000977796204307
0.150270452463243
0.095962320470857
-0.030565197648961
1.301234871044125
-0.082543580699794
0.062653398339947
0.182916059452662
-0.000419617498160
-0.119967036885693
-0.050295314299374
-0.177850561482914
-0.235415835640594
0.985110064129297
-0.146248071947912
-0.274883196481206
0.088264419205576
0.026761050978308
0.133749719070995
0.108167093815705
0.034065116588134
1.325015830154650
-0.115814246855464
0.002026192124084
-0.063948453375702
-0.022976206650724
-0.101292709388927
-0.062257844796130
-0.178533228057139
-0.235417304049937
0.963103069429682
-0.006613349982341
0.000114970468682
0.078615716569582
0.031838913539120
0.124516140556301
0.098936332082385
0.099143985882386
1.285553527448780
0.117709523974389
-0.000007363857455
-0.029910747015242
-0.012082149419872
-0.047286671998509
-0.033162276620722
-0.075027126065209
-0.190422311880051
0.980477570177879
0.025839912965281
0.010072076227290
0.040119786509590
0.023963514675449
0.076772179431417
0.060354734294068
0.117030573433087
1.003790788618728
