3
-1.000000000000000
0.000000000000000
1.000000000000000
6
-1.000000000000000
-0.861136311594053
-0.339981043584856
0.339981043584856
0.861136311594053
1.000000000000000
0.999998498998498
0.784932272127618
0.169989521795303
-0.169991521795303
-0.076204039463635
-0.000001501001502
1.000218961386894
0.801514614463669
0.227785076790952
-0.112195966793904
-0.059621697061736
0.000218961386894
-0.000436922773789
0.258108082912933
0.884411890002952
0.884411890002952
0.258108082912933
-0.000436922773789
0.000002002003004
0.291270767336216
1.000000999999987
1.000001000000013
0.291270767336202
0.000002002003004
-0.000001501001502
-0.076204039463635
-0.169991521795303
0.169989521795303
0.784932272127618
0.999998498998498
0.000218961386894
-0.059621697061736
-0.112195966793904
0.227785076790952
0.801514614463669
1.000218961386894
