8
-1.000000000000000
-0.871740148509605
-0.591700181433143
-0.209299217902479
0.209299217902479
0.591700181433143
0.871740148509605
1.000000000000000
4
-1.000000000000000
-0.447213595499958
0.447213595499958
1.000000000000000
-0.164152493450732
-0.087492676135759
0.007169764015661
-0.045728096963251
1.000001539353460
0.065194091300700
0.024902878383964
0.010003978346446
-0.000002505142316
-0.204052256235791
-0.065679211294917
-0.025917042556100
1.330314872485732
0.070162180963849
0.155581194643007
0.000004188637956
-0.216810479348745
0.013534611011101
-0.494271320980863
-0.000008879479630
0.728064603673508
1.107186652740253
0.104713247006992
0.038460610413650
-0.915766238954609
0.306086728213577
-0.267853417886004
-0.045976523574754
0.017442928743850
1.350044812222147
0.198198808926836
0.042784573226420
-0.045976523574754
-0.267853417886004
0.306086728213577
-0.915766238954609
0.042784573226420
0.198198808926836
1.350044812222147
0.017442928743850
-0.000008879479630
-0.494271320980863
0.013534611011101
-0.216810479348745
0.038460610413650
0.104713247006992
1.107186652740253
0.728064603673508
-0.025917042556100
-0.065679211294917
-0.204052256235791
-0.000002505142316
0.000004188637956
0.155581194643007
0.070162180963849
1.330314872485732
-0.045728096963251
0.007169764015661
-0.087492676135759
-0.164152493450732
0.010003978346446
0.024902878383964
0.065194091300700
1.000001539353460
