3
-1.000000000000000
0.000000000000000
1.000000000000000
8
-1.000000000000000
-0.900968867902419
-0.623489801858734
-0.222520933956314
0.222520933956314
0.623489801858733
0.900968867902419
1.000000000000000
0.999998498998436
0.851451956295880
0.490191080223601
0.111259466968239
-0.111261466968239
-0.133298721651173
-0.049516911598341
-0.000001501001564
1.000141765529564
0.856452450231347
0.506237888886806
0.136019250002557
-0.086501683953762
-0.117251912966243
-0.044516417675202
0.000141765529563
-0.000282531059102
0.188064967457856
0.611015024098894
0.950483433951209
0.950483433951108
0.611015024098919
0.188064967405050
-0.000282531059102
0.000002002003004
0.198063955299500
0.643106641466495
1.000000999999999
1.000001000000001
0.643106641466494
0.198063955280901
0.000002002003004
-0.000001501001564
-0.049516911598341
-0.133298721651173
-0.111261466968239
0.111259466968239
0.490191080223601
0.851451956295880
0.999998498998436
0.000141765529563
-0.044516417675202
-0.117251912966243
-0.086501683953762
0.136019250002557
0.506237888886806
0.856452450231347
1.000141765529564
