7
-1.000000000000000
-0.830223896278567
-0.468848793470714
0.000000000000000
0.468848793470714
0.830223896278567
1.000000000000000
10
-1.000000000000000
-0.939692620785908
-0.766044443118978
-0.500000000000000
-0.173648177666930
0.173648177666930
0.500000000000000
0.766044443118978
0.939692620785908
1.000000000000000
0.999953588648019
0.337340644930383
-0.211336700371662
-0.020511315359944
0.052544670474172
-0.056934068324335
0.000380564792358
0.013897088119199
-0.024038367816557
-0.000710056916116
1.000434973495245
0.483062059193159
-0.104864239085639
0.017261099938667
0.097657109195642
-0.036708315714840
0.017189890239799
0.034108639435863
-0.014634529588737
0.000434973495243
-0.000791402896273
0.641645087339654
0.921743632368425
-0.091406532548202
-0.278910966041624
0.103922840669342
-0.046377727956114
-0.090932103642931
0.039027278606708
-0.000791402896275
0.000936200329895
0.926617738656491
1.053527652561851
0.074868609829246
-0.158612240655579
0.160575549083202
-0.002682774003789
-0.036253688058195
0.064837056232771
0.002523386294442
-0.001234973572834
-0.378584557433411
0.220005765358122
0.991145764856405
0.371858065496759
-0.376977532653168
0.030771692221037
0.058778394912302
-0.103990157509691
-0.003039665977389
0.000818408619143
-0.186037042213940
0.289038650811223
1.229482825819883
0.499986752228664
-0.203502110861462
0.079458081672562
0.147334200565277
-0.061665018788656
0.000818408619137
-0.001032300775839
0.098493823106599
-0.229977958219034
-0.185279267971091
0.800198706908518
0.800198706908517
-0.185279267569321
-0.229977958641831
0.098493823106601
-0.001032300775836
0.001433098062866
0.175870661465230
-0.102053869793101
-0.065623999999998
1.000658110623429
1.000658110623414
-0.065623999999996
-0.102053869849823
0.175870661484451
0.001433096378357
-0.003039665977389
-0.103990157509691
0.058778394912302
0.030771692221037
-0.376977532653168
0.371858065496759
0.991145764856405
0.220005765358122
-0.378584557433411
-0.001234973572834
0.000818408619137
-0.061665018788656
0.147334200565277
0.079458081672562
-0.203502110861462
0.499986752228664
1.229482825819883
0.289038650811223
-0.186037042213940
0.000818408619143
-0.000791402896275
0.039027278606708
-0.090932103642931
-0.046377727956114
0.103922840669342
-0.278910966041624
-0.091406532548202
0.921743632368425
0.641645087339654
-0.000791402896273
0.002523386294442
0.064837056232771
-0.036253688058195
-0.002682774003789
0.160575549083202
-0.158612240655579
0.074868609829246
1.053527652561851
0.926617738656491
0.000936200329895
-0.000710056916116
-0.024038367816557
0.013897088119199
0.000380564792358
-0.056934068324335
0.052544670474172
-0.020511315359944
-0.211336700371662
0.337340644930383
0.999953588648019
0.000434973495243
-0.014634529588737
0.034108639435863
0.017189890239799
-0.036708315714840
0.097657109195642
0.017261099938667
-0.104864239085639
0.483062059193159
1.000434973495245
