8
-1.000000000000000
-0.871740148509605
-0.591700181433143
-0.209299217902479
0.209299217902479
0.591700181433143
0.871740148509605
1.000000000000000
12
-1.000000000000000
-0.818181818181818
-0.636363636363636
-0.454545454545455
-0.272727272727273
-0.090909090909091
0.090909090909091
0.272727272727273
0.454545454545455
0.636363636363636
0.818181818181818
1.000000000000000
0.597871546065063
-0.285527460102539
-0.038656543851268
0.063016869551203
0.023709328150506
-0.045357390657205
-0.033762274894957
0.013811696920231
0.023401717983266
-0.019198997782621
-0.018431407356410
-0.000351652265049
1.000556248651103
-0.110178666407193
-0.027927439380988
0.094733300620354
0.025279921420929
-0.032862585662288
-0.027282470012487
0.021061824840749
0.031638227080116
-0.008044990640793
-0.008969066124312
0.025337965037230
-0.000557942895623
0.908504109290373
0.070369828550730
-0.288256545625872
-0.073253025125883
0.093953466912290
0.076067067996045
-0.056089132726793
-0.083334818166171
0.022114989696716
0.024202583986892
-0.065046593331361
0.707969930113180
1.178754522178054
0.144713222302640
-0.199883513836102
-0.067398155407292
0.129464749513702
0.091932790951206
-0.036981126367259
-0.061991303078409
0.050928217383905
0.048513137463115
0.001276945347962
-0.459054119774113
0.167366954809176
0.970363058938224
0.773454576737691
0.132239266841919
-0.257963416378427
-0.157890383043811
0.062692552995864
0.100256725009320
-0.079228655756471
-0.073741447256623
-0.001760257494858
0.000229444707088
0.303043226905451
1.156461559684903
0.806492419130238
0.173714967321164
-0.187325230980052
-0.137249117115405
0.094665102474733
0.133357015990584
-0.035216807516628
-0.037123145671958
0.097606794218177
-0.000778071592562
-0.177327117924764
-0.243752568916270
0.475829453951980
0.960597985051909
0.870851299103582
0.331097072073612
-0.199484576410684
-0.220376301231912
0.055866726370708
0.055527094476046
-0.146082576038013
0.235867576964434
-0.090599907976574
-0.111589855453913
0.501888748360235
1.053748320357072
0.934352395120975
0.344806564799914
-0.126170763185390
-0.175716773766433
0.124042683640393
0.109248297943991
0.000935930251026
-0.146082576038013
0.055527094476046
0.055866726370708
-0.220376301231912
-0.199484576410684
0.331097072073612
0.870851299103582
0.960597985051909
0.475829453951980
-0.243752568916270
-0.177327117924764
-0.000778071592562
0.000935930251026
0.109248297943991
0.124042683640393
-0.175716773766433
-0.126170763185390
0.344806564799914
0.934352395120975
1.053748320357072
0.501888748360235
-0.111589855453913
-0.090599907976574
0.235867576964434
-0.001760257494858
-0.073741447256623
-0.079228655756471
0.100256725009320
0.062692552995864
-0.157890383043811
-0.257963416378427
0.132239266841919
0.773454576737691
0.970363058938224
0.167366954809176
-0.459054119774113
0.097606794218177
-0.037123145671958
-0.035216807516628
0.133357015990584
0.094665102474733
-0.137249117115405
-0.187325230980052
0.173714967321164
0.806492419130238
1.156461559684903
0.303043226905451
0.000229444707088
-0.065046593331361
0.024202583986892
0.022114989696716
-0.083334818166171
-0.056089132726793
0.076067067996045
0.093953466912290
-0.073253025125883
-0.288256545625872
0.070369828550730
0.908504109290373
-0.000557942895623
0.001276945347962
0.048513137463115
0.050928217383905
-0.061991303078409
-0.036981126367259
0.091932790951206
0.129464749513702
-0.067398155407292
-0.199883513836102
0.144713222302640
1.178754522178054
0.707969930113180
-0.000351652265049
-0.018431407356410
-0.019198997782621
0.023401717983266
0.013811696920231
-0.033762274894957
-0.045357390657205
0.023709328150506
0.063016869551203
-0.038656543851268
-0.285527460102539
0.597871546065063
0.025337965037230
-0.008969066124312
-0.008044990640793
0.031638227080116
0.021061824840749
-0.027282470012487
-0.032862585662288
0.025279921420929
0.094733300620354
-0.027927439380988
-0.110178666407193
1.000556248651103
