5
-1.000000000000000
-0.654653670707977
0.000000000000000
0.654653670707977
1.000000000000000
5
-1.000000000000000
-0.707106781186548
-0.000000000000000
0.707106781186547
1.000000000000000
0.959718080808136
-0.189863754945095
-0.064540705756223
-0.013973035209400
-0.068621141571077
1.000909996947788
0.075445173824159
0.042376814534822
0.094975655487190
0.000909996947787
-0.001616973519923
0.982969675925573
-0.194674554528543
-0.206110955813177
-0.001616973519921
0.166430680292193
1.279804466208510
0.000001000000000
0.043348135461771
0.188264660422154
-0.308449182764147
-0.119673754112943
0.999998999999999
-0.119673722066939
-0.308449261592413
0.000002676671587
-0.056962222022048
1.296826376559621
-0.056962222097910
0.000002676671585
-0.001616973519921
-0.206110955813177
-0.194674554528543
0.982969675925573
-0.001616973519923
0.188264660422154
0.043348135461771
0.000001000000000
1.279804466208510
0.166430680292193
-0.068621141571077
-0.013973035209400
-0.064540705756223
-0.189863754945095
0.959718080808136
0.000909996947787
0.094975655487190
0.042376814534822
0.075445173824159
1.000909996947788
