7
-1.000000000000000
-0.830223896278567
-0.468848793470714
0.000000000000000
0.468848793470714
0.830223896278567
1.000000000000000
18
-1.000000000000000
-0.976105557422073
-0.920649185323714
-0.835593535240203
-0.723679329272682
-0.588504834321388
-0.434415036911771
-0.266362652878298
-0.089749093484652
0.089749093484652
0.266362652878281
0.434415036912113
0.588504834318751
0.723679329282940
0.835593535218656
0.920649185346972
0.976105557412419
1.000000000000000
0.999212327791452
0.755094669730767
0.330668807205805
-0.024723754901049
-0.156564953748317
-0.089596608871718
0.019978211395508
0.064038525397902
0.028897856517762
-0.030623438053097
-0.044489400344765
-0.008566316981192
0.021536815876897
0.020543464334417
-0.002122461279661
-0.018341005644027
-0.011136695156885
-0.000320665238069
1.001278750149783
0.769462904593666
0.362482019708113
0.014455318220238
-0.128207268811817
-0.082426993494307
0.031751012912277
0.078179084796650
0.032508912034963
-0.023088615368406
-0.035911298356208
-0.006251617445777
0.027664508152878
0.025676294361979
0.000059762061859
-0.013781290670978
-0.008035887998129
0.001278750149780
-0.002189495870272
0.301633139081164
0.766936332117700
0.997747838414972
0.807277039461792
0.321730593979825
-0.117210705579097
-0.237564700334350
-0.094417358119648
0.067423660542213
0.101353400052790
0.018191714514859
-0.073775177175967
-0.067091597738965
0.001050665522380
0.037643882725839
0.022379671805365
-0.002189495870274
0.001665551372034
0.330251931263784
0.821586812885645
1.063914576269926
0.838372317860751
0.344004277098426
-0.068935651846789
-0.200587096262896
-0.085297559866318
0.089736645091611
0.122454603853997
0.023911873466688
-0.057809448943126
-0.054599980849669
0.006002698765434
0.048948295226198
0.029646042951161
0.001207851964712
-0.002461080975540
-0.125694078504666
-0.233273822576829
-0.044267539467836
0.421504830329513
0.866265044187938
0.989587628010852
0.697869609672551
0.186868012441653
-0.190157257353749
-0.222205776464309
-0.039940082465510
0.097283905761103
0.089196447583814
-0.009593355322775
-0.076753638987441
-0.045876114095645
-0.001596850464029
0.001292666189091
-0.107952579224329
-0.191695222555632
-0.017294087363568
0.438081177078188
0.918943035839477
1.050564032459896
0.725275734360850
0.211304973659477
-0.142026927203742
-0.191520014833776
-0.032540267890451
0.122155449257596
0.105843994433444
-0.003892527887376
-0.061397034067722
-0.037063761182883
0.001292666189084
-0.000803603922386
0.059536750056296
0.099771498989064
0.007839137408090
-0.179903601507924
-0.233367182564160
0.057078192682902
0.563787370085101
0.944428758055410
0.944428758055410
0.563787370085468
0.057078192621124
-0.233367182489125
-0.179903601556888
0.007839137384803
0.099771499014205
0.059536750063206
-0.000803603922383
0.001749572483560
0.070576769644428
0.122744408219847
0.016023689778256
-0.157267230262881
-0.187180259976787
0.083867836152115
0.584229553246456
1.000902477994549
1.000902477994547
0.584229553246496
0.083867836151096
-0.187180259972145
-0.157267230247017
0.016023689813161
0.122744408165789
0.070576769672020
0.001749572483659
-0.001596850464029
-0.045876114095645
-0.076753638987441
-0.009593355322775
0.089196447583814
0.097283905761103
-0.039940082465510
-0.222205776464309
-0.190157257353749
0.186868012441653
0.697869609672551
0.989587628010852
0.866265044187938
0.421504830329513
-0.044267539467836
-0.233273822576829
-0.125694078504666
-0.002461080975540
0.001292666189084
-0.037063761182883
-0.061397034067722
-0.003892527887376
0.105843994433444
0.122155449257596
-0.032540267890451
-0.191520014833776
-0.142026927203742
0.211304973659477
0.725275734360850
1.050564032459896
0.918943035839477
0.438081177078188
-0.017294087363568
-0.191695222555632
-0.107952579224329
0.001292666189091
-0.002189495870274
0.022379671805365
0.037643882725839
0.001050665522380
-0.067091597738965
-0.073775177175967
0.018191714514859
0.101353400052790
0.067423660542213
-0.094417358119648
-0.237564700334350
-0.117210705579097
0.321730593979825
0.807277039461792
0.997747838414972
0.766936332117700
0.301633139081164
-0.002189495870272
0.001207851964712
0.029646042951161
0.048948295226198
0.006002698765434
-0.054599980849669
-0.057809448943126
0.023911873466688
0.122454603853997
0.089736645091611
-0.085297559866318
-0.200587096262896
-0.068935651846789
0.344004277098426
0.838372317860751
1.063914576269926
0.821586812885645
0.330251931263784
0.001665551372034
-0.000320665238069
-0.011136695156885
-0.018341005644027
-0.002122461279661
0.020543464334417
0.021536815876897
-0.008566316981192
-0.044489400344765
-0.030623438053097
0.028897856517762
0.064038525397902
0.019978211395508
-0.089596608871718
-0.156564953748317
-0.024723754901049
0.330668807205805
0.755094669730767
0.999212327791452
0.001278750149780
-0.008035887998129
-0.013781290670978
0.000059762061859
0.025676294361979
0.027664508152878
-0.006251617445777
-0.035911298356208
-0.023088615368406
0.032508912034963
0.078179084796650
0.031751012912277
-0.082426993494307
-0.128207268811817
0.014455318220238
0.362482019708113
0.769462904593666
1.001278750149783
