6
-1.000000000000000
-0.765055323929465
-0.285231516480645
0.285231516480645
0.765055323929466
1.000000000000000
18
-1.000000000000000
-0.989400934991650
-0.944575023073233
-0.865631202387832
-0.755404408355003
-0.617876244402644
-0.458016777657227
-0.281603550779259
-0.095012509837637
0.095012509837637
0.281603550779259
0.458016777657227
0.617876244402644
0.755404408355003
0.865631202387832
0.944575023073233
0.989400934991650
1.000000000000000
0.999899942567024
0.919048181237316
0.620313825670253
0.241396587509497
-0.045839839911732
-0.151000679269154
-0.098543101267319
0.001704546403767
0.059821497316272
0.049415763229864
-0.001132119799772
-0.040395045279256
-0.034578893863780
-0.002624995409158
0.019249402558357
0.018102714606182
0.004843647347893
-0.000238253311558
1.002114042559587
0.922933266603942
0.635166465103331
0.268695760746781
-0.016198757111823
-0.129273662053780
-0.091655918856667
0.008729586002496
0.071530749830681
0.055140746009147
0.001649058051828
-0.033690340453815
-0.030024370850296
-0.001160442032492
0.023212248093562
0.021213951605362
0.006305300359602
0.000672871068789
-0.003398000614229
0.102952679320860
0.467243813515963
0.853093175595889
0.998222844203919
0.802103661036938
0.375840279366463
-0.040235740722926
-0.226160338767935
-0.166284404769510
-0.004052367572749
0.096396770706977
0.084351928185773
0.003651961335668
-0.062727666150557
-0.056806524210499
-0.016428783311114
-0.001214809066469
0.000269205271332
0.109817783198625
0.495861787669209
0.899594084334817
1.047116508731130
0.826202384711046
0.388277072024737
-0.006152098040201
-0.192572331858883
-0.149936600049143
0.004263004719279
0.114999761471692
0.095915581981990
0.007054146340986
-0.052476555928343
-0.049062031956539
-0.013083108158715
0.000578408422710
-0.000530197378519
-0.046104000572210
-0.172272627784735
-0.211594415923512
0.006420358304060
0.429889297680769
0.835146646694148
0.999692277532157
0.821768010339127
0.407690235206051
-0.021869256994680
-0.227207297401821
-0.176998741122851
-0.011696819734251
0.089960471632531
0.082502860980441
0.021743902797546
-0.001453503626792
0.002466304718374
-0.039478575990500
-0.154033274525747
-0.178601706881581
0.025379780856599
0.440932101567606
0.874050846462085
1.048584532898626
0.855235675651360
0.414328183980587
0.007092485970141
-0.193723505750656
-0.157819736340425
-0.006800288998735
0.106899789476621
0.093840761389385
0.026233630576439
0.000823535261472
-0.001453503626792
0.021743902797546
0.082502860980441
0.089960471632531
-0.011696819734251
-0.176998741122851
-0.227207297401821
-0.021869256994680
0.407690235206051
0.821768010339127
0.999692277532157
0.835146646694148
0.429889297680769
0.006420358304060
-0.211594415923512
-0.172272627784735
-0.046104000572210
-0.000530197378519
0.000823535261472
0.026233630576439
0.093840761389385
0.106899789476621
-0.006800288998735
-0.157819736340425
-0.193723505750656
0.007092485970141
0.414328183980587
0.855235675651360
1.048584532898626
0.874050846462085
0.440932101567606
0.025379780856599
-0.178601706881581
-0.154033274525747
-0.039478575990500
0.002466304718374
-0.001214809066469
-0.016428783311114
-0.056806524210499
-0.062727666150557
0.003651961335668
0.084351928185773
0.096396770706977
-0.004052367572749
-0.166284404769510
-0.226160338767935
-0.040235740722926
0.375840279366463
0.802103661036938
0.998222844203919
0.853093175595889
0.467243813515963
0.102952679320860
-0.003398000614229
0.000578408422710
-0.013083108158715
-0.049062031956539
-0.052476555928343
0.007054146340986
0.095915581981990
0.114999761471692
0.004263004719279
-0.149936600049143
-0.192572331858883
-0.006152098040201
0.388277072024737
0.826202384711046
1.047116508731130
0.899594084334817
0.495861787669209
0.109817783198625
0.000269205271332
-0.000238253311558
0.004843647347893
0.018102714606182
0.019249402558357
-0.002624995409158
-0.034578893863780
-0.040395045279256
-0.001132119799772
0.049415763229864
0.059821497316272
0.001704546403767
-0.098543101267319
-0.151000679269154
-0.045839839911732
0.241396587509497
0.620313825670253
0.919048181237316
0.999899942567024
0.000672871068789
0.006305300359602
0.021213951605362
0.023212248093562
-0.001160442032492
-0.030024370850296
-0.033690340453815
0.001649058051828
0.055140746009147
0.071530749830681
0.008729586002496
-0.091655918856667
-0.129273662053780
-0.016198757111823
0.268695760746781
0.635166465103331
0.922933266603942
1.002114042559587
