4
-1.000000000000000
-0.447213595499958
0.447213595499958
1.000000000000000
4
-1.000000000000000
-0.333333333333333
0.333333333333333
1.000000000000000
0.740397343278285
-0.232931992915718
-0.041987514408666
-0.000002837295656
1.000001472040507
-0.074072602033568
-0.017209897167378
0.126102917730121
-0.000002131673455
0.969640086382061
0.020584494340594
-0.373257092787936
0.515865452815013
1.222308610741207
0.141471815963343
0.000002922907747
-0.373257092787936
0.020584494340594
0.969640086382061
-0.000002131673455
0.000002922907747
0.141471815963343
1.222308610741207
0.515865452815013
-0.000002837295656
-0.041987514408666
-0.232931992915718
0.740397343278285
0.126102917730121
-0.017209897167378
-0.074072602033568
1.000001472040507
