6
-1.000000000000000
-0.765055323929465
-0.285231516480645
0.285231516480645
0.765055323929466
1.000000000000000
13
-1.000000000000000
-0.978228658146057
-0.887062599768095
-0.730152005574049
-0.519096129206812
-0.269543155952345
0.000000000000000
0.269543155952345
0.519096129206812
0.730152005574049
0.887062599768095
0.978228658146057
1.000000000000000
0.999828986951859
0.830545629502389
0.300352831090257
-0.115447000571513
-0.143070769966271
0.007334302331280
0.062499000000000
-0.000363324612780
-0.051068548458351
-0.010286569104226
0.021058497638128
0.009183484116054
-0.000171013048142
1.001014636273555
0.845507755645848
0.352228769214149
-0.052939316837689
-0.117717153746569
0.024900082956696
0.083970523183347
0.005287839756309
-0.036547298620815
-0.006948860041965
0.029185687831661
0.013224606897431
0.001014636273555
-0.001831921099101
0.204370951228437
0.776853796277778
0.984961252688075
0.544675969348561
-0.103474671747890
-0.249812106152832
-0.014320781253497
0.104036133844507
0.019896765957597
-0.078897440256565
-0.034520869637617
-0.001831921099097
0.000476525270067
0.231558786152779
0.872306433815880
1.079763795844328
0.564214473403368
-0.025905876290736
-0.194647642353841
0.002674224569874
0.144498358810495
0.027286694067722
-0.057297652004626
-0.024815450277037
0.000476525270070
-0.000678821592797
-0.092712721089200
-0.262624448218791
0.063662896841342
0.702306145129543
0.998314206923098
0.631691578394017
-0.025861322953424
-0.275579376094827
-0.044549332926739
0.097894222175923
0.041571254282697
-0.000678821592801
0.001241182043489
-0.075767407148926
-0.190687045454275
0.094768467788756
0.766009158208943
1.106642979191858
0.670859258233268
0.029336309018726
-0.203382583275667
-0.035886139189172
0.134572279970311
0.054288915554112
0.001241182043485
-0.000678821592801
0.041571254282697
0.097894222175923
-0.044549332926739
-0.275579376094827
-0.025861322953424
0.631691578394017
0.998314206923098
0.702306145129543
0.063662896841342
-0.262624448218791
-0.092712721089200
-0.000678821592797
0.001241182043485
0.054288915554112
0.134572279970311
-0.035886139189172
-0.203382583275667
0.029336309018726
0.670859258233268
1.106642979191858
0.766009158208943
0.094768467788756
-0.190687045454275
-0.075767407148926
0.001241182043489
-0.001831921099097
-0.034520869637617
-0.078897440256565
0.019896765957597
0.104036133844507
-0.014320781253497
-0.249812106152832
-0.103474671747890
0.544675969348561
0.984961252688075
0.776853796277778
0.204370951228437
-0.001831921099101
0.000476525270070
-0.024815450277037
-0.057297652004626
0.027286694067722
0.144498358810495
0.002674224569874
-0.194647642353841
-0.025905876290736
0.564214473403368
1.079763795844328
0.872306433815880
0.231558786152779
0.000476525270067
-0.000171013048142
0.009183484116054
0.021058497638128
-0.010286569104226
-0.051068548458351
-0.000363324612780
0.062499000000000
0.007334302331280
-0.143070769966271
-0.115447000571513
0.300352831090257
0.830545629502389
0.999828986951859
0.001014636273555
0.013224606897431
0.029185687831661
-0.006948860041965
-0.036547298620815
0.005287839756309
0.083970523183347
0.024900082956696
-0.117717153746569
-0.052939316837689
0.352228769214149
0.845507755645848
1.001014636273555
