4
-1.000000000000000
-0.447213595499958
0.447213595499958
1.000000000000000
12
-1.000000000000000
-0.944899272222858
-0.819279321644041
-0.632876153031848
-0.399530940965350
-0.136552932854928
0.136552932854928
0.399530940965349
0.632876153031861
0.819279321644004
0.944899272222881
1.000000000000000
0.999711009482675
0.836833891492302
0.521884767553087
0.183355829118074
-0.057628964414871
-0.145735801265740
-0.104941227085205
-0.015246920710220
0.046011601194458
0.053194719583773
0.023831418320786
-0.000096545640863
1.000272696594741
0.842315935337332
0.535920129790067
0.204653680151033
-0.035085381238414
-0.128711387174999
-0.097631827243278
-0.012616594658520
0.053622278097271
0.059099606026608
0.026942522588071
0.000329962986734
-0.000499664778450
0.208263552239077
0.581722523415174
0.904878408834719
0.994034483636675
0.800366579650110
0.424481268499691
0.037444417853625
-0.179902294163010
-0.189969448070270
-0.082246614389800
-0.000816746911464
0.000699357189820
0.218879590580363
0.608343909692653
0.943696448579299
1.032270612904299
0.824199076961082
0.428725979467586
0.056300100393003
-0.155543690180215
-0.170837372789039
-0.074410905897179
0.000323513824567
-0.000816746911464
-0.082246614389800
-0.189969448070270
-0.179902294163010
0.037444417853625
0.424481268499691
0.800366579650110
0.994034483636675
0.904878408834719
0.581722523415174
0.208263552239077
-0.000499664778450
0.000323513824567
-0.074410905897179
-0.170837372789039
-0.155543690180215
0.056300100393003
0.428725979467586
0.824199076961082
1.032270612904299
0.943696448579299
0.608343909692653
0.218879590580363
0.000699357189820
-0.000096545640863
0.023831418320786
0.053194719583773
0.046011601194458
-0.015246920710220
-0.104941227085205
-0.145735801265740
-0.057628964414871
0.183355829118074
0.521884767553087
0.836833891492302
0.999711009482675
0.000329962986734
0.026942522588071
0.059099606026608
0.053622278097271
-0.012616594658520
-0.097631827243278
-0.128711387174999
-0.035085381238414
0.204653680151033
0.535920129790067
0.842315935337332
1.000272696594741
