7
-1.000000000000000
-0.830223896278567
-0.468848793470714
0.000000000000000
0.468848793470714
0.830223896278567
1.000000000000000
8
-1.000000000000000
-0.932469514203152
-0.661209386466264
-0.238619186083197
0.238619186083197
0.661209386466264
0.932469514203152
1.000000000000000
0.999743559815392
0.096511485449755
-0.235741458946660
0.062783241965339
-0.065632192046948
0.025127049667759
-0.019111167631314
-0.004872530431616
1.002366387045347
0.435174428145089
-0.115596407456852
0.143616140642042
-0.036317202542178
0.038430887529636
-0.012946169496565
0.002366387045345
-0.004262241525754
0.692994895766241
0.374750045997606
-0.462750346437387
0.103811319841271
-0.103367235322619
0.036222251866521
-0.004262241525757
0.000678824396861
1.274242411358385
0.701696733720988
-0.194819244505404
0.198904770840681
-0.067486972385728
0.050840020551827
0.012450276285581
-0.000276737059992
-0.410446204297234
0.658281674298053
0.506846035035756
-0.509166561058164
0.112060424419984
-0.080719326635238
-0.016811293176899
0.002809063491490
-0.190862508531575
1.118736462079602
0.883436299808212
-0.201026955851464
0.180966195615717
-0.060837897299286
0.002809063491483
-0.001306169433170
0.100849389417417
-0.530736711169606
0.608728862114678
0.608728859639147
-0.530736707711651
0.100849389398543
-0.001306169433166
0.018960287426648
0.137173982365032
-0.203536489040913
1.000421376632917
1.000421376632904
-0.203536489040912
0.137173982365035
0.018960289839327
-0.016811293176899
-0.080719326635238
0.112060424419984
-0.509166561058164
0.506846035035756
0.658281674298053
-0.410446204297234
-0.000276737059992
0.002809063491483
-0.060837897299286
0.180966195615717
-0.201026955851464
0.883436299808212
1.118736462079602
-0.190862508531575
0.002809063491490
-0.004262241525757
0.036222251866521
-0.103367235322619
0.103811319841271
-0.462750346437387
0.374750045997606
0.692994895766241
-0.004262241525754
0.012450276285581
0.050840020551827
-0.067486972385728
0.198904770840681
-0.194819244505404
0.701696733720988
1.274242411358385
0.000678824396861
-0.004872530431616
-0.019111167631314
0.025127049667759
-0.065632192046948
0.062783241965339
-0.235741458946660
0.096511485449755
0.999743559815392
0.002366387045345
-0.012946169496565
0.038430887529636
-0.036317202542178
0.143616140642042
-0.115596407456852
0.435174428145089
1.002366387045347
