7
-1.000000000000000
-0.830223896278567
-0.468848793470714
0.000000000000000
0.468848793470714
0.830223896278567
1.000000000000000
5
-1.000000000000000
-0.542242689519000
0.000000000000000
0.542242689519000
1.000000000000000
0.040429826547456
-0.248951762683916
-0.026868764793349
-0.058954034531629
-0.008791421510163
1.000001405845771
0.002654025731272
0.146803441506349
0.023259553088021
0.032473297683083
-0.000002745441903
-0.091173110236369
-0.339588942440034
-0.064193969082631
-0.081477965661906
1.533890313342696
0.343217375624700
0.091212454021019
0.137306591006784
0.025491414126308
-0.564931668811545
0.950068877150919
-0.242516920192389
-0.162045789085543
-0.050076123551179
0.000005566199942
1.326375475567035
0.106661460693806
0.121534771757281
0.085184830498127
-0.020760799423490
-0.273759524622191
0.999999000000002
-0.273759524193831
-0.020760800423387
0.153996759187225
-0.136661155486208
1.255678933198349
-0.136661155486207
0.153996760017242
-0.050076123551179
-0.162045789085543
-0.242516920192389
0.950068877150919
-0.564931668811545
0.085184830498127
0.121534771757281
0.106661460693806
1.326375475567035
0.000005566199942
-0.081477965661906
-0.064193969082631
-0.339588942440034
-0.091173110236369
-0.000002745441903
0.025491414126308
0.137306591006784
0.091212454021019
0.343217375624700
1.533890313342696
-0.008791421510163
-0.058954034531629
-0.026868764793349
-0.248951762683916
0.040429826547456
0.032473297683083
0.023259553088021
0.146803441506349
0.002654025731272
1.000001405845771
