5
-1.000000000000000
-0.654653670707977
0.000000000000000
0.654653670707977
1.000000000000000
12
-1.000000000000000
-0.944899272222858
-0.819279321644041
-0.632876153031848
-0.399530940965350
-0.136552932854928
0.136552932854928
0.399530940965349
0.632876153031861
0.819279321644004
0.944899272222881
1.000000000000000
0.999259660290528
0.731363936807675
0.281366275654122
-0.065663649811851
-0.156746936540679
-0.058079931417077
0.042290093834225
0.056374154557141
0.004158533538068
-0.039056380268534
-0.025243059591916
-0.000368661134627
1.000563903414551
0.746701656524624
0.316629810604762
-0.025352954331347
-0.131055421005414
-0.054108103874058
0.056642339936265
0.067085860328368
0.006476305221902
-0.030957095896603
-0.020700019279531
0.000563903414550
-0.000942885005556
0.330510130576662
0.810358540515471
0.997301045146490
0.721730534439406
0.189846487008389
-0.192752910087620
-0.203046048333751
-0.017799084667646
0.089836474806194
0.059378073489507
-0.000942885005553
0.001348088621362
0.360533811378855
0.872177854152079
1.064621456157213
0.748101844610874
0.216693143983684
-0.141749783171502
-0.174607118986640
-0.011365694733037
0.113133631380219
0.071011005802090
0.001184930110553
-0.001906818064260
-0.134927639972701
-0.231741844119880
0.013098343211034
0.527040155413400
0.938654620713198
0.938654620713199
0.527040155413401
0.013098342917403
-0.231741843783053
-0.134927640173934
-0.001906818008211
0.000558621609260
-0.116089184230859
-0.186067071597154
0.039373584886073
0.548444484474395
1.000555281601580
1.000555281601590
0.548444484474389
0.039373584886043
-0.186067071602600
-0.116089182798626
0.000558621609258
-0.000942885005553
0.059378073489507
0.089836474806194
-0.017799084667646
-0.203046048333751
-0.192752910087620
0.189846487008389
0.721730534439406
0.997301045146490
0.810358540515471
0.330510130576662
-0.000942885005556
0.001184930110553
0.071011005802090
0.113133631380219
-0.011365694733037
-0.174607118986640
-0.141749783171502
0.216693143983684
0.748101844610874
1.064621456157213
0.872177854152079
0.360533811378855
0.001348088621362
-0.000368661134627
-0.025243059591916
-0.039056380268534
0.004158533538068
0.056374154557141
0.042290093834225
-0.058079931417077
-0.156746936540679
-0.065663649811851
0.281366275654122
0.731363936807675
0.999259660290528
0.000563903414550
-0.020700019279531
-0.030957095896603
0.006476305221902
0.067085860328368
0.056642339936265
-0.054108103874058
-0.131055421005414
-0.025352954331347
0.316629810604762
0.746701656524624
1.000563903414551
