3
-1.000000000000000
0.000000000000000
1.000000000000000
19
-1.000000000000000
-0.888888888888883
-0.777777777777765
-0.666666666666704
-0.555555555555586
-0.444444444444469
-0.333333333333340
-0.222222222222226
-0.111111111111118
0.000000000000000
0.111111111111118
0.222222222222226
0.333333333333340
0.444444444444469
0.555555555555586
0.666666666666704
0.777777777777765
0.888888888888883
1.000000000000000
0.998475362236092
0.837942265942950
0.689833386927436
0.553991648659174
0.430574127668161
0.319423747424525
0.220697584458258
0.134238562239350
0.060203757297763
-0.001563906896452
-0.050907353813355
-0.087983659982876
-0.112635748875082
-0.125020697019914
-0.124981427887409
-0.112675018007576
-0.087944390850374
-0.050946622945859
-0.001524637763947
1.000056611166724
0.839507172839499
0.691414635858065
0.555556555555602
0.432155376598853
0.320988654321013
0.222278833388951
0.135803469135806
0.061785006228456
0.000001000000001
-0.049326104882662
-0.086418753086420
-0.111054499944389
-0.123455790123458
-0.123400178956733
-0.111110111111102
-0.086363141919700
-0.049381716049384
0.000056611166723
-0.000112222333446
0.209875543209887
0.394949506061637
0.555554555555501
0.691245802357882
0.802468135802444
0.888776666555439
0.950616283950614
0.987542098654208
0.999998999999998
0.987542098654208
0.950616283950614
0.888776666555440
0.802468135802444
0.691245802357882
0.555554555555501
0.394949506061638
0.209875543209887
-0.000112222333445
0.003050821225848
0.213000779778282
0.398112549620736
0.558679792124283
0.694408845916996
0.805593372371201
0.891939710113768
0.953741520520167
0.990705142212513
1.003124236569552
0.990705142212536
0.953741520520167
0.891939710112955
0.805593372372776
0.694408845914603
0.558679792126611
0.398112549617969
0.213000779780987
0.003050821223094
-0.001524637763947
-0.050946622945859
-0.087944390850374
-0.112675018007576
-0.124981427887409
-0.125020697019914
-0.112635748875082
-0.087983659982876
-0.050907353813355
-0.001563906896452
0.060203757297763
0.134238562239350
0.220697584458258
0.319423747424525
0.430574127668161
0.553991648659174
0.689833386927436
0.837942265942950
0.998475362236092
0.000056611166723
-0.049381716049384
-0.086363141919700
-0.111110111111102
-0.123400178956733
-0.123455790123458
-0.111054499944389
-0.086418753086420
-0.049326104882662
0.000001000000001
0.061785006228456
0.135803469135806
0.222278833388951
0.320988654321013
0.432155376598853
0.555556555555602
0.691414635858065
0.839507172839499
1.000056611166724
