3
-1.000000000000000
0.000000000000000
1.000000000000000
11
-1.000000000000000
-0.934001430408044
-0.784483473663170
-0.565235326996195
-0.295758135586940
-0.000000000000000
0.295758135586939
0.565235326996205
0.784483473663145
0.934001430408058
1.000000000000000
0.999940046602294
0.901658106992329
0.695495554483404
0.434563330080425
0.181161721934831
-0.011428231654138
-0.114596413652198
-0.130671996915445
-0.088987919180208
-0.032343323415158
-0.000059953397811
1.000148795443091
0.903323835347163
0.700021105152335
0.442475859804601
0.191696087880424
0.000001000000000
-0.104062047706516
-0.122759467152164
-0.084462368510308
-0.030677595137928
0.000148795443091
-0.000296590886182
0.127354759875914
0.384442263640574
0.680284607368618
0.912366959826092
0.999999000000000
0.912366959826092
0.680284607369121
0.384442263296975
0.127354759876048
-0.000296590886182
0.000119584862110
0.130680823682921
0.393497172075021
0.696100182622729
0.933442369936863
1.022846516395824
0.933442369936863
0.696100182622721
0.393497172075051
0.130680823682936
0.000119584862094
-0.000059953397811
-0.032343323415158
-0.088987919180208
-0.130671996915445
-0.114596413652198
-0.011428231654138
0.181161721934831
0.434563330080425
0.695495554483404
0.901658106992329
0.999940046602294
0.000148795443091
-0.030677595137928
-0.084462368510308
-0.122759467152164
-0.104062047706516
0.000001000000000
0.191696087880424
0.442475859804601
0.700021105152335
0.903323835347163
1.000148795443091
