4
-1.000000000000000
-0.447213595499958
0.447213595499958
1.000000000000000
11
-1.000000000000000
-0.934001430408044
-0.784483473663170
-0.565235326996195
-0.295758135586940
-0.000000000000000
0.295758135586939
0.565235326996205
0.784483473663145
0.934001430408058
1.000000000000000
0.999602938516347
0.805150372467136
0.444219847757792
0.089828248700049
-0.116289137745473
-0.139777926068500
-0.051544886591947
0.032400742888262
0.055954407083811
0.027635021144851
-0.000109546524888
1.000301014830783
0.812992258720799
0.463313493479481
0.117064227611119
-0.090964865446969
-0.124829345035336
-0.049158293468397
0.040190226691623
0.064244777933369
0.031614798956222
0.000456872320102
-0.000553519635080
0.245876855951728
0.662005168737872
0.962564404516029
0.947153391636314
0.624553990572161
0.179269589656467
-0.142895828017534
-0.205217876053779
-0.098607378044050
-0.000835212988176
0.000993498779769
0.260687918987522
0.698569448943874
1.010732694576465
0.988603498691681
0.640389260562402
0.193461435703051
-0.112029375015420
-0.181273069301169
-0.086504135817382
0.000362051329176
-0.000835212988176
-0.098607378044050
-0.205217876053779
-0.142895828017534
0.179269589656467
0.624553990572161
0.947153391636314
0.962564404516029
0.662005168737872
0.245876855951728
-0.000553519635080
0.000362051329176
-0.086504135817382
-0.181273069301169
-0.112029375015420
0.193461435703051
0.640389260562402
0.988603498691681
1.010732694576465
0.698569448943874
0.260687918987522
0.000993498779769
-0.000109546524888
0.027635021144851
0.055954407083811
0.032400742888262
-0.051544886591947
-0.139777926068500
-0.116289137745473
0.089828248700049
0.444219847757792
0.805150372467136
0.999602938516347
0.000456872320102
0.031614798956222
0.064244777933369
0.040190226691623
-0.049158293468397
-0.124829345035336
-0.090964865446969
0.117064227611119
0.463313493479481
0.812992258720799
1.000301014830783
