3
-1.000000000000000
0.000000000000000
1.000000000000000
16
-1.000000000000000
-0.978147600733806
-0.913545457642601
-0.809016994374947
-0.669130606358858
-0.500000000000000
-0.309016994374947
-0.104528463267653
0.104528463267653
0.309016994374947
0.500000000000000
0.669130606358858
0.809016994374947
0.913545457642601
0.978147600733806
1.000000000000000
0.999998498998501
0.967219747661966
0.873140567949774
0.729853326144583
0.555381082851571
0.370856499798439
0.197256284981527
0.052263231634133
-0.052265231634133
-0.111760709392972
-0.129143500201932
-0.113749523507054
-0.079163668230812
-0.040404889692436
-0.010927853072001
-0.000001501001499
1.000059879591257
0.967514596621009
0.874103389764177
0.731781280196631
0.558455523088191
0.375012159198192
0.202286287744503
0.057728331450375
-0.046800131817278
-0.106730706630445
-0.124987840801808
-0.110675083271498
-0.077235714185032
-0.039442067893432
-0.010633004114667
0.000059879591257
-0.000118759182515
0.043119407491842
0.165339678240269
0.345455433972585
0.552220560422969
0.749976681603617
0.904445418885942
0.989072800366903
0.989072800366903
0.904445418885942
0.749976681603617
0.552220560423699
0.345455433783870
0.165339678240457
0.043119407459026
-0.000118759182515
0.000002002003004
0.043707105410106
0.167263321742472
0.349309342086419
0.558367440655607
0.758286000403362
0.914503424411540
1.000001000000003
1.000000999999997
0.914503424411546
0.758286000403357
0.558367440655613
0.349309342086416
0.167263321742475
0.043707105410105
0.000002002003004
-0.000001501001499
-0.010927853072001
-0.040404889692436
-0.079163668230812
-0.113749523507054
-0.129143500201932
-0.111760709392972
-0.052265231634133
0.052263231634133
0.197256284981527
0.370856499798439
0.555381082851571
0.729853326144583
0.873140567949774
0.967219747661966
0.999998498998501
0.000059879591257
-0.010633004114667
-0.039442067893432
-0.077235714185032
-0.110675083271498
-0.124987840801808
-0.106730706630445
-0.046800131817278
0.057728331450375
0.202286287744503
0.375012159198192
0.558455523088191
0.731781280196631
0.874103389764177
0.967514596621009
1.000059879591257
