5
-1.000000000000000
-0.654653670707977
0.000000000000000
0.654653670707977
1.000000000000000
8
-1.000000000000000
-0.871740148509605
-0.591700181433143
-0.209299217902479
0.209299217902479
0.591700181433143
0.871740148509605
1.000000000000000
0.997314010638059
0.392100598933377
-0.156507790149842
-0.109749817963018
0.055715482002873
0.014995471126349
-0.053136328217458
-0.001024558040842
1.000109489083552
0.473086926009166
-0.064633760349896
-0.085105874942418
0.087534684690091
0.026619545037488
-0.032335806938764
0.000109489083551
-0.000201748024012
0.652189958777034
0.978436567108505
0.299609719336152
-0.302608027340128
-0.061554947079528
0.092630863715998
-0.000201748024009
0.003164937917793
0.816217026932219
1.108419480811587
0.353033243805855
-0.181970838584484
-0.043414182651108
0.154816797652340
0.002057773741409
-0.001809653172403
-0.309520846094805
0.074826412892284
0.858456077678405
0.858456077678406
0.074826412891676
-0.309520846095397
-0.001809653173232
0.000142726816843
-0.185613729546647
0.119092165560439
1.000139386809181
1.000139386809154
0.119092165560437
-0.185613733062740
0.000142726816841
-0.000201748024009
0.092630863715998
-0.061554947079528
-0.302608027340128
0.299609719336152
0.978436567108505
0.652189958777034
-0.000201748024012
0.002057773741409
0.154816797652340
-0.043414182651108
-0.181970838584484
0.353033243805855
1.108419480811587
0.816217026932219
0.003164937917793
-0.001024558040842
-0.053136328217458
0.014995471126349
0.055715482002873
-0.109749817963018
-0.156507790149842
0.392100598933377
0.997314010638059
0.000109489083551
-0.032335806938764
0.026619545037488
0.087534684690091
-0.085105874942418
-0.064633760349896
0.473086926009166
1.000109489083552
