5
-1.000000000000000
-0.654653670707977
0.000000000000000
0.654653670707977
1.000000000000000
5
-1.000000000000000
-0.500000000000000
0.000000000000000
0.500000000000000
1.000000000000000
0.599342704466722
-0.297667561146331
-0.000001000000000
0.034934613000795
-0.081193421584773
1.000330773975249
-0.117186500000000
0.040945435597481
0.079831978854915
0.000330773975248
-0.000374350477712
0.884030716635795
-0.167192665180640
-0.222319965873313
-0.000374350477709
0.733190639161097
1.163521198307789
0.000001000000000
-0.104447974118902
0.241803427985755
-0.493766299328918
0.204131379631645
0.999998999999999
0.204131379602753
-0.493766299254427
0.000002478702378
0.340644358983307
1.294435865905459
0.340644358987113
0.000002478702376
-0.000374350477709
-0.222319965873313
-0.167192665180640
0.884030716635795
-0.000374350477712
0.241803427985755
-0.104447974118902
0.000001000000000
1.163521198307789
0.733190639161097
-0.081193421584773
0.034934613000795
-0.000001000000000
-0.297667561146331
0.599342704466722
0.000330773975248
0.079831978854915
0.040945435597481
-0.117186500000000
1.000330773975249
