4
-1.000000000000000
-0.447213595499958
0.447213595499958
1.000000000000000
19
-1.000000000000000
-0.978611766215661
-0.928901528167979
-0.852460577782618
-0.751494202559026
-0.628908137263668
-0.488229285680921
-0.333504847824481
-0.169186023409282
-0.000000000000000
0.169186023409282
0.333504847824491
0.488229285680759
0.628908137265041
0.751494202553092
0.852460577795727
0.928901528153608
0.978611766221633
1.000000000000000
0.999913148934317
0.936111358595960
0.796662887539437
0.605256969427298
0.392743556717297
0.190999505312885
0.027067881512283
-0.082189183433650
-0.131958919304068
-0.129644580139326
-0.091238674117339
-0.037178715418214
0.012236112735904
0.045345439563269
0.056613490930900
0.048563959788779
0.029454121459635
0.010105281596363
-0.000058951975900
1.000167067869143
0.937067490918888
0.799163425852143
0.609828821852935
0.399391736773149
0.199059117870185
0.035689159248822
-0.073853550188757
-0.125066888938470
-0.124920758471488
-0.088822634054075
-0.036649457505925
0.014175595768965
0.047962536558616
0.059399186435749
0.050667051350916
0.030798254112446
0.010671390268128
0.000186175676288
-0.000304129812431
0.084162199857605
0.263676169269382
0.496372942734460
0.728958343504548
0.909083903665542
0.995675214638314
0.969476903212588
0.836485734667779
0.624766993506699
0.376195689164381
0.135737184437172
-0.051944231450902
-0.162799469995224
-0.193471862078416
-0.161075260495270
-0.095943115648932
-0.032876032443396
-0.000343213166028
0.000258534109911
0.086017683511082
0.268601867104607
0.504988252132782
0.741521850135724
0.923625544349931
1.010920202396601
0.982998655425966
0.846608819509968
0.629787412313221
0.377627111958453
0.141416103114193
-0.043602075550260
-0.153490710061835
-0.184965820172525
-0.154767973335924
-0.092295965555836
-0.031337221329516
0.000193764956562
-0.000343213166028
-0.032876032443396
-0.095943115648932
-0.161075260495270
-0.193471862078416
-0.162799469995224
-0.051944231450902
0.135737184437172
0.376195689164381
0.624766993506699
0.836485734667779
0.969476903212588
0.995675214638314
0.909083903665542
0.728958343504548
0.496372942734460
0.263676169269382
0.084162199857605
-0.000304129812431
0.000193764956562
-0.031337221329516
-0.092295965555836
-0.154767973335924
-0.184965820172525
-0.153490710061835
-0.043602075550260
0.141416103114193
0.377627111958453
0.629787412313221
0.846608819509968
0.982998655425966
1.010920202396601
0.923625544349931
0.741521850135724
0.504988252132782
0.268601867104607
0.086017683511082
0.000258534109911
-0.000058951975900
0.010105281596363
0.029454121459635
0.048563959788779
0.056613490930900
0.045345439563269
0.012236112735904
-0.037178715418214
-0.091238674117339
-0.129644580139326
-0.131958919304068
-0.082189183433650
0.027067881512283
0.190999505312885
0.392743556717297
0.605256969427298
0.796662887539437
0.936111358595960
0.999913148934317
0.000186175676288
0.010671390268128
0.030798254112446
0.050667051350916
0.059399186435749
0.047962536558616
0.014175595768965
-0.036649457505925
-0.088822634054075
-0.124920758471488
-0.125066888938470
-0.073853550188757
0.035689159248822
0.199059117870185
0.399391736773149
0.609828821852935
0.799163425852143
0.937067490918888
1.000167067869143
