8
-1.000000000000000
-0.871740148509605
-0.591700181433143
-0.209299217902479
0.209299217902479
0.591700181433143
0.871740148509605
1.000000000000000
11
-1.000000000000000
-0.934001430408044
-0.784483473663170
-0.565235326996195
-0.295758135586940
-0.000000000000000
0.295758135586939
0.565235326996205
0.784483473663145
0.934001430408058
1.000000000000000
0.994803800088976
0.144951606678134
-0.218648967468728
0.019502166657492
0.025752237381985
-0.067447476983391
0.018125197340086
0.001553480988027
-0.030999343659128
0.010638865212375
-0.000135646815051
1.000772296173544
0.315823161692088
-0.131074551192009
0.065161569561286
0.064872442764451
-0.038493845247770
0.033539516367278
0.019196614698207
-0.015169326151664
0.014006330126300
0.008015739797850
-0.000541644997356
0.811831894895467
0.786206974079182
-0.231954579924053
-0.172762259768849
0.108839023398811
-0.088686583183793
-0.048978348392322
0.041175128126018
-0.035102773913477
-0.019137338430313
0.012838406228596
1.106786492756397
0.887720943473397
-0.067194116190066
-0.073202135682971
0.193366992640518
-0.048558119746881
-0.003703818084009
0.081866355226212
-0.027341429992034
0.000688481529239
-0.022404222632040
-0.345913373705797
0.451675299623743
0.990201894412064
0.120519639621377
-0.365808797898946
0.081458129678540
0.005593067519038
-0.127223545153970
0.041161409616525
-0.001051725562470
0.000840460696847
-0.187360180118280
0.607373238933575
1.185488511508712
0.246785543839551
-0.204028353469557
0.147499872545788
0.075529084798811
-0.063024782261390
0.053120088077746
0.028251517031877
-0.001231394844366
0.096514268705774
-0.335015325605677
-0.020842431782513
0.927091167021934
0.633187786109335
-0.313478063922568
-0.082272184716131
0.095962551881095
-0.078585074976236
-0.039719114845252
0.056413033884221
0.124547824597384
-0.166790869746567
0.081156751811605
1.154309900381953
0.776397303662471
-0.158704510969534
-0.007510344549946
0.197904429190126
-0.061058337179171
0.000890869201649
-0.039719114845252
-0.078585074976236
0.095962551881095
-0.082272184716131
-0.313478063922568
0.633187786109335
0.927091167021934
-0.020842431782513
-0.335015325605677
0.096514268705774
-0.001231394844366
0.000890869201649
-0.061058337179171
0.197904429190126
-0.007510344549946
-0.158704510969534
0.776397303662471
1.154309900381953
0.081156751811605
-0.166790869746567
0.124547824597384
0.056413033884221
-0.001051725562470
0.041161409616525
-0.127223545153970
0.005593067519038
0.081458129678540
-0.365808797898946
0.120519639621377
0.990201894412064
0.451675299623743
-0.345913373705797
-0.022404222632040
0.028251517031877
0.053120088077746
-0.063024782261390
0.075529084798811
0.147499872545788
-0.204028353469557
0.246785543839551
1.185488511508712
0.607373238933575
-0.187360180118280
0.000840460696847
-0.019137338430313
-0.035102773913477
0.041175128126018
-0.048978348392322
-0.088686583183793
0.108839023398811
-0.172762259768849
-0.231954579924053
0.786206974079182
0.811831894895467
-0.000541644997356
0.000688481529239
-0.027341429992034
0.081866355226212
-0.003703818084009
-0.048558119746881
0.193366992640518
-0.073202135682971
-0.067194116190066
0.887720943473397
1.106786492756397
0.012838406228596
-0.000135646815051
0.010638865212375
-0.030999343659128
0.001553480988027
0.018125197340086
-0.067447476983391
0.025752237381985
0.019502166657492
-0.218648967468728
0.144951606678134
0.994803800088976
0.008015739797850
0.014006330126300
-0.015169326151664
0.019196614698207
0.033539516367278
-0.038493845247770
0.064872442764451
0.065161569561286
-0.131074551192009
0.315823161692088
1.000772296173544
