6
-1.000000000000000
-0.765055323929465
-0.285231516480645
0.285231516480645
0.765055323929466
1.000000000000000
9
-1.000000000000000
-0.750000000000000
-0.500000000000000
-0.250000000000000
0.000000000000000
0.250000000000000
0.500000000000000
0.750000000000000
1.000000000000000
0.761932743651338
-0.156876988641183
-0.120778154662138
0.016164139152330
0.062499000000000
0.008322249604407
-0.054342600766471
-0.006651718594975
-0.000154485489265
1.000306135709309
-0.025206519531252
-0.111104789781184
0.031017590063160
0.080240459945022
0.010009726026090
-0.036879323779464
0.004720583987989
0.037118652415150
-0.000424535951338
0.997341256522577
0.486506691132039
-0.129501118407050
-0.233353099089907
-0.030235899882118
0.104642354748785
-0.012612174639316
-0.100641099713253
0.439205720883314
1.212152345981479
0.500840167465944
-0.056116397326984
-0.194400441214716
-0.021885146026898
0.152986933007685
0.017656495269143
0.000681685162050
-0.305820451573141
-0.072257147373371
0.747566806136273
0.993326740531277
0.631550280561674
0.026172420698270
-0.290534018943752
-0.025521501286123
-0.000802104048638
0.000505826059335
0.039511518105675
0.818587423277807
1.094108733523968
0.656414778879244
0.065585077987633
-0.204508685013632
0.023813629917104
0.169676952600637
-0.000802104048638
-0.025521501286123
-0.290534018943752
0.026172420698270
0.631550280561674
0.993326740531277
0.747566806136273
-0.072257147373371
-0.305820451573141
0.169676952600637
0.023813629917104
-0.204508685013632
0.065585077987633
0.656414778879244
1.094108733523968
0.818587423277807
0.039511518105675
0.000505826059335
-0.100641099713253
-0.012612174639316
0.104642354748785
-0.030235899882118
-0.233353099089907
-0.129501118407050
0.486506691132039
0.997341256522577
-0.000424535951338
0.000681685162050
0.017656495269143
0.152986933007685
-0.021885146026898
-0.194400441214716
-0.056116397326984
0.500840167465944
1.212152345981479
0.439205720883314
-0.000154485489265
-0.006651718594975
-0.054342600766471
0.008322249604407
0.062499000000000
0.016164139152330
-0.120778154662138
-0.156876988641183
0.761932743651338
0.037118652415150
0.004720583987989
-0.036879323779464
0.010009726026090
0.080240459945022
0.031017590063160
-0.111104789781184
-0.025206519531252
1.000306135709309
