7
-1.000000000000000
-0.830223896278567
-0.468848793470714
0.000000000000000
0.468848793470714
0.830223896278567
1.000000000000000
9
-1.000000000000000
-0.899757995411457
-0.677186279510741
-0.363117463826178
-0.000000000000000
0.363117463826178
0.677186279510739
0.899757995411461
1.000000000000000
0.989584539952056
0.055773868599148
-0.215371290516695
0.050055942942225
-0.021366109773079
-0.054392616862596
0.024768014707996
-0.016128307789419
-0.013789241403870
1.000699128755290
0.250439497101236
-0.129025338524970
0.094089229713772
0.015848082794476
-0.022695010489985
0.046882675821483
-0.012533642276615
0.000699128755287
-0.000650946845903
0.869333338481296
0.601694700592275
-0.348970094198181
-0.000891498875835
0.062005080306579
-0.124730517026212
0.034385290646958
-0.000650946845906
0.025438615768459
1.197121097271627
0.740986838621710
-0.164557734427146
0.061449820170893
0.152339935384993
-0.066313000522337
0.042975213377880
0.036191014837469
-0.068045839924549
-0.287994448779053
0.601520717780430
0.907910395367551
-0.160390188973487
-0.252159114041047
0.109066659890793
-0.068242095205397
-0.055138295820269
0.001077197686664
-0.174543723594381
0.833065283781748
1.120716103485180
0.000000999999999
-0.107577892456402
0.215953489155689
-0.054229954602842
0.001077197686658
-0.002216359369774
0.087183594066666
-0.406609743529391
0.193823397631330
0.999999000000002
0.193823397884258
-0.406609743850492
0.087183594066665
-0.002216359369771
0.082786135300412
0.110888311979787
-0.196820340926424
0.323241215658264
1.254750695135712
0.323241215658262
-0.196820340966063
0.110888329893313
0.082786106183845
-0.055138295820269
-0.068242095205397
0.109066659890793
-0.252159114041047
-0.160390188973487
0.907910395367551
0.601520717780430
-0.287994448779053
-0.068045839924549
0.001077197686658
-0.054229954602842
0.215953489155689
-0.107577892456402
0.000000999999999
1.120716103485180
0.833065283781748
-0.174543723594381
0.001077197686664
-0.000650946845906
0.034385290646958
-0.124730517026212
0.062005080306579
-0.000891498875835
-0.348970094198181
0.601694700592275
0.869333338481296
-0.000650946845903
0.036191014837469
0.042975213377880
-0.066313000522337
0.152339935384993
0.061449820170893
-0.164557734427146
0.740986838621710
1.197121097271627
0.025438615768459
-0.013789241403870
-0.016128307789419
0.024768014707996
-0.054392616862596
-0.021366109773079
0.050055942942225
-0.215371290516695
0.055773868599148
0.989584539952056
0.000699128755287
-0.012533642276615
0.046882675821483
-0.022695010489985
0.015848082794476
0.094089229713772
-0.129025338524970
0.250439497101236
1.000699128755290
