5
-1.000000000000000
-0.654653670707977
0.000000000000000
0.654653670707977
1.000000000000000
9
-1.000000000000000
-0.923879532511287
-0.707106781186548
-0.382683432365090
-0.000000000000000
0.382683432365090
0.707106781186547
0.923879532511287
1.000000000000000
0.999902163343315
0.619758476235717
-0.013926682580666
-0.180671327614003
-0.000001000000000
0.058315407930668
-0.018857090022446
-0.044163994480901
-0.000097836656686
1.000636048101730
0.661567718171328
0.075445173824159
-0.130385949064508
0.019441216046868
0.088255273140830
-0.012410085243845
-0.025521680278352
0.000636048101728
-0.001116031069975
0.434974169232820
0.982969675925573
0.690904532037360
-0.086727351983270
-0.264242155795451
0.037047351150625
0.073271264847469
-0.001116031069972
0.000614939875596
0.516637895337433
1.133516501450957
0.746981033776541
0.000001000000000
-0.181021854101775
0.056243627244182
0.125868208994215
0.000614939875599
-0.001146406575990
-0.232041411716629
-0.140083245427567
0.560832320733067
0.999998999999999
0.560832320733402
-0.140083258013693
-0.232041398245470
-0.001146406575993
0.000679748259671
-0.144571689650085
-0.083332333333333
0.621423629892823
1.146912989097907
0.621423629888624
-0.083332333333333
-0.144571689650087
0.000679748259669
-0.001116031069972
0.073271264847469
0.037047351150625
-0.264242155795451
-0.086727351983270
0.690904532037360
0.982969675925573
0.434974169232820
-0.001116031069975
0.000614939875599
0.125868208994215
0.056243627244182
-0.181021854101775
0.000001000000000
0.746981033776541
1.133516501450957
0.516637895337433
0.000614939875596
-0.000097836656686
-0.044163994480901
-0.018857090022446
0.058315407930668
-0.000001000000000
-0.180671327614003
-0.013926682580666
0.619758476235717
0.999902163343315
0.000636048101728
-0.025521680278352
-0.012410085243845
0.088255273140830
0.019441216046868
-0.130385949064508
0.075445173824159
0.661567718171328
1.000636048101730
