8
-1.000000000000000
-0.871740148509605
-0.591700181433143
-0.209299217902479
0.209299217902479
0.591700181433143
0.871740148509605
1.000000000000000
5
-1.000000000000000
-0.774596669241483
0.000000000000000
0.774596669241483
1.000000000000000
0.254487714444185
-0.216376506320273
-0.039071296212836
-0.017562890018637
-0.000021158524716
1.000112394525557
0.044326302186464
0.090414378675746
-0.016791548141506
0.024251320456605
-0.000289525792544
-0.147053774167380
-0.276482938923919
0.043964621160003
-0.063327310172033
1.403022873719400
0.791971172683524
0.108841023398811
0.045811955535073
0.000047433859584
-0.692478450194187
0.503552036852863
-0.282114461397546
-0.068059849696393
-0.000284481253177
0.000002739929090
1.360025612168673
0.058718657286818
0.176469835956979
0.016336396452708
-0.000001162393508
-0.240260279614944
0.181826525210888
-0.710659445851058
-0.000001162393540
0.033007580696785
0.425925622315082
1.252553635489182
0.102929683674674
0.000151111034824
-0.000001162393540
-0.710659445851058
0.181826525210888
-0.240260279614944
-0.000001162393508
0.000151111034824
0.102929683674674
1.252553635489182
0.425925622315082
0.033007580696785
-0.000284481253177
-0.068059849696393
-0.282114461397546
0.503552036852863
-0.692478450194187
0.016336396452708
0.176469835956979
0.058718657286818
1.360025612168673
0.000002739929090
-0.063327310172033
0.043964621160003
-0.276482938923919
-0.147053774167380
-0.000289525792544
0.000047433859584
0.045811955535073
0.108841023398811
0.791971172683524
1.403022873719400
-0.000021158524716
-0.017562890018637
-0.039071296212836
-0.216376506320273
0.254487714444185
0.024251320456605
-0.016791548141506
0.090414378675746
0.044326302186464
1.000112394525557
