5
-1.000000000000000
-0.654653670707977
0.000000000000000
0.654653670707977
1.000000000000000
12
-1.000000000000000
-0.874901410225463
-0.726805066944212
-0.552632806223563
-0.326164401790546
-0.108041646594103
0.108041646594103
0.326164401790546
0.552632806223563
0.726805066944212
0.874901410225463
1.000000000000000
0.977860401291781
0.452386240001588
0.084395948069764
-0.120363795205374
-0.140572012465515
-0.043772725523971
0.035117605315667
0.061958543508815
0.026536073477797
-0.020587717801128
-0.039167320460015
-0.007296853815369
1.000787332798563
0.483529621220240
0.109590728994880
-0.092194519602477
-0.121276595272265
-0.041515367182877
0.043599194448956
0.071440483603217
0.031765513265855
-0.016599271157957
-0.031632833965663
0.000787332798562
-0.001457118622379
0.640824707359611
0.966758651625048
0.945361633507820
0.582236437107614
0.146654779346937
-0.149883723751300
-0.222663804660971
-0.092363920751633
0.049264571495936
0.091274281849519
-0.001457118622376
0.044657838834386
0.695283060050544
1.012596172973257
0.985727499629340
0.599527735654543
0.166425603052917
-0.119165963902479
-0.195452962793597
-0.079557909579756
0.060559682789233
0.112030617342337
0.020068278746067
-0.038396168769525
-0.217540473792981
-0.139947916411154
0.190643158925095
0.671450823920851
0.961406946030083
0.961406946029880
0.671450823922001
0.190643158702317
-0.139947916071499
-0.217540474124046
-0.038396168443581
0.000943178512483
-0.184366435603757
-0.109327168037797
0.200474436441775
0.697385432044730
1.000939838504812
1.000939838504802
0.697385432044738
0.200474436441775
-0.109327168115415
-0.184366435913920
0.000943178512480
-0.001457118622376
0.091274281849519
0.049264571495936
-0.092363920751633
-0.222663804660971
-0.149883723751300
0.146654779346937
0.582236437107614
0.945361633507820
0.966758651625048
0.640824707359611
-0.001457118622379
0.020068278746067
0.112030617342337
0.060559682789233
-0.079557909579756
-0.195452962793597
-0.119165963902479
0.166425603052917
0.599527735654543
0.985727499629340
1.012596172973257
0.695283060050544
0.044657838834386
-0.007296853815369
-0.039167320460015
-0.020587717801128
0.026536073477797
0.061958543508815
0.035117605315667
-0.043772725523971
-0.140572012465515
-0.120363795205374
0.084395948069764
0.452386240001588
0.977860401291781
0.000787332798562
-0.031632833965663
-0.016599271157957
0.031765513265855
0.071440483603217
0.043599194448956
-0.041515367182877
-0.121276595272265
-0.092194519602477
0.109590728994880
0.483529621220240
1.000787332798563
