6
-1.000000000000000
-0.765055323929465
-0.285231516480645
0.285231516480645
0.765055323929466
1.000000000000000
5
-1.000000000000000
-0.654653670707977
0.000000000000000
0.654653670707977
1.000000000000000
0.532454414269588
-0.262737099605706
0.062499000000000
-0.085093497794760
-0.000163238505083
1.000806593139925
-0.118188547907714
0.104296339149719
-0.023901504387949
0.053949164589670
-0.000105223226275
0.686495718871134
-0.532718744171097
0.068500295517147
-0.147191668740103
0.924951534771647
1.039155401975847
-0.194647642353841
0.258619130942615
0.000436801592555
-0.659369440299035
0.304271113655880
0.494576924520870
-0.640629032791898
-0.000004580446553
0.000141143752475
0.938099722883077
1.050427245097627
-0.125283058517733
0.267229446178561
-0.000004580446553
-0.640629032791898
0.494576924520870
0.304271113655880
-0.659369440299035
0.267229446178561
-0.125283058517733
1.050427245097627
0.938099722883077
0.000141143752475
-0.147191668740103
0.068500295517147
-0.532718744171097
0.686495718871134
-0.000105223226275
0.000436801592555
0.258619130942615
-0.194647642353841
1.039155401975847
0.924951534771647
-0.000163238505083
-0.085093497794760
0.062499000000000
-0.262737099605706
0.532454414269588
0.053949164589670
-0.023901504387949
0.104296339149719
-0.118188547907714
1.000806593139925
