5
-1.000000000000000
-0.654653670707977
0.000000000000000
0.654653670707977
1.000000000000000
10
-1.000000000000000
-0.939692620785908
-0.766044443118978
-0.500000000000000
-0.173648177666930
0.173648177666930
0.500000000000000
0.766044443118978
0.939692620785908
1.000000000000000
0.999908924351659
0.698664311156836
0.121846830978246
-0.172457325579546
-0.079826338460582
0.050023405800837
0.039040338034518
-0.031516670270455
-0.034360350241474
-0.000091075648342
1.000284822388126
0.724973101049205
0.187334163645487
-0.117145738447684
-0.070473831883361
0.073591125893473
0.050767447611038
-0.024564446211477
-0.022278835276758
0.000284822388125
-0.000470822396386
0.357537977783582
0.918068590267200
0.883860315806910
0.245928405211549
-0.248786392298259
-0.144559096885076
0.071605409798153
0.063579976674797
-0.000470822396383
0.000427356196346
0.404011582907649
1.039708734654092
0.956142044643131
0.284895002880789
-0.165388533519889
-0.118206406117924
0.092349121830981
0.096659929659753
0.000355372636816
-0.000527020333096
-0.160574618257741
-0.225911107591609
0.299258568778387
0.901608272969322
0.901608272969322
0.299258568721987
-0.225911107503526
-0.160574618314542
-0.000527020333099
0.000239129353858
-0.123945090055836
-0.152566769896021
0.317580831941071
1.000235789346175
1.000235789346190
0.317580831941067
-0.152566769896021
-0.123945090959032
0.000239129353856
-0.000470822396383
0.063579976674797
0.071605409798153
-0.144559096885076
-0.248786392298259
0.245928405211549
0.883860315806910
0.918068590267200
0.357537977783582
-0.000470822396386
0.000355372636816
0.096659929659753
0.092349121830981
-0.118206406117924
-0.165388533519889
0.284895002880789
0.956142044643131
1.039708734654092
0.404011582907649
0.000427356196346
-0.000091075648342
-0.034360350241474
-0.031516670270455
0.039040338034518
0.050023405800837
-0.079826338460582
-0.172457325579546
0.121846830978246
0.698664311156836
0.999908924351659
0.000284822388125
-0.022278835276758
-0.024564446211477
0.050767447611038
0.073591125893473
-0.070473831883361
-0.117145738447684
0.187334163645487
0.724973101049205
1.000284822388126
