6
-1.000000000000000
-0.765055323929465
-0.285231516480645
0.285231516480645
0.765055323929466
1.000000000000000
12
-1.000000000000000
-0.818181818181818
-0.636363636363636
-0.454545454545455
-0.272727272727273
-0.090909090909091
0.090909090909091
0.272727272727273
0.454545454545455
0.636363636363636
0.818181818181818
1.000000000000000
0.865458824147023
0.033885802343246
-0.152686431629765
-0.100356780860646
0.005953635488137
0.060359574791241
0.050273222307051
0.002077593422316
-0.041392260907971
-0.033040622885831
0.011756469897311
-0.000064930627150
1.000491811113492
0.118038143513543
-0.125221241696079
-0.090132264155257
0.012791468305088
0.071078729537931
0.055253336250006
0.003882848938841
-0.033578380590433
-0.027457002321605
0.020829247031144
0.023387124508929
-0.000775246061516
0.962517413452611
0.843495633880231
0.364678532270710
-0.055616265724528
-0.222620587400706
-0.168583054152152
-0.010624174389453
0.096056323957263
0.076979351445925
-0.056425136106648
-0.062590889490481
0.245204153164818
1.111035400024376
0.871224544917089
0.379259752254425
-0.020957592097502
-0.193847141586927
-0.152543129045636
-0.004840172057101
0.117883334302317
0.091578245924758
-0.032037929702841
0.000311396685728
-0.177686626485086
-0.204157269393168
0.374015308251021
0.841618495729584
0.999041047503615
0.814543676291009
0.417358298995653
-0.002171439570170
-0.233167763369534
-0.167082629796800
0.055566160614021
-0.000656394663018
0.000662084313939
-0.115864078460258
0.386521246650424
0.889235564719100
1.044086477097169
0.846163538548363
0.423446013917674
0.022703280083001
-0.192621799512734
-0.142478114631141
0.097299248895571
0.103391299806256
-0.000656394663018
0.055566160614021
-0.167082629796800
-0.233167763369534
-0.002171439570170
0.417358298995653
0.814543676291009
0.999041047503615
0.841618495729584
0.374015308251021
-0.204157269393168
-0.177686626485086
0.103391299806256
0.097299248895571
-0.142478114631141
-0.192621799512734
0.022703280083001
0.423446013917674
0.846163538548363
1.044086477097169
0.889235564719100
0.386521246650424
-0.115864078460258
0.000662084313939
-0.062590889490481
-0.056425136106648
0.076979351445925
0.096056323957263
-0.010624174389453
-0.168583054152152
-0.222620587400706
-0.055616265724528
0.364678532270710
0.843495633880231
0.962517413452611
-0.000775246061516
0.000311396685728
-0.032037929702841
0.091578245924758
0.117883334302317
-0.004840172057101
-0.152543129045636
-0.193847141586927
-0.020957592097502
0.379259752254425
0.871224544917089
1.111035400024376
0.245204153164818
-0.000064930627150
0.011756469897311
-0.033040622885831
-0.041392260907971
0.002077593422316
0.050273222307051
0.060359574791241
0.005953635488137
-0.100356780860646
-0.152686431629765
0.033885802343246
0.865458824147023
0.023387124508929
0.020829247031144
-0.027457002321605
-0.033578380590433
0.003882848938841
0.055253336250006
0.071078729537931
0.012791468305088
-0.090132264155257
-0.125221241696079
0.118038143513543
1.000491811113492
