8
-1.000000000000000
-0.871740148509605
-0.591700181433143
-0.209299217902479
0.209299217902479
0.591700181433143
0.871740148509605
1.000000000000000
11
-1.000000000000000
-0.951056516295154
-0.809016994374947
-0.587785252292473
-0.309016994374947
-0.000000000000000
0.309016994374947
0.587785252292473
0.809016994374947
0.951056516295154
1.000000000000000
0.999807687435387
0.274600565145356
-0.218669072159289
0.003013451598819
0.031345923214543
-0.069275574809283
0.020126373567083
-0.005020950041586
-0.029433770232785
0.011315678310354
-0.000192312564609
1.002247057974928
0.451122932663750
-0.118472409428509
0.052866613064747
0.078851279168482
-0.037017529436443
0.037765357762549
0.015216670142425
-0.010332793329117
0.018616241183708
0.003781294647227
-0.004067860223685
0.676146805070083
0.876440869368490
-0.198567431397873
-0.212557112805034
0.105307258071927
-0.099360075544351
-0.037990368792010
0.028818027494560
-0.046796215000168
-0.007944646136837
0.000497417076100
0.995160679749842
1.004732380946950
-0.010818151670977
-0.090537015039427
0.199577777199958
-0.054214816323486
0.013380799883456
0.077134257372314
-0.029420596505984
0.000497417076098
-0.000743279230123
-0.394164978086121
0.305853470464150
0.999610533803268
0.159359656579738
-0.383038111293606
0.090507787725125
-0.021451717524103
-0.118735566457187
0.044229892335419
-0.000743279230097
0.002819568314012
-0.189887138254629
0.427339642620162
1.238223996256143
0.297170052919168
-0.202034539427503
0.160712731955380
0.053532361014490
-0.047383385237054
0.067791078169816
0.008170745622800
-0.001634221527850
0.101156081785454
-0.295888471834714
-0.105612369853148
0.902238850406716
0.629888178658660
-0.350799214678359
-0.027032691999601
0.074278611336437
-0.099118394505800
-0.008069515299596
0.006514675246845
0.164422769074424
-0.127744104293471
0.012218350322023
1.150038354720875
0.795346269651323
-0.173246578822430
0.034935851924278
0.184715641206314
-0.064663655404457
0.001073630181196
-0.008069515299596
-0.099118394505800
0.074278611336437
-0.027032691999601
-0.350799214678359
0.629888178658660
0.902238850406716
-0.105612369853148
-0.295888471834714
0.101156081785454
-0.001634221527850
0.001073630181196
-0.064663655404457
0.184715641206314
0.034935851924278
-0.173246578822430
0.795346269651323
1.150038354720875
0.012218350322023
-0.127744104293471
0.164422769074424
0.006514675246845
-0.000743279230097
0.044229892335419
-0.118735566457187
-0.021451717524103
0.090507787725125
-0.383038111293606
0.159359656579738
0.999610533803268
0.305853470464150
-0.394164978086121
-0.000743279230123
0.008170745622800
0.067791078169816
-0.047383385237054
0.053532361014490
0.160712731955380
-0.202034539427503
0.297170052919168
1.238223996256143
0.427339642620162
-0.189887138254629
0.002819568314012
-0.007944646136837
-0.046796215000168
0.028818027494560
-0.037990368792010
-0.099360075544351
0.105307258071927
-0.212557112805034
-0.198567431397873
0.876440869368490
0.676146805070083
-0.004067860223685
0.000497417076098
-0.029420596505984
0.077134257372314
0.013380799883456
-0.054214816323486
0.199577777199958
-0.090537015039427
-0.010818151670977
1.004732380946950
0.995160679749842
0.000497417076100
-0.000192312564609
0.011315678310354
-0.029433770232785
-0.005020950041586
0.020126373567083
-0.069275574809283
0.031345923214543
0.003013451598819
-0.218669072159289
0.274600565145356
0.999807687435387
0.003781294647227
0.018616241183708
-0.010332793329117
0.015216670142425
0.037765357762549
-0.037017529436443
0.078851279168482
0.052866613064747
-0.118472409428509
0.451122932663750
1.002247057974928
