5
-1.000000000000000
-0.654653670707977
0.000000000000000
0.654653670707977
1.000000000000000
4
-1.000000000000000
-0.577350269189626
0.577350269189626
1.000000000000000
0.639835739800914
-0.182306595014000
0.020246506176188
-0.090556084569910
1.000411367769415
-0.075889300210247
0.118480916246069
0.000411367769414
-0.000002801437624
0.670692243535290
-0.677520163301728
-0.000002801437621
0.849584024641040
1.044345163319047
-0.060719688596463
0.273410970961838
-0.634828289069914
0.141128018995960
0.141128019115911
-0.634828289846734
0.000004340007676
1.000000999999995
1.000001000000003
0.000004340007672
-0.000002801437621
-0.677520163301728
0.670692243535290
-0.000002801437624
0.273410970961838
-0.060719688596463
1.044345163319047
0.849584024641040
-0.090556084569910
0.020246506176188
-0.182306595014000
0.639835739800914
0.000411367769414
0.118480916246069
-0.075889300210247
1.000411367769415
