7
-1.000000000000000
-0.830223896278567
-0.468848793470714
0.000000000000000
0.468848793470714
0.830223896278567
1.000000000000000
9
-1.000000000000000
-0.847072197161190
-0.566663282107235
-0.320454398864289
0.000000000000000
0.320454398864289
0.566663282107235
0.847072197161190
1.000000000000000
0.882026280808397
-0.131673968734710
-0.133486698557667
0.059960532601895
-0.015322481629001
-0.057519880420282
0.018619565365776
-0.006434360911288
-0.027509749333190
1.002555153977748
0.045389132513730
-0.064193917884794
0.106636409692393
0.002543122614264
-0.028406658170497
0.038548180847807
0.011927361441566
0.002555153977746
-0.004396861665098
0.993311216119300
0.206953632154684
-0.325319096763228
-0.004303651315142
0.081251334544800
-0.101254507313393
-0.029003297580740
-0.004396861665102
0.273197854456937
1.230220197040977
0.286829237930370
-0.192720695632577
0.045534104125711
0.160325773054619
-0.050268991580467
0.017171568007834
0.072992775593285
-0.282953669236356
-0.121983450786850
0.910836057907077
0.826069042234460
-0.124152856952821
-0.276446347299770
0.085297735003560
-0.026924468728136
-0.114424924539790
0.001089154531473
-0.055258106950549
1.063806623453622
0.927795193835866
0.000204910206742
-0.154736425958219
0.162111732272489
0.038378823848718
0.001089154531463
-0.001856575596397
-0.039031912917223
-0.315513019929932
0.403720842372572
0.999999000000002
0.403720842363854
-0.315513019914536
-0.039031912931181
-0.001856575596396
0.181779068087851
0.043703324516844
-0.167087010815223
0.468804451546734
1.196893855251318
0.468804451546733
-0.167087010814339
0.043703324516877
0.181779068087782
-0.114424924539790
-0.026924468728136
0.085297735003560
-0.276446347299770
-0.124152856952821
0.826069042234460
0.910836057907077
-0.121983450786850
-0.282953669236356
0.001089154531463
0.038378823848718
0.162111732272489
-0.154736425958219
0.000204910206742
0.927795193835866
1.063806623453622
-0.055258106950549
0.001089154531473
-0.004396861665102
-0.029003297580740
-0.101254507313393
0.081251334544800
-0.004303651315142
-0.325319096763228
0.206953632154684
0.993311216119300
-0.004396861665098
0.072992775593285
0.017171568007834
-0.050268991580467
0.160325773054619
0.045534104125711
-0.192720695632577
0.286829237930370
1.230220197040977
0.273197854456937
-0.027509749333190
-0.006434360911288
0.018619565365776
-0.057519880420282
-0.015322481629001
0.059960532601895
-0.133486698557667
-0.131673968734710
0.882026280808397
0.002555153977746
0.011927361441566
0.038548180847807
-0.028406658170497
0.002543122614264
0.106636409692393
-0.064193917884794
0.045389132513730
1.002555153977748
