5
-1.000000000000000
-0.654653670707977
0.000000000000000
0.654653670707977
1.000000000000000
16
-1.000000000000000
-0.978147600733806
-0.913545457642601
-0.809016994374947
-0.669130606358858
-0.500000000000000
-0.309016994374947
-0.104528463267653
0.104528463267653
0.309016994374947
0.500000000000000
0.669130606358858
0.809016994374947
0.913545457642601
0.978147600733806
1.000000000000000
0.999921302109200
0.890632391980996
0.608975307519830
0.268910840171690
-0.004577535611252
-0.136372111722373
-0.127484204154473
-0.042466220664031
0.034204971471700
0.062186392916561
0.039032514226551
-0.005223405120628
-0.034750752209629
-0.031021421974602
-0.011136625534111
-0.000078697890802
1.000462616058203
0.894660979059830
0.621311195639071
0.289332576982411
0.018876119394495
-0.116894770872261
-0.117504091507203
-0.040446845741369
0.041874592196822
0.069793949750487
0.042990442230056
-0.003278694799003
-0.030178179260729
-0.027636504649508
-0.009437258015452
0.000462616058201
-0.000834020901651
0.140262683251176
0.483346642093501
0.835261958781716
0.998456831280956
0.883394784595295
0.549121806878061
0.142303399001557
-0.144257246483832
-0.219527409590005
-0.128373540992857
0.010191401623662
0.087528828984356
0.079166891496712
0.027150411875011
-0.000834020901648
0.000276683813771
0.148030876784014
0.506249042919274
0.872042692039108
1.037266059710155
0.910561841947947
0.554889920471482
0.160399499412923
-0.116119700551149
-0.197066242120404
-0.118266967571122
0.015974366542210
0.100445423701250
0.088141515106715
0.031519123333570
0.000276683813774
-0.000340663585805
-0.058346368080939
-0.173456320698003
-0.205100482091911
-0.044747387634007
0.309451909752364
0.702711173557198
0.963856892179327
0.963856892179327
0.702711173557227
0.309451909734154
-0.044747387603921
-0.205100482127022
-0.173456320671304
-0.058346368095342
-0.000340663585808
0.000550541426274
-0.052829084434395
-0.156380492796326
-0.182137453880165
-0.024433724753458
0.313651872491188
0.724578499703852
1.000547201418600
1.000547201418597
0.724578499703854
0.313651872491188
-0.024433724754632
-0.182137453655629
-0.156380492796328
-0.052829084434398
0.000550541426271
-0.000834020901648
0.027150411875011
0.079166891496712
0.087528828984356
0.010191401623662
-0.128373540992857
-0.219527409590005
-0.144257246483832
0.142303399001557
0.549121806878061
0.883394784595295
0.998456831280956
0.835261958781716
0.483346642093501
0.140262683251176
-0.000834020901651
0.000276683813774
0.031519123333570
0.088141515106715
0.100445423701250
0.015974366542210
-0.118266967571122
-0.197066242120404
-0.116119700551149
0.160399499412923
0.554889920471482
0.910561841947947
1.037266059710155
0.872042692039108
0.506249042919274
0.148030876784014
0.000276683813771
-0.000078697890802
-0.011136625534111
-0.031021421974602
-0.034750752209629
-0.005223405120628
0.039032514226551
0.062186392916561
0.034204971471700
-0.042466220664031
-0.127484204154473
-0.136372111722373
-0.004577535611252
0.268910840171690
0.608975307519830
0.890632391980996
0.999921302109200
0.000462616058201
-0.009437258015452
-0.027636504649508
-0.030178179260729
-0.003278694799003
0.042990442230056
0.069793949750487
0.041874592196822
-0.040446845741369
-0.117504091507203
-0.116894770872261
0.018876119394495
0.289332576982411
0.621311195639071
0.894660979059830
1.000462616058203
