8
-1.000000000000000
-0.871740148509605
-0.591700181433143
-0.209299217902479
0.209299217902479
0.591700181433143
0.871740148509605
1.000000000000000
10
-1.000000000000000
-0.960289856497536
-0.796666477413627
-0.525532409916329
-0.183434642495650
0.183434642495650
0.525532409916329
0.796666477413627
0.960289856497536
1.000000000000000
0.999871437337606
0.284080722250118
-0.241084257478129
0.042364969745751
-0.041531367408037
-0.037198392553410
0.011965500248789
-0.038784726723818
0.010847468082522
-0.000128562662389
1.001822820233677
0.535535250572012
-0.126137771284917
0.099233089579103
0.010255867502799
0.008859902286498
0.046019789741956
-0.012599344643310
0.019617469349511
0.001935512994818
-0.003078273918495
0.583332898613970
0.825990974086040
-0.359434256123496
0.022817498611912
-0.025671028829795
-0.117191968307702
0.034642762054333
-0.049533012453800
-0.003341121805155
0.000337042793182
1.047624511999373
0.963406459638028
-0.141113506186075
0.117382776987988
0.102142109951489
-0.031877946689952
0.102870741013450
-0.028193978379481
0.000337042793180
-0.000516665084865
-0.463037733901563
0.379195222990791
0.941095905385137
-0.264024731647760
-0.145098355325706
0.048923186751391
-0.159249197088487
0.042347116595430
-0.000516665084839
0.002283433802190
-0.178310709544603
0.665104043920965
1.195389905236169
-0.055536177573347
0.040038837697145
0.190950691189541
-0.055382761551702
0.072935079704437
0.002551530072077
-0.001324868252564
0.096231880307537
-0.426445078944498
0.103182655862464
0.992828350541530
-0.117580211486534
-0.298449610844502
0.086154302634850
-0.107406217292924
-0.001462477327077
0.000779898979575
0.178872788717934
-0.148899138066231
0.332744294702282
1.267883584643741
0.066057103035646
-0.071417312876880
0.243361846074304
-0.061789926247394
0.000779898979543
-0.001462477327077
-0.107406217292924
0.086154302634850
-0.298449610844502
-0.117580211486534
0.992828350541530
0.103182655862464
-0.426445078944498
0.096231880307537
-0.001324868252564
0.000779898979543
-0.061789926247394
0.243361846074304
-0.071417312876880
0.066057103035646
1.267883584643741
0.332744294702282
-0.148899138066231
0.178872788717934
0.000779898979575
-0.000516665084839
0.042347116595430
-0.159249197088487
0.048923186751391
-0.145098355325706
-0.264024731647760
0.941095905385137
0.379195222990791
-0.463037733901563
-0.000516665084865
0.002551530072077
0.072935079704437
-0.055382761551702
0.190950691189541
0.040038837697145
-0.055536177573347
1.195389905236169
0.665104043920965
-0.178310709544603
0.002283433802190
-0.003341121805155
-0.049533012453800
0.034642762054333
-0.117191968307702
-0.025671028829795
0.022817498611912
-0.359434256123496
0.825990974086040
0.583332898613970
-0.003078273918495
0.000337042793180
-0.028193978379481
0.102870741013450
-0.031877946689952
0.102142109951489
0.117382776987988
-0.141113506186075
0.963406459638028
1.047624511999373
0.000337042793182
-0.000128562662389
0.010847468082522
-0.038784726723818
0.011965500248789
-0.037198392553410
-0.041531367408037
0.042364969745751
-0.241084257478129
0.284080722250118
0.999871437337606
0.001935512994818
0.019617469349511
-0.012599344643310
0.046019789741956
0.008859902286498
0.010255867502799
0.099233089579103
-0.126137771284917
0.535535250572012
1.001822820233677
