4
-1.000000000000000
-0.447213595499958
0.447213595499958
1.000000000000000
19
-1.000000000000000
-0.984807753012208
-0.939692620785908
-0.866025403784439
-0.766044443118978
-0.642787609686539
-0.500000000000000
-0.342020143325669
-0.173648177666930
-0.000000000000000
0.173648177666930
0.342020143325668
0.500000000000000
0.642787609686539
0.766044443118978
0.866025403784438
0.939692620785908
0.984807753012208
1.000000000000000
0.999929769725434
0.954348877846886
0.825819596011423
0.637026739081140
0.420347359145520
0.210509637107743
0.037788927276953
-0.078341030112914
-0.131744240701647
-0.129904223382334
-0.090038347853145
-0.034279730357077
0.015571862011559
0.047592172990655
0.056517107374066
0.045998430376564
0.025687171153653
0.007266900852874
-0.000132951500808
1.000405511633617
0.955138352020287
0.828208439012184
0.641613291172798
0.427101957601211
0.218877715967513
0.046961529312690
-0.069566481310807
-0.124454747111731
-0.124887649148939
-0.087552110387718
-0.033665428074334
0.017743528622246
0.050432413582595
0.059415427591952
0.048170348732103
0.027001032969711
0.007787391493370
0.000201822121548
-0.000587954719236
0.060082114091060
0.226415734943519
0.458523553270423
0.700328969610603
0.893921627936136
0.992656706746702
0.973801858809010
0.841239540522928
0.624703800585248
0.369333586140329
0.123703121116096
-0.064215703414179
-0.170292776342033
-0.192681411112405
-0.152583907502290
-0.083839150990265
-0.023862766079649
-0.000368723681092
0.000237131834108
0.061671450221564
0.231130847592773
0.467223620423087
0.713123870649560
0.909126281153180
1.008921389058995
0.988168222950118
0.852007511672024
0.630108493159782
0.371026299395801
0.129986827861311
-0.055189915245148
-0.160391516894305
-0.183948034585881
-0.146135274819787
-0.080311293898350
-0.022496657503603
0.000425897128775
-0.000368723681092
-0.023862766079649
-0.083839150990265
-0.152583907502290
-0.192681411112405
-0.170292776342033
-0.064215703414179
0.123703121116096
0.369333586140329
0.624703800585248
0.841239540522928
0.973801858809010
0.992656706746702
0.893921627936136
0.700328969610603
0.458523553270423
0.226415734943519
0.060082114091060
-0.000587954719236
0.000425897128775
-0.022496657503603
-0.080311293898350
-0.146135274819787
-0.183948034585881
-0.160391516894305
-0.055189915245148
0.129986827861311
0.371026299395801
0.630108493159782
0.852007511672024
0.988168222950118
1.008921389058995
0.909126281153180
0.713123870649560
0.467223620423087
0.231130847592773
0.061671450221564
0.000237131834108
-0.000132951500808
0.007266900852874
0.025687171153653
0.045998430376564
0.056517107374066
0.047592172990655
0.015571862011559
-0.034279730357077
-0.090038347853145
-0.129904223382334
-0.131744240701647
-0.078341030112914
0.037788927276953
0.210509637107743
0.420347359145520
0.637026739081140
0.825819596011423
0.954348877846886
0.999929769725434
0.000201822121548
0.007787391493370
0.027001032969711
0.048170348732103
0.059415427591952
0.050432413582595
0.017743528622246
-0.033665428074334
-0.087552110387718
-0.124887649148939
-0.124454747111731
-0.069566481310807
0.046961529312690
0.218877715967513
0.427101957601211
0.641613291172798
0.828208439012184
0.955138352020287
1.000405511633617
