4
-1.000000000000000
-0.447213595499958
0.447213595499958
1.000000000000000
18
-1.000000000000000
-0.982973099683902
-0.932472229404356
-0.850217135729614
-0.739008917220659
-0.602634636379256
-0.445738355776538
-0.273662990072083
-0.092268359463302
0.092268359463302
0.273662990072083
0.445738355776538
0.602634636379256
0.739008917220659
0.850217135729614
0.932472229404356
0.982973099683902
1.000000000000000
0.999931735507535
0.948851729884289
0.805872627676901
0.599248716554392
0.368235047448646
0.153698992475039
-0.011390839747850
-0.108766100231334
-0.137637675458523
-0.112591546508821
-0.057835770455427
-0.000517749059713
0.040520977431190
0.056460208971940
0.048916276654071
0.028235459744273
0.008110589982012
-0.000124563679897
1.000331913538755
0.949835756262753
0.808764670340237
0.604794248950720
0.376281033609552
0.163438186013412
-0.001015345443715
-0.099420438363980
-0.130614739948395
-0.108443974365896
-0.056566412387629
0.001284187338526
0.043714075472510
0.059647398682008
0.051620294503145
0.029725047519469
0.008784957464754
0.000243038721395
-0.000573656332394
0.067135402702202
0.251372251638595
0.502220783435672
0.752290771196141
0.934362950744213
0.999667357139089
0.931672263136752
0.747252997105200
0.491404269076242
0.219697433612881
-0.007793530457956
-0.149116080676268
-0.195531862236636
-0.163441369600002
-0.092799778351269
-0.026682424919073
-0.000440577388564
0.000273105908379
0.069141846296964
0.257034906795700
0.512820309484770
0.767369737559821
0.952016817481407
1.017643390558339
0.946497690435632
0.756607319356865
0.494395351863726
0.224629049418856
0.001874680781396
-0.138323581949162
-0.185024711028888
-0.155924006291719
-0.088365078974361
-0.025077792722737
0.000426630113204
-0.000440577388564
-0.026682424919073
-0.092799778351269
-0.163441369600002
-0.195531862236636
-0.149116080676268
-0.007793530457956
0.219697433612881
0.491404269076242
0.747252997105200
0.931672263136752
0.999667357139089
0.934362950744213
0.752290771196141
0.502220783435672
0.251372251638595
0.067135402702202
-0.000573656332394
0.000426630113204
-0.025077792722737
-0.088365078974361
-0.155924006291719
-0.185024711028888
-0.138323581949162
0.001874680781396
0.224629049418856
0.494395351863726
0.756607319356865
0.946497690435632
1.017643390558339
0.952016817481407
0.767369737559821
0.512820309484770
0.257034906795700
0.069141846296964
0.000273105908379
-0.000124563679897
0.008110589982012
0.028235459744273
0.048916276654071
0.056460208971940
0.040520977431190
-0.000517749059713
-0.057835770455427
-0.112591546508821
-0.137637675458523
-0.108766100231334
-0.011390839747850
0.153698992475039
0.368235047448646
0.599248716554392
0.805872627676901
0.948851729884289
0.999931735507535
0.000243038721395
0.008784957464754
0.029725047519469
0.051620294503145
0.059647398682008
0.043714075472510
0.001284187338526
-0.056566412387629
-0.108443974365896
-0.130614739948395
-0.099420438363980
-0.001015345443715
0.163438186013412
0.376281033609552
0.604794248950720
0.808764670340237
0.949835756262753
1.000331913538755
