8
-1.000000000000000
-0.871740148509605
-0.591700181433143
-0.209299217902479
0.209299217902479
0.591700181433142
0.871740148509605
1.000000000000000
7
-1.000000000000000
-0.656387542977723
-0.306275951695655
0.000000000000000
0.306275951695655
0.656387542977723
1.000000000000000
0.078255321938606
-0.278219880870618
0.037219142007551
-0.081306913993603
0.019846489843314
-0.024139793999751
-0.003757383752381
1.000226833930221
-0.037054950645762
0.182113217532647
-0.039061499999999
0.042323762675463
-0.000846610046438
0.013952612620523
-0.000597792289225
0.056054546962511
-0.474044689395036
0.108839023398808
-0.112890401101750
0.002560949041020
-0.036374767131931
1.450562669676980
0.427304257871198
-0.105579792958892
0.229594799072770
-0.053456043240104
0.063503207982572
0.009403470230228
-0.563686617983060
0.937175720928834
0.178524287366854
-0.417698249256479
0.087186470109744
-0.099683079336929
-0.016836752901434
0.000916711247687
1.218607378862353
0.489731926485218
-0.204028353469556
0.183331353243003
-0.006258686137612
0.055274808168730
-0.001571273891002
-0.278510570814353
0.908535264480094
0.632847907062700
-0.347483482912091
0.046483415160909
-0.089577513818222
0.159687309508473
-0.148503710446854
1.132666103220674
0.811114863535352
-0.170889463034921
0.151893341095609
0.019429058780571
-0.089577513818222
0.046483415160909
-0.347483482912091
0.632847907062700
0.908535264480094
-0.278510570814353
-0.001571273891002
0.019429058780571
0.151893341095609
-0.170889463034921
0.811114863535352
1.132666103220674
-0.148503710446854
0.159687309508473
-0.016836752901434
-0.099683079336929
0.087186470109744
-0.417698249256479
0.178524287366854
0.937175720928834
-0.563686617983060
0.055274808168730
-0.006258686137612
0.183331353243003
-0.204028353469556
0.489731926485218
1.218607378862353
0.000916711247687
-0.036374767131931
0.002560949041020
-0.112890401101750
0.108839023398808
-0.474044689395036
0.056054546962511
-0.000597792289225
0.009403470230228
0.063503207982572
-0.053456043240104
0.229594799072770
-0.105579792958892
0.427304257871198
1.450562669676980
-0.003757383752381
-0.024139793999751
0.019846489843314
-0.081306913993603
0.037219142007551
-0.278219880870618
0.078255321938606
0.013952612620523
-0.000846610046438
0.042323762675463
-0.039061499999999
0.182113217532647
-0.037054950645762
1.000226833930221
