8
-1.000000000000000
-0.871740148509605
-0.591700181433143
-0.209299217902479
0.209299217902479
0.591700181433143
0.871740148509605
1.000000000000000
15
-1.000000000000000
-0.984183054718588
-0.917598399222978
-0.801578090733310
-0.642349339440340
-0.448492751036447
-0.230458315955135
0.000000000000000
0.230458315955135
0.448492751036447
0.642349339440340
0.801578090733310
0.917598399222978
0.984183054718588
1.000000000000000
0.999608375607395
0.768981023227837
0.116713824619684
-0.188362461235457
-0.045312593600680
0.063579794048602
-0.001311609972425
-0.057110996032927
0.004690372728177
0.023921592538729
-0.015069171173362
-0.022115557055157
0.008563942488218
0.005989427404298
-0.000391624392600
1.000901183126167
0.794062469921291
0.207050093245905
-0.123709871020551
-0.028449745715507
0.094817662013983
0.008952101267137
-0.038343720955203
0.012896118253729
0.036904081013637
-0.008743073155007
-0.012783684207542
0.012009541812085
0.012523830710000
0.000901183126172
-0.001580654053512
0.270815496013071
0.903663324218079
0.851670826225198
0.075469508926216
-0.295113526466589
-0.024981441932765
0.107749275555565
-0.034483583588578
-0.097583396608145
0.023834093214869
0.034206199047903
-0.030496274781225
-0.031762457638374
-0.001580654053514
0.001303954750399
0.316011218615561
1.065893245186861
0.927129367080757
0.166895673414311
-0.201056359982373
0.005732305511936
0.160588457448651
-0.012507215906728
-0.063482187158660
0.039998344770877
0.058142258270623
-0.022007653873002
-0.015266265430946
0.001303954750396
-0.001829571006990
-0.140670733565787
-0.250767377070755
0.356136742949342
0.961755079705468
0.755596896224950
-0.038292193981482
-0.294753456660987
0.021851426452943
0.102766181674363
-0.062424737087780
-0.088691480321656
0.033334868507730
0.023000563012563
-0.001829571006964
0.001009216995787
-0.098661200993583
-0.161792592074849
0.389651884595688
1.112315658225874
0.832952201525590
0.053316663503090
-0.203809725212079
0.058623405481617
0.156682227579369
-0.038691782967176
-0.053675063223665
0.044627480518941
0.046236402551059
0.001009216995812
-0.001442601139758
0.054080086104014
0.080944714560425
-0.204385799821461
-0.214331595796530
0.496811441288996
0.995613768960231
0.633118165670427
-0.137132321443727
-0.263005203770781
0.061880017000564
0.081426305692280
-0.065676968018693
-0.067102925964484
-0.001442601139791
0.001177231573925
0.100750243649952
0.104575709120008
-0.140225898259962
-0.123542283843261
0.539808185809020
1.145721755373949
0.695284735967919
-0.047903376610233
-0.180565088189536
0.099198764308908
0.131745033727330
-0.050609561219086
-0.034873440177296
0.001177231573892
-0.001442601139791
-0.067102925964484
-0.065676968018693
0.081426305692280
0.061880017000564
-0.263005203770781
-0.137132321443727
0.633118165670427
0.995613768960231
0.496811441288996
-0.214331595796530
-0.204385799821461
0.080944714560425
0.054080086104014
-0.001442601139758
0.001177231573892
-0.034873440177296
-0.050609561219086
0.131745033727330
0.099198764308908
-0.180565088189536
-0.047903376610233
0.695284735967919
1.145721755373949
0.539808185809020
-0.123542283843261
-0.140225898259962
0.104575709120008
0.100750243649952
0.001177231573925
-0.001829571006964
0.023000563012563
0.033334868507730
-0.088691480321656
-0.062424737087780
0.102766181674363
0.021851426452943
-0.294753456660987
-0.038292193981482
0.755596896224950
0.961755079705468
0.356136742949342
-0.250767377070755
-0.140670733565787
-0.001829571006990
0.001009216995812
0.046236402551059
0.044627480518941
-0.053675063223665
-0.038691782967176
0.156682227579369
0.058623405481617
-0.203809725212079
0.053316663503090
0.832952201525590
1.112315658225874
0.389651884595688
-0.161792592074849
-0.098661200993583
0.001009216995787
-0.001580654053514
-0.031762457638374
-0.030496274781225
0.034206199047903
0.023834093214869
-0.097583396608145
-0.034483583588578
0.107749275555565
-0.024981441932765
-0.295113526466589
0.075469508926216
0.851670826225198
0.903663324218079
0.270815496013071
-0.001580654053512
0.001303954750396
-0.015266265430946
-0.022007653873002
0.058142258270623
0.039998344770877
-0.063482187158660
-0.012507215906728
0.160588457448651
0.005732305511936
-0.201056359982373
0.166895673414311
0.927129367080757
1.065893245186861
0.316011218615561
0.001303954750399
-0.000391624392600
0.005989427404298
0.008563942488218
-0.022115557055157
-0.015069171173362
0.023921592538729
0.004690372728177
-0.057110996032927
-0.001311609972425
0.063579794048602
-0.045312593600680
-0.188362461235457
0.116713824619684
0.768981023227837
0.999608375607395
0.000901183126172
0.012523830710000
0.012009541812085
-0.012783684207542
-0.008743073155007
0.036904081013637
0.012896118253729
-0.038343720955203
0.008952101267137
0.094817662013983
-0.028449745715507
-0.123709871020551
0.207050093245905
0.794062469921291
1.000901183126167
