3
-1.000000000000000
0.000000000000000
1.000000000000000
11
-1.000000000000000
-0.968160239507626
-0.836031107326636
-0.613371432700590
-0.324253423403809
0.000000000000000
0.324253423403809
0.613371432700590
0.836031107326636
0.968160239507626
1.000000000000000
0.999998520709070
0.951912633803455
0.763319957809715
0.486170380672487
0.202249966062403
-0.013859658617576
-0.122003457341507
-0.127201052028018
-0.072711149516820
-0.016247605704104
-0.000001479290930
1.000162823485147
0.952897397232840
0.767630667447439
0.494933858745965
0.214709347929549
0.000001000000000
-0.109544075474260
-0.118437573953594
-0.068400439886839
-0.015262842280646
0.000162823485147
-0.000324646970293
0.062366445047820
0.300770772538988
0.623504715207927
0.894835727544711
0.999999000000000
0.894835727544711
0.623504715208024
0.300770772450235
0.062366445073339
-0.000324646970293
0.000001951395804
0.064333667600902
0.309390863174550
0.641028705451038
0.919753626996599
1.027717093801026
0.919753626996599
0.641028705451038
0.309390863173795
0.064333667601015
0.000001951395804
-0.000001479290930
-0.016247605704104
-0.072711149516820
-0.127201052028018
-0.122003457341507
-0.013859658617576
0.202249966062403
0.486170380672487
0.763319957809715
0.951912633803455
0.999998520709070
0.000162823485147
-0.015262842280646
-0.068400439886839
-0.118437573953594
-0.109544075474260
0.000001000000000
0.214709347929549
0.494933858745965
0.767630667447439
0.952897397232840
1.000162823485147
