4
-1.000000000000000
-0.447213595499958
0.447213595499958
1.000000000000000
18
-1.000000000000000
-0.882352941176471
-0.764705882352941
-0.647058823529412
-0.529411764705882
-0.411764705882353
-0.294117647058824
-0.176470588235294
-0.058823529411765
0.058823529411765
0.176470588235294
0.294117647058824
0.411764705882353
0.529411764705882
0.647058823529412
0.764705882352941
0.882352941176471
1.000000000000000
0.991307013071361
0.672632598784092
0.417215155192244
0.218636222050054
0.071088866926337
-0.031821368251255
-0.095921522720020
-0.127585201636064
-0.132667769149236
-0.117508281015714
-0.088005519952939
-0.050456273119230
-0.011272895676156
0.023534830345929
0.048202759478030
0.056583571544881
0.042510765160106
-0.000082065897788
1.000219919321454
0.680741760025963
0.424385286586606
0.225205596975309
0.076931811553058
-0.026702256921958
-0.091683670004129
-0.124025438847105
-0.129865424205638
-0.115403907258463
-0.086710621363354
-0.049856822712220
-0.010420590913002
0.025085850277617
0.050536030108337
0.059571377938042
0.046365508816458
0.004507271588490
-0.000405320383068
0.411311606849986
0.703269156332647
0.888835626840577
0.981968622217511
0.996605761623182
0.946176843069963
0.844202011354586
0.704384437301810
0.540515116872225
0.365652367557181
0.192979426796873
0.036816619191938
-0.088516846097408
-0.170105886094277
-0.193467796696844
-0.145846009516862
-0.012627213047717
0.016858813240913
0.426803906440135
0.716722776808698
0.900891618461693
0.992382805160775
1.005397175917641
0.953066532449951
0.849542641261983
0.708022639833329
0.542574714178555
0.366851330446976
0.195674207704712
0.041370261132663
-0.082435264116499
-0.162243983293917
-0.184238014464135
-0.134564132036055
0.000267466959402
-0.012627213047717
-0.145846009516862
-0.193467796696844
-0.170105886094277
-0.088516846097408
0.036816619191938
0.192979426796873
0.365652367557181
0.540515116872225
0.704384437301810
0.844202011354586
0.946176843069963
0.996605761623182
0.981968622217511
0.888835626840577
0.703269156332647
0.411311606849986
-0.000405320383068
0.000267466959402
-0.134564132036055
-0.184238014464135
-0.162243983293917
-0.082435264116499
0.041370261132663
0.195674207704712
0.366851330446976
0.542574714178555
0.708022639833329
0.849542641261983
0.953066532449951
1.005397175917641
0.992382805160775
0.900891618461693
0.716722776808698
0.426803906440135
0.016858813240913
-0.000082065897788
0.042510765160106
0.056583571544881
0.048202759478030
0.023534830345929
-0.011272895676156
-0.050456273119230
-0.088005519952939
-0.117508281015714
-0.132667769149236
-0.127585201636064
-0.095921522720020
-0.031821368251255
0.071088866926337
0.218636222050054
0.417215155192244
0.672632598784092
0.991307013071361
0.004507271588490
0.046365508816458
0.059571377938042
0.050536030108337
0.025085850277617
-0.010420590913002
-0.049856822712220
-0.086710621363354
-0.115403907258463
-0.129865424205638
-0.124025438847105
-0.091683670004129
-0.026702256921958
0.076931811553058
0.225205596975309
0.424385286586606
0.680741760025963
1.000219919321454
