7
-1.000000000000000
-0.830223896278567
-0.468848793470714
0.000000000000000
0.468848793470714
0.830223896278567
1.000000000000000
16
-1.000000000000000
-0.969568046269720
-0.899200533094528
-0.792008291861017
-0.652388702882773
-0.486059421887093
-0.299830468900765
-0.101326273521950
0.101326273521949
0.299830468900764
0.486059421887142
0.652388702882451
0.792008291861938
0.899200533093325
0.969568046270279
1.000000000000000
0.999064278588465
0.689709943580179
0.202356048199729
-0.120832210899388
-0.139954620648774
-0.011092576353610
0.062570105782764
0.032600292498648
-0.035304499964480
-0.042098373752835
0.003697310377031
0.025319103450615
0.008445758756580
-0.015853802930187
-0.014821659809448
-0.000171204844498
1.001190518979826
0.712231846260013
0.247372840565049
-0.072997792284552
-0.119662244974165
-0.000109101665444
0.081894008075283
0.037600041043245
-0.025557410728249
-0.032611625558421
0.007608710172738
0.033458321116914
0.011405745068734
-0.012045312854725
-0.009852550936109
0.001190518979824
-0.002102100182142
0.373236246028433
0.871603781106929
0.968535651601731
0.562927311914843
-0.015512143032659
-0.253111721947828
-0.109084589912950
0.074149587826916
0.091642388114933
-0.019883821136715
-0.088871662697414
-0.029073359951768
0.032943262265904
0.027034795110747
-0.002102100182145
0.002210831559726
0.414659811448525
0.951224610584120
1.039095871324607
0.577084581251602
0.039935961116622
-0.198958162843093
-0.096704210639818
0.101475947767255
0.116338269581361
-0.009834569610541
-0.067799687242522
-0.022242626983709
0.042132293953510
0.039441399221230
0.000689753584763
-0.002773044968927
-0.157114548717593
-0.228505179386491
0.124090553755462
0.687974538714076
0.997237310843316
0.780128794775816
0.214069769814716
-0.217742542061188
-0.202138121635812
0.017139924805348
0.112131119692026
0.035849066617562
-0.067300301213305
-0.060580777018469
-0.001031218837742
0.001356542617823
-0.129359884720166
-0.174464046412798
0.144605366457311
0.734265461971247
1.082957879215662
0.823653918919866
0.242316542156961
-0.154273956521813
-0.170751308559647
0.033700325186818
0.144826183443280
0.043596795496324
-0.053969710671403
-0.044170226645009
0.001356542617817
-0.000713685796477
0.071056011923231
0.088735423035308
-0.069735631291026
-0.257336020151461
-0.083682322014689
0.467063149865159
0.929045656314516
0.929045656314516
0.467063149865163
-0.083682322014834
-0.257336020151031
-0.069735631290186
0.088735423036797
0.071056011920177
-0.000713685796474
0.001508247802886
0.090434169826244
0.113150279195606
-0.061147826823070
-0.205693916556116
-0.037050396434821
0.482561513585675
1.000870772830808
1.000870772830796
0.482561513585685
-0.037050396434959
-0.205693916555788
-0.061147826821064
0.113150279192246
0.090434169829210
0.001508247802235
-0.001031218837742
-0.060580777018469
-0.067300301213305
0.035849066617562
0.112131119692026
0.017139924805348
-0.202138121635812
-0.217742542061188
0.214069769814716
0.780128794775816
0.997237310843316
0.687974538714076
0.124090553755462
-0.228505179386491
-0.157114548717593
-0.002773044968927
0.001356542617817
-0.044170226645009
-0.053969710671403
0.043596795496324
0.144826183443280
0.033700325186818
-0.170751308559647
-0.154273956521813
0.242316542156961
0.823653918919866
1.082957879215662
0.734265461971247
0.144605366457311
-0.174464046412798
-0.129359884720166
0.001356542617823
-0.002102100182145
0.027034795110747
0.032943262265904
-0.029073359951768
-0.088871662697414
-0.019883821136715
0.091642388114933
0.074149587826916
-0.109084589912950
-0.253111721947828
-0.015512143032659
0.562927311914843
0.968535651601731
0.871603781106929
0.373236246028433
-0.002102100182142
0.000689753584763
0.039441399221230
0.042132293953510
-0.022242626983709
-0.067799687242522
-0.009834569610541
0.116338269581361
0.101475947767255
-0.096704210639818
-0.198958162843093
0.039935961116622
0.577084581251602
1.039095871324607
0.951224610584120
0.414659811448525
0.002210831559726
-0.000171204844498
-0.014821659809448
-0.015853802930187
0.008445758756580
0.025319103450615
0.003697310377031
-0.042098373752835
-0.035304499964480
0.032600292498648
0.062570105782764
-0.011092576353610
-0.139954620648774
-0.120832210899388
0.202356048199729
0.689709943580179
0.999064278588465
0.001190518979824
-0.009852550936109
-0.012045312854725
0.011405745068734
0.033458321116914
0.007608710172738
-0.032611625558421
-0.025557410728249
0.037600041043245
0.081894008075283
-0.000109101665444
-0.119662244974165
-0.072997792284552
0.247372840565049
0.712231846260013
1.001190518979826
