7
-1.000000000000000
-0.830223896278567
-0.468848793470714
0.000000000000000
0.468848793470714
0.830223896278567
1.000000000000000
5
-1.000000000000000
-0.654653670707977
0.000000000000000
0.654653670707977
1.000000000000000
0.211278013885664
-0.262639362928969
-0.030895122713802
-0.055892122982646
-0.007345853112837
1.000002357478738
-0.029680535597635
0.149672812257488
0.026460139446508
0.003448350550880
-0.000004873758790
0.040157895290521
-0.423273838206218
-0.070811054768341
-0.010385909363924
1.411607360125309
0.689448008235097
0.089049419996486
0.151840725127604
0.018781133404058
-0.672053929515768
0.680465196895206
-0.225177314100059
-0.174279245242369
-0.040243723265825
0.000002334504386
1.419058089492312
0.272206034560862
0.117911124727899
0.000002334504380
-0.002135310937296
-0.400425409628891
0.999999000000002
-0.400425409628892
-0.002135310937293
0.219084401328359
-0.205246813411076
1.165002117614467
-0.205246813164043
0.219084401187359
-0.040243723265825
-0.174279245242369
-0.225177314100059
0.680465196895206
-0.672053929515768
0.000002334504380
0.117911124727899
0.272206034560862
1.419058089492312
0.000002334504386
-0.010385909363924
-0.070811054768341
-0.423273838206218
0.040157895290521
-0.000004873758790
0.018781133404058
0.151840725127604
0.089049419996486
0.689448008235097
1.411607360125309
-0.007345853112837
-0.055892122982646
-0.030895122713802
-0.262639362928969
0.211278013885664
0.003448350550880
0.026460139446508
0.149672812257488
-0.029680535597635
1.000002357478738
