8
-1.000000000000000
-0.871740148509605
-0.591700181433143
-0.209299217902479
0.209299217902479
0.591700181433143
0.871740148509605
1.000000000000000
3
-1.000000000000000
-0.000000000000000
1.000000000000000
-0.160010909451950
-0.039063500000000
-0.011296267029792
1.000156499375398
-0.039061500000000
0.156399547866137
-0.000005183164029
-0.368050171516336
-0.014583602148790
1.139412615450578
0.108841023398811
0.027470846875306
-0.191476266971584
-0.210141949519246
-0.028075036059763
1.561717476103840
0.261815067262141
0.033484896965269
-0.299334169060057
0.027216462288913
-0.638635643843061
0.180533505080522
1.254093001288349
0.000008930119770
-0.638635643843061
0.027216462288913
-0.299334169060057
0.000008930119770
1.254093001288349
0.180533505080522
-0.028075036059763
-0.210141949519246
-0.191476266971584
0.033484896965269
0.261815067262141
1.561717476103840
-0.014583602148790
-0.368050171516336
-0.000005183164029
0.027470846875306
0.108841023398811
1.139412615450578
-0.011296267029792
-0.039063500000000
-0.160010909451950
0.156399547866137
-0.039061500000000
1.000156499375398
