8
-1.000000000000000
-0.871740148509605
-0.591700181433143
-0.209299217902479
0.209299217902479
0.591700181433143
0.871740148509605
1.000000000000000
4
-1.000000000000000
-0.500000000000000
0.500000000000000
1.000000000000000
-0.161474829824024
-0.097856688493839
0.009400057372665
-0.058773196373682
1.000001539353460
0.067571957586766
0.022525012097897
0.010105524290254
-0.000001166116796
-0.212217278425190
-0.057511511054476
-0.026380225750885
1.380522129680273
0.090505006199510
0.131795319899302
0.000001567306264
-0.223809764581642
0.041828325716891
-0.521951449171479
-0.000007659587965
0.540374788673232
1.132425968944461
0.074904153298476
0.041098145779252
-0.837231527553124
0.160253046122814
-0.268328227434038
-0.044011028312581
0.012331053315643
1.363270727513409
0.229449461805216
0.000001390764393
-0.044011028312581
-0.268328227434038
0.160253046122814
-0.837231527553124
0.000001390764393
0.229449461805216
1.363270727513409
0.012331053315643
-0.000007659587965
-0.521951449171479
0.041828325716891
-0.223809764581642
0.041098145779252
0.074904153298476
1.132425968944461
0.540374788673232
-0.026380225750885
-0.057511511054476
-0.212217278425190
-0.000001166116796
0.000001567306264
0.131795319899302
0.090505006199510
1.380522129680273
-0.058773196373682
0.009400057372665
-0.097856688493839
-0.161474829824024
0.010105524290254
0.022525012097897
0.067571957586766
1.000001539353460
