3
-1.000000000000000
0.000000000000000
1.000000000000000
19
-1.000000000000000
-0.978611766215661
-0.928901528167979
-0.852460577782618
-0.751494202559026
-0.628908137263668
-0.488229285680921
-0.333504847824481
-0.169186023409282
-0.000000000000000
0.169186023409282
0.333504847824491
0.488229285680759
0.628908137265041
0.751494202553092
0.852460577795727
0.928901528153608
0.978611766221633
1.000000000000000
0.999992933230756
0.967983132565215
0.895375657913701
0.788573298379162
0.656535632837670
0.510014923549115
0.360534842512435
0.219132001007345
0.095381867832906
-0.003636296832405
-0.073804155575877
-0.114372846817615
-0.127694443165256
-0.118893213718174
-0.094958569720771
-0.063887279400312
-0.033525870257971
-0.010628633648985
-0.000007066769288
1.000085669253838
0.968217415011922
0.895940205904731
0.789629824444953
0.658191615257484
0.512258314501708
0.363326910515914
0.222436744878443
0.098989218901627
0.000001000000000
-0.070196804507655
-0.111068102946041
-0.124902375164992
-0.116649822761694
-0.093302587303332
-0.062830753333708
-0.032961322271508
-0.010394351201127
0.000085669253838
-0.000170338507677
0.042177936190991
0.137022116362264
0.273201928892710
0.435111972044056
0.604392508260251
0.761576464649093
0.888632358067595
0.971208585606028
0.999999000000000
0.971208585606028
0.888632358067590
0.761576464649226
0.604392508258346
0.435111972053571
0.273201928871688
0.137022116371414
0.042177936179466
-0.000170338507677
0.000013133539059
0.042644501080236
0.138149212344417
0.275312981014334
0.438421936892454
0.608877290156009
0.767158600666635
0.895239845790221
0.978421287762677
1.007271593642791
0.978421287762677
0.895239845790849
0.767158600666128
0.608877290155060
0.438421936899899
0.275312980994757
0.138149212367579
0.042644501071483
0.000013133538332
-0.000007066769288
-0.010628633648985
-0.033525870257971
-0.063887279400312
-0.094958569720771
-0.118893213718174
-0.127694443165256
-0.114372846817615
-0.073804155575877
-0.003636296832405
0.095381867832906
0.219132001007345
0.360534842512435
0.510014923549115
0.656535632837670
0.788573298379162
0.895375657913701
0.967983132565215
0.999992933230756
0.000085669253838
-0.010394351201127
-0.032961322271508
-0.062830753333708
-0.093302587303332
-0.116649822761694
-0.124902375164992
-0.111068102946041
-0.070196804507655
0.000001000000000
0.098989218901627
0.222436744878443
0.363326910515914
0.512258314501708
0.658191615257484
0.789629824444953
0.895940205904731
0.968217415011922
1.000085669253838
