7
-1.000000000000000
-0.830223896278567
-0.468848793470714
0.000000000000000
0.468848793470714
0.830223896278567
1.000000000000000
8
-1.000000000000000
-0.835080892984542
-0.514482891510668
-0.138050726057245
0.138050726057245
0.514482891510668
0.835080892984542
1.000000000000000
0.867281632235175
-0.188261497721283
-0.070197595725140
0.043599085472064
-0.061420453705786
0.001262582580287
-0.002411892946277
-0.031691749300215
1.002574699488375
0.012209149448511
0.007419476888823
0.119867765872590
-0.030771008722104
0.028013044404787
0.027875530395588
0.002574699488373
-0.004405064461342
0.999460630216700
-0.070548141187773
-0.321364767832766
0.090065559455079
-0.072985129765002
-0.072089257134165
-0.004405064461345
0.387685780576760
1.187313275962746
0.113518816521892
-0.130500662075045
0.171766830145875
-0.004731431007726
0.006812127842740
0.084203901716799
-0.346429068293547
-0.071519452229493
0.980879088988064
0.322533294322401
-0.351125210466852
0.038903047253455
-0.013339641453656
-0.132009358316857
0.001446950170644
-0.013559806100942
1.248344500243211
0.433403088019222
-0.186454737877028
0.117145325555439
0.109985732124361
0.001446950170634
-0.001283326134869
-0.147709982275610
-0.253030003864713
0.871123708186859
0.871123708195270
-0.253030003864708
-0.147709982275614
-0.001283326134868
0.208843686398472
0.019945018525310
-0.092460499713644
1.001091761185978
1.001091761185955
-0.092460499713644
0.019945018429635
0.208843686684689
-0.132009358316857
-0.013339641453656
0.038903047253455
-0.351125210466852
0.322533294322401
0.980879088988064
-0.071519452229493
-0.346429068293547
0.001446950170634
0.109985732124361
0.117145325555439
-0.186454737877028
0.433403088019222
1.248344500243211
-0.013559806100942
0.001446950170644
-0.004405064461345
-0.072089257134165
-0.072985129765002
0.090065559455079
-0.321364767832766
-0.070548141187773
0.999460630216700
-0.004405064461342
0.084203901716799
0.006812127842740
-0.004731431007726
0.171766830145875
-0.130500662075045
0.113518816521892
1.187313275962746
0.387685780576760
-0.031691749300215
-0.002411892946277
0.001262582580287
-0.061420453705786
0.043599085472064
-0.070197595725140
-0.188261497721283
0.867281632235175
0.002574699488373
0.027875530395588
0.028013044404787
-0.030771008722104
0.119867765872590
0.007419476888823
0.012209149448511
1.002574699488375
