3
-1.000000000000000
0.000000000000000
1.000000000000000
14
-1.000000000000000
-0.970941817426052
-0.885456025653210
-0.748510748171101
-0.568064746731156
-0.354604887042536
-0.120536680255323
0.120536680255323
0.354604887042535
0.568064746731156
0.748510748171101
0.885456025653210
0.970941817426052
1.000000000000000
0.999998498998498
0.956410750521288
0.833151590435638
0.651145927509767
0.440387632933366
0.233728108513266
0.060267340128054
-0.060269340128054
-0.120876778528562
-0.127677113798368
-0.097364820660949
-0.052304435217927
-0.014531066904545
-0.000001501001502
1.000083816586807
0.956900751993078
0.834806813091893
0.654401839370130
0.445409185138072
0.240175756478492
0.067545597157729
-0.052991083097594
-0.114429130564043
-0.122655561593084
-0.094108908800971
-0.050649213100507
-0.014040958590292
0.000080910871773
-0.000160821743548
0.057141099854899
0.215843400500747
0.439708069430842
0.677247376455012
0.874254374085550
0.985446485939866
0.985446485939866
0.874254374085551
0.677247376455012
0.439708069430841
0.215843400595600
0.057141099846108
-0.000160821743547
0.000002002003005
0.058119316376918
0.219151844794408
0.446217893145041
0.687288480864672
0.887147670021507
1.000001000000003
1.000000999999997
0.887147670000167
0.687288480883693
0.446217893129602
0.219151844804970
0.058119316370663
0.000002002003004
-0.000001501001502
-0.014531066904545
-0.052304435217927
-0.097364820660949
-0.127677113798368
-0.120876778528562
-0.060269340128054
0.060267340128054
0.233728108513266
0.440387632933366
0.651145927509767
0.833151590435638
0.956410750521288
0.999998498998498
0.000080910871773
-0.014040958590292
-0.050649213100507
-0.094108908800971
-0.122655561593084
-0.114429130564043
-0.052991083097594
0.067545597157729
0.240175756478492
0.445409185138072
0.654401839370130
0.834806813091893
0.956900751993078
1.000083816586807
