6
-1.000000000000000
-0.765055323929465
-0.285231516480645
0.285231516480645
0.765055323929466
1.000000000000000
9
-1.000000000000000
-0.840971115617549
-0.620941783402255
-0.314339859665211
0.000000000000000
0.314339859665211
0.620941783402255
0.840971115617549
1.000000000000000
0.926578938357445
0.081805764674502
-0.187675544466514
-0.014806320591317
0.062499000000001
-0.020464494802419
-0.050432010577980
0.015881874280672
-0.000201755043454
1.001734998335109
0.184383196470232
-0.128366695832507
0.004980316591233
0.095559938509001
-0.005976265760626
-0.028560961620587
0.024407114686931
0.021529711530722
-0.003092195957215
0.920294025218954
0.807747999149097
-0.041009053774503
-0.283901089128250
0.019312248413982
0.081320116884698
-0.065176801621039
-0.056222439666898
0.137786146756345
1.101252503255065
0.877678946638075
0.053091761067001
-0.194459146509263
0.060410308451841
0.141018156126031
-0.043204089785260
0.000743848134022
-0.118709830259297
-0.249707400799455
0.419612788177818
0.995350381480341
0.630888025433270
-0.146000948792599
-0.252719889258142
0.074437998475643
-0.001514391442071
0.001732032000904
-0.152215017890082
0.486363702474144
1.154628826143971
0.686877382260908
-0.047379691495581
-0.154530030691136
0.109354470564185
0.088878681192710
-0.001514391442071
0.074437998475643
-0.252719889258142
-0.146000948792599
0.630888025433270
0.995350381480341
0.419612788177818
-0.249707400799455
-0.118709830259297
0.088878681192710
0.109354470564185
-0.154530030691136
-0.047379691495581
0.686877382260908
1.154628826143971
0.486363702474144
-0.152215017890082
0.001732032000904
-0.056222439666898
-0.065176801621039
0.081320116884698
0.019312248413982
-0.283901089128250
-0.041009053774503
0.807747999149097
0.920294025218954
-0.003092195957215
0.000743848134022
-0.043204089785260
0.141018156126031
0.060410308451841
-0.194459146509263
0.053091761067001
0.877678946638075
1.101252503255065
0.137786146756345
-0.000201755043454
0.015881874280672
-0.050432010577980
-0.020464494802419
0.062499000000001
-0.014806320591317
-0.187675544466514
0.081805764674502
0.926578938357445
0.021529711530722
0.024407114686931
-0.028560961620587
-0.005976265760626
0.095559938509001
0.004980316591233
-0.128366695832507
0.184383196470232
1.001734998335109
