3
-1.000000000000000
0.000000000000000
1.000000000000000
13
-1.000000000000000
-0.965925826289068
-0.866025403784439
-0.707106781186548
-0.500000000000000
-0.258819045102521
-0.000000000000000
0.258819045102521
0.500000000000000
0.707106781186547
0.866025403784439
0.965925826289068
1.000000000000000
0.999998831898235
0.948888213261219
0.805843751188349
0.599221047514399
0.368497034010283
0.154819097227965
-0.008669916204617
-0.103999947874604
-0.131502965989724
-0.107885733672194
-0.060181652598234
-0.017037613026822
-0.000001168101765
1.000130333379732
0.949598913617978
0.808130406434099
0.603636022700777
0.375070087949117
0.162980529513245
0.000001000000000
-0.095838515589276
-0.124929912050883
-0.103470758485771
-0.057894997350340
-0.016326912681854
0.000130333379732
-0.000259666759464
0.066728999076587
0.249765590915435
0.499835735777791
0.749860824101766
0.932858986076030
0.999999000000000
0.932858986076031
0.749860824101767
0.499835735777838
0.249765590927944
0.066728999070838
-0.000259666759464
0.000001325514718
0.068147743179362
0.254338142971016
0.508661922754691
0.763007051204330
0.949177487941994
1.017341237160525
0.949177487943677
0.763007051204758
0.508661922751290
0.254338142972000
0.068147743178855
0.000001325514718
-0.000001168101765
-0.017037613026822
-0.060181652598234
-0.107885733672194
-0.131502965989724
-0.103999947874604
-0.008669916204617
0.154819097227965
0.368497034010283
0.599221047514399
0.805843751188349
0.948888213261219
0.999998831898235
0.000130333379732
-0.016326912681854
-0.057894997350340
-0.103470758485771
-0.124929912050883
-0.095838515589276
0.000001000000000
0.162980529513245
0.375070087949117
0.603636022700777
0.808130406434099
0.949598913617978
1.000130333379732
