5
-1.000000000000000
-0.654653670707977
0.000000000000000
0.654653670707977
1.000000000000000
6
-1.000000000000000
-0.809016994374947
-0.309016994374947
0.309016994374947
0.809016994374947
1.000000000000000
0.999943173142416
0.043908046327452
-0.223050573702194
0.062229923017589
-0.035435205959179
-0.026421858483627
1.000898540809494
0.289332576982411
-0.117212110116476
0.119082088384972
-0.029850623711165
0.000898540809493
-0.001639027279657
0.835261958781716
0.440596201645282
-0.446286577479085
0.087028479650521
-0.001639027279655
0.000752138225555
1.255957257878586
0.657624402417432
-0.197241125448383
0.103259319722575
0.071865132525585
-0.029016682485378
-0.331100538918321
0.702970787213499
0.702970787213499
-0.331100538918322
-0.029016682783747
0.001115910705136
-0.182137453789748
1.001112570697453
1.001112570697469
-0.182137453880166
0.001115910705134
-0.001639027279655
0.087028479650521
-0.446286577479085
0.440596201645282
0.835261958781716
-0.001639027279657
0.071865132525585
0.103259319722575
-0.197241125448383
0.657624402417432
1.255957257878586
0.000752138225555
-0.026421858483627
-0.035435205959179
0.062229923017589
-0.223050573702194
0.043908046327452
0.999943173142416
0.000898540809493
-0.029850623711165
0.119082088384972
-0.117212110116476
0.289332576982411
1.000898540809494
