3
-1.000000000000000
0.000000000000000
1.000000000000000
19
-1.000000000000000
-0.984807753012208
-0.939692620785908
-0.866025403784439
-0.766044443118978
-0.642787609686539
-0.500000000000000
-0.342020143325669
-0.173648177666930
-0.000000000000000
0.173648177666930
0.342020143325668
0.500000000000000
0.642787609686539
0.766044443118978
0.866025403784438
0.939692620785908
0.984807753012208
1.000000000000000
0.999998634981285
0.977209669920928
0.910909770910361
0.807052508691675
0.674854440580762
0.525731203427313
0.372132077673935
0.226114796083299
0.098191615409665
-0.003832137073513
-0.075456562257265
-0.115905347242371
-0.127867922326067
-0.117056406259242
-0.091190002538171
-0.058972895092815
-0.028782849875477
-0.007598083091302
-0.000001365018715
1.000137219023619
0.977401589382058
0.911439587809728
0.808092427033018
0.676504884070653
0.528016796947591
0.375048319853706
0.229529654510429
0.101947602804459
0.000001000000000
-0.071700574862471
-0.112490488815240
-0.124951680146294
-0.114770812738949
-0.089539559048325
-0.057932976751421
-0.028253037301016
-0.007405379459196
0.000127892024328
-0.000174346519693
0.029997243094887
0.116814491082436
0.249841549718403
0.413035674977671
0.586755015791358
0.749904360292588
0.882961834304811
0.969753972058012
0.999999000000000
0.969753972058012
0.882961834304811
0.749904360292588
0.586755015791358
0.413035674977671
0.249841549718403
0.116814491089172
0.029997243093074
-0.000174346519693
0.000001735150404
0.030387508546614
0.117871899890684
0.251919662912250
0.416334224612181
0.591324614763576
0.755734392323984
0.889790042546094
0.977263448939797
1.007663785337432
0.977263448939797
0.889790042546088
0.755734392323982
0.591324614763579
0.416334224612102
0.251919662912376
0.117871899890599
0.030387508546654
0.000001735150404
-0.000001365018715
-0.007598083091302
-0.028782849875477
-0.058972895092815
-0.091190002538171
-0.117056406259242
-0.127867922326067
-0.115905347242371
-0.075456562257265
-0.003832137073513
0.098191615409665
0.226114796083299
0.372132077673935
0.525731203427313
0.674854440580762
0.807052508691675
0.910909770910361
0.977209669920928
0.999998634981285
0.000127892024328
-0.007405379459196
-0.028253037301016
-0.057932976751421
-0.089539559048325
-0.114770812738949
-0.124951680146294
-0.112490488815240
-0.071700574862471
0.000001000000000
0.101947602804459
0.229529654510429
0.375048319853706
0.528016796947591
0.676504884070653
0.808092427033018
0.911439587809728
0.977401589382058
1.000137219023619
