8
-1.000000000000000
-0.871740148509605
-0.591700181433143
-0.209299217902479
0.209299217902479
0.591700181433143
0.871740148509605
1.000000000000000
3
-1.000000000000000
0.000000000000000
1.000000000000000
-0.160010909451950
-0.039063500000000
-0.011296267029792
1.000156499375360
-0.039061500000000
0.156399547865996
-0.000005183257809
-0.368050171610115
-0.014583602145548
1.139412615234611
0.108841023398811
0.027470846628525
-0.191476266971584
-0.210141949519246
-0.028075036059763
1.561717421016823
0.261815132595315
0.033484893774926
-0.299334165929865
0.027216454520919
-0.638635628376839
0.180533509240872
1.254092999794746
0.000008930114646
-0.638635628376839
0.027216454520919
-0.299334165929865
0.000008930114646
1.254092999794746
0.180533509240872
-0.028075036059763
-0.210141949519246
-0.191476266971584
0.033484893774926
0.261815132595315
1.561717421016823
-0.014583602145548
-0.368050171610115
-0.000005183257809
0.027470846628525
0.108841023398811
1.139412615234611
-0.011296267029792
-0.039063500000000
-0.160010909451950
0.156399547865996
-0.039061500000000
1.000156499375360
