3
-1.000000000000000
0.000000000000000
1.000000000000000
14
-1.000000000000000
-0.846153846153846
-0.692307692307692
-0.538461538461538
-0.384615384615385
-0.230769230769231
-0.076923076923077
0.076923076923077
0.230769230769231
0.384615384615385
0.538461538461539
0.692307692307693
0.846153846153846
1.000000000000000
0.997040559989298
0.778105078129240
0.582838957010447
0.411240933411630
0.263312283187891
0.139051727941943
0.038460538461259
-0.038462538461260
-0.091717502827806
-0.121303101427009
-0.127220605050279
-0.109468735296711
-0.068048768025489
-0.002959440009911
1.000071721253442
0.781113212163619
0.585823437465267
0.414202183431953
0.266285035514805
0.142048194410494
0.041480028862972
-0.035443048060105
-0.088721036358737
-0.118330349100580
-0.124259355029586
-0.106484254842425
-0.065040633990227
0.000071721253442
-0.000142443671993
0.283928420604581
0.520661815387030
0.710058171597633
0.852046314627613
0.946673843339604
0.993964018019065
0.993964018021683
0.946673840726925
0.852046310290928
0.710058169447899
0.520661815395672
0.283928420405098
-0.000142443671994
0.005917880031507
0.289942689888789
0.526628778293682
0.715978671611320
0.857989818246185
0.952664774869619
1.000001000000002
1.000000999999998
0.952664774895225
0.857989818220322
0.715978671659434
0.526628778271163
0.289942689909411
0.005917880005062
-0.002959440009911
-0.068048768025489
-0.109468735296711
-0.127220605050279
-0.121303101427009
-0.091717502827806
-0.038462538461260
0.038460538461259
0.139051727941943
0.263312283187891
0.411240933411630
0.582838957010447
0.778105078129240
0.997040559989298
0.000071721253442
-0.065040633990227
-0.106484254842425
-0.124259355029586
-0.118330349100580
-0.088721036358737
-0.035443048060105
0.041480028862972
0.142048194410494
0.266285035514805
0.414202183431953
0.585823437465267
0.781113212163619
1.000071721253442
