5
-1.000000000000000
-0.654653670707977
0.000000000000000
0.654653670707977
1.000000000000000
6
-1.000000000000000
-0.600000000000000
-0.200000000000000
0.200000000000000
0.600000000000000
1.000000000000000
0.734050322811980
-0.203871627786278
-0.086536914317906
0.054399000000000
0.002511498948717
-0.063717016989416
1.000327531102154
-0.057599000000000
-0.081299724812403
0.089229515656807
0.025518631074037
0.000327531102152
-0.000454138564608
0.983647477835054
0.298568523830558
-0.307553589159214
-0.057117148241219
-0.000454138564606
0.497868210499260
1.220593548811250
0.335369810353425
-0.178223238917527
-0.006788890637754
0.184628605687680
-0.351403385817623
-0.013547673320066
0.870398999999999
0.870398999999999
-0.013547674104278
-0.351403384796704
0.000104931542133
0.102401000000001
1.000101591534462
1.000101591534454
0.102401000000000
0.000104931542129
-0.000454138564606
-0.057117148241219
-0.307553589159214
0.298568523830558
0.983647477835054
-0.000454138564608
0.184628605687680
-0.006788890637754
-0.178223238917527
0.335369810353425
1.220593548811250
0.497868210499260
-0.063717016989416
0.002511498948717
0.054399000000000
-0.086536914317906
-0.203871627786278
0.734050322811980
0.000327531102152
0.025518631074037
0.089229515656807
-0.081299724812403
-0.057599000000000
1.000327531102154
