3
-1.000000000000000
0.000000000000000
1.000000000000000
8
-1.000000000000000
-0.714333694494886
-0.428559854820694
-0.142715963173665
0.142715963173665
0.428559854820694
0.714333694494886
1.000000000000000
0.989771360205077
0.602128226375702
0.295866917113035
0.071356981587082
-0.071358981587082
-0.132692937707181
-0.112205468119695
-0.010228639794431
1.000124981277638
0.612339824486030
0.306112701992314
0.081606018105688
-0.061109945067977
-0.122447152828379
-0.101993870008856
0.000124981277642
-0.000248962555277
0.489655045522825
0.816335450836065
0.979504926962290
0.979504926962289
0.816335450836066
0.489655045522825
-0.000248962555277
0.020456294502977
0.510076226693406
0.836825035627197
1.000000985015866
1.000001014984139
0.836825005510680
0.510076256787641
0.020456264708328
-0.010228639794431
-0.112205468119695
-0.132692937707181
-0.071358981587082
0.071356981587082
0.295866917113035
0.602128226375702
0.989771360205077
0.000124981277642
-0.101993870008856
-0.122447152828379
-0.061109945067977
0.081606018105688
0.306112701992314
0.612339824486030
1.000124981277638
