7
-1.000000000000000
-0.830223896278567
-0.468848793470714
0.000000000000000
0.468848793470714
0.830223896278567
1.000000000000000
3
-1.000000000000000
-0.000000000000000
1.000000000000000
-0.169483725411487
-0.046617584388331
-0.013005807536290
1.000353608623765
0.000001000000000
0.040071704820636
-0.000001028324669
-0.284941490605326
-0.000001028324671
1.199641072809415
0.107482275562427
0.114156855650696
-0.191407496297856
-0.203557791293467
-0.226703501603575
1.322718364307484
0.733750593712108
0.000003898098078
-0.751871755188993
0.591705870535412
-0.751871755135908
0.045010645131790
1.035355570213458
0.045010639821355
-0.226703501603575
-0.203557791293467
-0.191407496297856
0.000003898098078
0.733750593712108
1.322718364307484
-0.000001028324671
-0.284941490605326
-0.000001028324669
0.114156855650696
0.107482275562427
1.199641072809415
-0.013005807536290
-0.046617584388331
-0.169483725411487
0.040071704820636
0.000001000000000
1.000353608623765
