7
-1.000000000000000
-0.830223896278567
-0.468848793470714
0.000000000000000
0.468848793470714
0.830223896278567
1.000000000000000
18
-1.000000000000000
-0.989400934991650
-0.944575023073233
-0.865631202387832
-0.755404408355003
-0.617876244402644
-0.458016777657227
-0.281603550779259
-0.095012509837637
0.095012509837637
0.281603550779259
0.458016777657227
0.617876244402644
0.755404408355003
0.865631202387832
0.944575023073233
0.989400934991650
1.000000000000000
0.999845581017738
0.886073390733791
0.488750579999184
0.063661265908394
-0.149543322240444
-0.113772029512854
0.006629489375899
0.063716135276708
0.030625935769645
-0.032877524210087
-0.043429493829332
-0.002617728795773
0.024123499660708
0.015723616243200
-0.009354404863394
-0.018601706719590
-0.005583708096367
-0.000154418982265
1.003689737748793
0.893397208543180
0.516981573902276
0.106699078297062
-0.113088396934173
-0.101538102691654
0.018267616261314
0.080157258538786
0.034682287150877
-0.024264902332283
-0.034636044207805
-0.000048346435554
0.031242535585304
0.019957715163200
-0.006474918683824
-0.013659522237137
-0.003626037106910
0.001490810344559
-0.005882573412729
0.141849325868602
0.604159628569596
0.967564346750339
0.895774013775121
0.430110580282232
-0.075418050515523
-0.245228508555030
-0.100948782830190
0.070529509219942
0.097464963679454
0.000973174826682
-0.083224980901409
-0.051941916419818
0.018227246037133
0.037125223294451
0.010582261481367
-0.002743887132367
0.000600001827010
0.157539178431651
0.652234395220074
1.044597098048780
0.940411077330673
0.445998852347199
-0.023277761697892
-0.201035737933455
-0.090745091125730
0.094590506458715
0.120391606161410
0.007316938687125
-0.064800381273352
-0.041781172580438
0.025053156078449
0.049323497758174
0.014893300953354
0.000600001827007
-0.000722840436227
-0.064919732804922
-0.216268044365251
-0.148736097614146
0.287384571963348
0.792401623231867
0.998953340684259
0.736472834738972
0.200155711905840
-0.203182047055868
-0.213274723659216
-0.012369242687102
0.108119635407004
0.067822064199164
-0.039782887854899
-0.077058910356079
-0.022922865394252
-0.000757385241182
0.004186484705300
-0.053863015819641
-0.181360936973848
-0.107047711819223
0.298420024971939
0.844346194188722
1.070674953339651
0.770749890918941
0.225581816806825
-0.147452693002663
-0.182842192795933
-0.002091607208996
0.136983476480519
0.080817952833155
-0.030892794229154
-0.060145766690477
-0.018405863119072
0.002569141464582
-0.002263010654020
0.030185631239356
0.097070840961943
0.052095794474469
-0.133742798446431
-0.253445498242018
-0.009133804534730
0.520343574058533
0.937223820661548
0.937223820661490
0.520343574050413
-0.009133804366942
-0.253445498429814
-0.133742798332158
0.052095794474471
0.097070840961945
0.030185631275281
-0.002263011264458
0.000302074573234
0.034881708625781
0.121210614771463
0.065422587299557
-0.117727504777522
-0.203182743722987
0.025108300329335
0.538234832692533
1.000295060564855
1.000295060564858
0.538234832692530
0.025108300329335
-0.203182743722986
-0.117727504777450
0.065422587275263
0.121210614794932
0.034881708616467
0.000302074573237
-0.000757385241182
-0.022922865394252
-0.077058910356079
-0.039782887854899
0.067822064199164
0.108119635407004
-0.012369242687102
-0.213274723659216
-0.203182047055868
0.200155711905840
0.736472834738972
0.998953340684259
0.792401623231867
0.287384571963348
-0.148736097614146
-0.216268044365251
-0.064919732804922
-0.000722840436227
0.002569141464582
-0.018405863119072
-0.060145766690477
-0.030892794229154
0.080817952833155
0.136983476480519
-0.002091607208996
-0.182842192795933
-0.147452693002663
0.225581816806825
0.770749890918941
1.070674953339651
0.844346194188722
0.298420024971939
-0.107047711819223
-0.181360936973848
-0.053863015819641
0.004186484705300
-0.002743887132367
0.010582261481367
0.037125223294451
0.018227246037133
-0.051941916419818
-0.083224980901409
0.000973174826682
0.097464963679454
0.070529509219942
-0.100948782830190
-0.245228508555030
-0.075418050515523
0.430110580282232
0.895774013775121
0.967564346750339
0.604159628569596
0.141849325868602
-0.005882573412729
0.000600001827007
0.014893300953354
0.049323497758174
0.025053156078449
-0.041781172580438
-0.064800381273352
0.007316938687125
0.120391606161410
0.094590506458715
-0.090745091125730
-0.201035737933455
-0.023277761697892
0.445998852347199
0.940411077330673
1.044597098048780
0.652234395220074
0.157539178431651
0.000600001827010
-0.000154418982265
-0.005583708096367
-0.018601706719590
-0.009354404863394
0.015723616243200
0.024123499660708
-0.002617728795773
-0.043429493829332
-0.032877524210087
0.030625935769645
0.063716135276708
0.006629489375899
-0.113772029512854
-0.149543322240444
0.063661265908394
0.488750579999184
0.886073390733791
0.999845581017738
0.001490810344559
-0.003626037106910
-0.013659522237137
-0.006474918683824
0.019957715163200
0.031242535585304
-0.000048346435554
-0.034636044207805
-0.024264902332283
0.034682287150877
0.080157258538786
0.018267616261314
-0.101538102691654
-0.113088396934173
0.106699078297062
0.516981573902276
0.893397208543180
1.003689737748793
