6
-1.000000000000000
-0.765055323929465
-0.285231516480645
0.285231516480645
0.765055323929466
1.000000000000000
6
-1.000000000000000
-0.809016994374947
-0.309016994374947
0.309016994374947
0.809016994374947
1.000000000000000
0.970381806783569
-0.192793356337532
-0.066491582273550
-0.024034168069341
-0.059390472682434
-0.000014256654237
1.001765167484459
0.094170495588372
0.055223767744296
0.078825145617691
0.012041167193446
0.046320893549660
-0.003104140837444
0.974752907878137
-0.227908305696416
-0.172659354680350
-0.031463395855922
-0.122875513172406
0.146865617210824
1.278077188039269
0.042943732330517
0.076269553926884
0.152866400249404
0.000170818498495
-0.297035952895936
-0.130431893183456
0.996899097358185
-0.202316593567329
-0.210035204619463
-0.000583177079394
0.001026600215256
-0.099056694948834
1.301264448455322
-0.034054635601710
0.053305178833715
0.189973072176850
-0.000583177079394
-0.210035204619463
-0.202316593567329
0.996899097358185
-0.130431893183456
-0.297035952895936
0.189973072176850
0.053305178833715
-0.034054635601710
1.301264448455322
-0.099056694948834
0.001026600215256
-0.122875513172406
-0.031463395855922
-0.172659354680350
-0.227908305696416
0.974752907878137
-0.003104140837444
0.000170818498495
0.152866400249404
0.076269553926884
0.042943732330517
1.278077188039269
0.146865617210824
-0.000014256654237
-0.059390472682434
-0.024034168069341
-0.066491582273550
-0.192793356337532
0.970381806783569
0.046320893549660
0.012041167193446
0.078825145617691
0.055223767744296
0.094170495588372
1.001765167484459
