7
-1.000000000000000
-0.830223896278567
-0.468848793470714
0.000000000000000
0.468848793470714
0.830223896278567
1.000000000000000
6
-1.000000000000000
-0.600000000000000
-0.200000000000000
0.200000000000000
0.600000000000000
1.000000000000000
0.188677615478949
-0.318293584406920
0.057790999999999
-0.058613739854756
0.022797148473053
-0.025360322800222
1.000251752820052
-0.086427951192589
0.178929044952071
-0.038527000000000
0.031376596925312
0.000251752820049
-0.000675249666604
0.253808948731958
-0.530373471541908
0.108201978388795
-0.084079906314192
-0.000675249666606
1.333880357691555
0.637384268652965
-0.176877875337624
0.177554065748917
-0.061530862775020
0.067518311088614
-0.623271814180417
0.839303168268284
0.437006856960053
-0.444411588077821
0.101993540223517
-0.109616684658856
0.001094696118735
1.134464262045350
0.792133776397439
-0.208137902758963
0.137663444904204
0.001094696118729
-0.000003510323786
-0.382082529020024
0.733120417649027
0.733120422869479
-0.382082534378137
-0.000003510323783
0.186650000254920
-0.194968599999996
1.000952524487136
1.000952524487129
-0.194968599999996
0.186650000254924
-0.109616684658856
0.101993540223517
-0.444411588077821
0.437006856960053
0.839303168268284
-0.623271814180417
0.001094696118729
0.137663444904204
-0.208137902758963
0.792133776397439
1.134464262045350
0.001094696118735
-0.000675249666606
-0.084079906314192
0.108201978388795
-0.530373471541908
0.253808948731958
-0.000675249666604
0.067518311088614
-0.061530862775020
0.177554065748917
-0.176877875337624
0.637384268652965
1.333880357691555
-0.025360322800222
0.022797148473053
-0.058613739854756
0.057790999999999
-0.318293584406920
0.188677615478949
0.000251752820049
0.031376596925312
-0.038527000000000
0.178929044952071
-0.086427951192589
1.000251752820052
