8
-1.000000000000000
-0.871740148509605
-0.591700181433143
-0.209299217902479
0.209299217902479
0.591700181433143
0.871740148509605
1.000000000000000
17
-1.000000000000000
-0.973132176630162
-0.910879995918609
-0.815696251218936
-0.691028980629032
-0.541385399329780
-0.372174433565508
-0.189511973518317
-0.000000000000000
0.189511973518318
0.372174433565472
0.541385399330124
0.691028980627669
0.815696251221731
0.910879995915640
0.973132176631392
1.000000000000000
0.998665481553435
0.637262831814043
0.110952356139479
-0.162059383309116
-0.098293317552106
0.034188063025008
0.057269487762438
-0.014734150125007
-0.051150862437870
-0.005228348767904
0.026169928088297
0.010061378990266
-0.020767934697195
-0.015731867556995
0.007794811549699
0.009063398256431
-0.000138481218723
1.002476837681903
0.668059559965192
0.168422270465186
-0.110520364985794
-0.086086087055860
0.055836333854245
0.074658653862409
-0.004738343844637
-0.036736858875046
-0.000509268092448
0.037139346930913
0.015115340190397
-0.013772148091527
-0.008975723168405
0.012059695990318
0.015393305800677
0.002489508890106
-0.003929199422731
0.427628621064658
0.931468520576912
0.897154822394645
0.333470445145412
-0.195151620883617
-0.213428576656231
0.016895848741245
0.105319924059960
0.003656493789700
-0.096898038223582
-0.037064668956627
0.038777232785580
0.026002419147976
-0.028883646829416
-0.037488751114900
-0.003959336773031
0.003567611753760
0.479337343440610
1.036124618201559
0.959597343423565
0.367458774445300
-0.115441521111379
-0.174819715670314
0.044025341438555
0.142226845695543
0.013700989614023
-0.070133832523848
-0.026663328913133
0.054543854826421
0.041101563531505
-0.020298726779612
-0.023544568475683
0.000359353782929
-0.002860654168876
-0.184598215038066
-0.204631245381655
0.278302279007736
0.850293864664405
0.964851062802318
0.501458897058616
-0.114385181382846
-0.256554945608664
-0.023953685173865
0.114758451359823
0.041856797114978
-0.085737518955969
-0.062289735535760
0.030162815121291
0.034833358962640
-0.001021738009705
0.001866913163851
-0.144984374492204
-0.145334276080581
0.295201536490101
0.933215574689665
1.053079045500666
0.519343845950709
-0.043118649604366
-0.202838666243766
-0.008495080581542
0.155304644496054
0.052580815535135
-0.064332988723090
-0.043794628326701
0.039671810743440
0.052091750835637
0.001911850693923
-0.001012144565795
0.079713311937497
0.072419991608361
-0.139348077452058
-0.264393304709408
0.129580953952576
0.750115655274881
0.995678614849555
0.633554909869036
-0.001032843052211
-0.278614289836163
-0.079474280137152
0.102690297226491
0.067925773034590
-0.057064194190215
-0.073873962532230
-0.001065792798234
0.001122097588979
0.112664227286206
0.091828457908825
-0.115464915250693
-0.192709415839533
0.161738193880727
0.808566036858697
1.095025084751472
0.669296950829511
0.050260064890121
-0.210139198779975
-0.068797615174911
0.139044634852716
0.088303504573832
-0.044927599913441
-0.051120983878475
0.001046781926895
-0.001065792798234
-0.073873962532230
-0.057064194190215
0.067925773034590
0.102690297226491
-0.079474280137152
-0.278614289836163
-0.001032843052211
0.633554909869036
0.995678614849555
0.750115655274881
0.129580953952576
-0.264393304709408
-0.139348077452058
0.072419991608361
0.079713311937497
-0.001012144565795
0.001046781926895
-0.051120983878475
-0.044927599913441
0.088303504573832
0.139044634852716
-0.068797615174911
-0.210139198779975
0.050260064890121
0.669296950829511
1.095025084751472
0.808566036858697
0.161738193880727
-0.192709415839533
-0.115464915250693
0.091828457908825
0.112664227286206
0.001122097588979
-0.001021738009705
0.034833358962640
0.030162815121291
-0.062289735535760
-0.085737518955969
0.041856797114978
0.114758451359823
-0.023953685173865
-0.256554945608664
-0.114385181382846
0.501458897058616
0.964851062802318
0.850293864664405
0.278302279007736
-0.204631245381655
-0.184598215038066
-0.002860654168876
0.001911850693923
0.052091750835637
0.039671810743440
-0.043794628326701
-0.064332988723090
0.052580815535135
0.155304644496054
-0.008495080581542
-0.202838666243766
-0.043118649604366
0.519343845950709
1.053079045500666
0.933215574689665
0.295201536490101
-0.145334276080581
-0.144984374492204
0.001866913163851
-0.003959336773031
-0.037488751114900
-0.028883646829416
0.026002419147976
0.038777232785580
-0.037064668956627
-0.096898038223582
0.003656493789700
0.105319924059960
0.016895848741245
-0.213428576656231
-0.195151620883617
0.333470445145412
0.897154822394645
0.931468520576912
0.427628621064658
-0.003929199422731
0.000359353782929
-0.023544568475683
-0.020298726779612
0.041101563531505
0.054543854826421
-0.026663328913133
-0.070133832523848
0.013700989614023
0.142226845695543
0.044025341438555
-0.174819715670314
-0.115441521111379
0.367458774445300
0.959597343423565
1.036124618201559
0.479337343440610
0.003567611753760
-0.000138481218723
0.009063398256431
0.007794811549699
-0.015731867556995
-0.020767934697195
0.010061378990266
0.026169928088297
-0.005228348767904
-0.051150862437870
-0.014734150125007
0.057269487762438
0.034188063025008
-0.098293317552106
-0.162059383309116
0.110952356139479
0.637262831814043
0.998665481553435
0.002489508890106
0.015393305800677
0.012059695990318
-0.008975723168405
-0.013772148091527
0.015115340190397
0.037139346930913
-0.000509268092448
-0.036736858875046
-0.004738343844637
0.074658653862409
0.055836333854245
-0.086086087055860
-0.110520364985794
0.168422270465186
0.668059559965192
1.002476837681903
