7
-1.000000000000000
-0.830223896278567
-0.468848793470714
0.000000000000000
0.468848793470714
0.830223896278567
1.000000000000000
8
-1.000000000000000
-0.900968867902419
-0.623489801858734
-0.222520933956314
0.222520933956314
0.623489801858733
0.900968867902419
1.000000000000000
0.999597423037999
-0.023405610902719
-0.196941291033024
0.061129718327339
-0.062991624993109
0.024403333803898
-0.015007459356694
-0.016434188270917
1.002379728626517
0.256087659396175
-0.081745468331954
0.139198180223765
-0.036623495984681
0.037304270499541
-0.001831646319780
0.002379728626515
-0.004248611231817
0.864322348855069
0.242827652145360
-0.428398997264216
0.104940941508649
-0.098367512089363
0.008197325023455
-0.004248611231819
0.004289552040422
1.312909870836104
0.527822806750228
-0.188567858996501
0.190869775429205
-0.065729734015651
0.039743899678836
0.043236728939588
-0.078716136475864
-0.269975797094310
0.776999655903412
0.475912640612390
-0.478407276158075
0.109985599051478
-0.062438232183948
-0.065494371371422
0.002823908344656
-0.176715765510295
1.178939885743526
0.792254134820600
-0.204701021987466
0.159232276965632
-0.022801811616787
0.002823908344650
-0.001333389704418
0.090072884498617
-0.463572058943906
0.679703065020395
0.679703064625079
-0.463572058353850
0.090072884495604
-0.001333389704416
0.101458200184271
0.101097810848856
-0.204805240190348
1.000174074825974
1.000174074825966
-0.204805240200759
0.101097801448514
0.101458225424812
-0.065494371371422
-0.062438232183948
0.109985599051478
-0.478407276158075
0.475912640612390
0.776999655903412
-0.269975797094310
-0.078716136475864
0.002823908344650
-0.022801811616787
0.159232276965632
-0.204701021987466
0.792254134820600
1.178939885743526
-0.176715765510295
0.002823908344656
-0.004248611231819
0.008197325023455
-0.098367512089363
0.104940941508649
-0.428398997264216
0.242827652145360
0.864322348855069
-0.004248611231817
0.043236728939588
0.039743899678836
-0.065729734015651
0.190869775429205
-0.188567858996501
0.527822806750228
1.312909870836104
0.004289552040422
-0.016434188270917
-0.015007459356694
0.024403333803898
-0.062991624993109
0.061129718327339
-0.196941291033024
-0.023405610902719
0.999597423037999
0.002379728626515
-0.001831646319780
0.037304270499541
-0.036623495984681
0.139198180223765
-0.081745468331954
0.256087659396175
1.002379728626517
