4
-1.000000000000000
-0.447213595499958
0.447213595499958
1.000000000000000
15
-1.000000000000000
-0.880950366283479
-0.764780341069660
-0.640649254217740
-0.502534397042215
-0.352382412012850
-0.180335230972779
0.000000000000000
0.180335230972779
0.352382412012850
0.502534397042215
0.640649254217740
0.764780341069660
0.880950366283479
1.000000000000000
0.991095463592109
0.668968514262400
0.417890158001997
0.207122265239777
0.041574821821231
-0.072670048293822
-0.131855273047854
-0.129959513257829
-0.088546067620247
-0.030807389349711
0.016251585156885
0.047210936325312
0.056556334214842
0.042862340541197
-0.000118724188111
1.000261803292525
0.677229594277549
0.424547753675806
0.215806797654620
0.049382282143368
-0.064029609798185
-0.123444117069151
-0.124830404954480
-0.085564024550739
-0.030065458036673
0.018312545301698
0.050080093327714
0.059624368784712
0.046544654612896
0.004938354444924
-0.000498501562910
0.415643569538032
0.703075063227383
0.896268668804657
0.992002567181688
0.978539582861077
0.848240607218198
0.624578169609006
0.358626765789296
0.109838232085869
-0.065711199964279
-0.169370126150876
-0.193164134019997
-0.146899078745063
-0.013374029574612
0.017665517430518
0.431081152787694
0.715932879926797
0.911860103702959
1.006131078285846
0.992668647402423
0.861043109828130
0.629967107092779
0.361199682678126
0.116324973124119
-0.057625343157790
-0.159280166126822
-0.184173807688678
-0.135735504356779
0.000359412991849
-0.013374029574612
-0.146899078745063
-0.193164134019997
-0.169370126150876
-0.065711199964279
0.109838232085869
0.358626765789296
0.624578169609006
0.848240607218198
0.978539582861077
0.992002567181688
0.896268668804657
0.703075063227383
0.415643569538032
-0.000498501562910
0.000359412991849
-0.135735504356779
-0.184173807688678
-0.159280166126822
-0.057625343157790
0.116324973124119
0.361199682678126
0.629967107092779
0.861043109828130
0.992668647402423
1.006131078285846
0.911860103702959
0.715932879926797
0.431081152787694
0.017665517430518
-0.000118724188111
0.042862340541197
0.056556334214842
0.047210936325312
0.016251585156885
-0.030807389349711
-0.088546067620247
-0.129959513257829
-0.131855273047854
-0.072670048293822
0.041574821821231
0.207122265239777
0.417890158001997
0.668968514262400
0.991095463592109
0.004938354444924
0.046544654612896
0.059624368784712
0.050080093327714
0.018312545301698
-0.030065458036673
-0.085564024550739
-0.124830404954480
-0.123444117069151
-0.064029609798185
0.049382282143368
0.215806797654620
0.424547753675806
0.677229594277549
1.000261803292525
