3
-1.000000000000000
0.000000000000000
1.000000000000000
4
-1.000000000000000
-0.333333333333333
0.333333333333333
1.000000000000000
0.944443444448199
0.166665666662201
-0.166667666662205
-0.055556555560017
1.000001000000000
0.222223222222222
-0.111110111111111
0.000001000000000
-0.000001000000000
0.888887888888888
0.888887888888888
-0.000001000000000
0.111112112284918
1.000001000000019
1.000000999999981
0.111112112284957
-0.055556555560017
-0.166667666662205
0.166665666662201
0.944443444448199
0.000001000000000
-0.111110111111111
0.222223222222222
1.000001000000000
