7
-1.000000000000000
-0.830223896278567
-0.468848793470714
0.000000000000000
0.468848793470714
0.830223896278567
1.000000000000000
12
-1.000000000000000
-0.944899272222858
-0.819279321644041
-0.632876153031848
-0.399530940965350
-0.136552932854928
0.136552932854928
0.399530940965349
0.632876153031861
0.819279321644004
0.944899272222881
1.000000000000000
0.997145190902146
0.452634898905827
-0.116204455247160
-0.143258285870172
0.036696254605974
0.043140591711988
-0.048404202342371
-0.025818110713030
0.025003659847260
0.001427440190611
-0.023448109361046
-0.000476726579380
1.001708794418765
0.519279426829121
-0.024522981499883
-0.109780706178792
0.067379887572198
0.064166542091720
-0.031222007022422
-0.013755562282960
0.038341859941169
0.006777535890541
-0.013206041589217
0.001708794418763
-0.003119819937559
0.601588941335077
0.996206629194185
0.465656065517901
-0.242079178383884
-0.170277318445936
0.090218358402797
0.038813817804147
-0.102528185387831
-0.015726697642427
0.036278516664428
-0.003119819937562
0.004417132241055
0.730312235716312
1.133227054947544
0.509881989580299
-0.123440657805665
-0.129423364800745
0.137184300655829
0.069467005629109
-0.067283231404487
-0.003738008592303
0.062112531597705
0.001206162740855
-0.001752921999243
-0.290143712557182
-0.004949566512131
0.749515850616929
0.958434721330548
0.294414690360402
-0.299324809712174
-0.095310382228621
0.111330508825115
0.005439690918395
-0.098448391541377
-0.001911954957937
0.002196917414650
-0.180977967724371
0.040080793623349
0.875434713127196
1.087803345000973
0.340056211301076
-0.183910113918175
-0.068499663596755
0.170630974382802
0.018709657270587
-0.059573326473311
0.002196917414644
-0.001283613540542
0.096898621209168
-0.019904174172091
-0.317558607745554
0.122414359686764
0.873150550043314
0.873150550043753
0.122414359489577
-0.317558607500218
-0.019904174226092
0.096898621209130
-0.001283613540539
0.002020662946415
0.158018019547713
-0.007634246804860
-0.206444511128406
0.177669421796202
1.000877242737026
1.000877242737032
0.177669421796204
-0.206444511124852
-0.007634246875561
0.158018019667609
0.002020662929021
-0.001911954957937
-0.098448391541377
0.005439690918395
0.111330508825115
-0.095310382228621
-0.299324809712174
0.294414690360402
0.958434721330548
0.749515850616929
-0.004949566512131
-0.290143712557182
-0.001752921999243
0.002196917414644
-0.059573326473311
0.018709657270587
0.170630974382802
-0.068499663596755
-0.183910113918175
0.340056211301076
1.087803345000973
0.875434713127196
0.040080793623349
-0.180977967724371
0.002196917414650
-0.003119819937562
0.036278516664428
-0.015726697642427
-0.102528185387831
0.038813817804147
0.090218358402797
-0.170277318445936
-0.242079178383884
0.465656065517901
0.996206629194185
0.601588941335077
-0.003119819937559
0.001206162740855
0.062112531597705
-0.003738008592303
-0.067283231404487
0.069467005629109
0.137184300655829
-0.129423364800745
-0.123440657805665
0.509881989580299
1.133227054947544
0.730312235716312
0.004417132241055
-0.000476726579380
-0.023448109361046
0.001427440190611
0.025003659847260
-0.025818110713030
-0.048404202342371
0.043140591711988
0.036696254605974
-0.143258285870172
-0.116204455247160
0.452634898905827
0.997145190902146
0.001708794418763
-0.013206041589217
0.006777535890541
0.038341859941169
-0.013755562282960
-0.031222007022422
0.064166542091720
0.067379887572198
-0.109780706178792
-0.024522981499883
0.519279426829121
1.001708794418765
