8
-1.000000000000000
-0.871740148509605
-0.591700181433143
-0.209299217902479
0.209299217902479
0.591700181433143
0.871740148509605
1.000000000000000
14
-1.000000000000000
-0.981560634246719
-0.904117256370475
-0.769902674194305
-0.587317954286617
-0.367831498998180
-0.125233408511469
0.125233408511469
0.367831498998180
0.587317954286617
0.769902674194305
0.904117256370475
0.981560634246719
1.000000000000000
0.999907155075569
0.728678560870462
0.021348680242645
-0.190230320891204
0.003418981795160
0.056269945430797
-0.044506930575614
-0.033808954402561
0.026009468927689
-0.002484615208736
-0.027634487500180
0.006602718851416
0.007047105540617
-0.000092844924427
1.002523138717069
0.762626350391749
0.132657714051046
-0.131542772519776
0.033801889255166
0.086010590838381
-0.025766011097118
-0.019883782688288
0.039406123132482
0.004355442656559
-0.016537733133223
0.009210773539102
0.014938133137634
0.000660163838085
-0.003413116415814
0.310845096160334
0.954216277782994
0.723973574206180
-0.133969452080110
-0.249678026008522
0.074212437913557
0.055126827507790
-0.106909560510795
-0.008923003356523
0.044032521867185
-0.023277796287984
-0.038096724246926
-0.001002658362895
0.000443706932591
0.378645002594774
1.137074244407127
0.784512329721352
-0.012104797722378
-0.171253275269159
0.126388985878478
0.092196316925966
-0.069522334927807
0.006928148390081
0.072668248901953
-0.016994890617901
-0.018098691379296
0.000443706932589
-0.000732238155671
-0.203868527809062
-0.182767186178326
0.526702878741634
0.999724320543900
0.466293248313850
-0.281995975016218
-0.133747666650330
0.114251600160736
-0.011458849913452
-0.112247819826149
0.025614859826806
0.027059275396871
-0.000732238155646
0.000709727578763
-0.111451541196088
-0.125724152150474
0.610123882480000
1.167517272146968
0.519056907165594
-0.152541231097683
-0.094108094063269
0.179264712042438
0.008273602327415
-0.068474424891662
0.034285167141031
0.056265755775031
0.000610849459348
-0.001060316084887
0.061249378681111
0.061436411574312
-0.294858299862598
-0.068173036047887
0.762661466584088
0.932656643921483
0.167854182266772
-0.332341912363269
-0.006876531414372
0.104641262155373
-0.050898704828952
-0.081885239072729
-0.000991288501033
0.000767375098555
0.123622002209533
0.082661531136487
-0.183760348687531
0.013009464371651
0.893431243628369
1.081004405690609
0.235316287859118
-0.209495076006751
0.020640982221734
0.173092100398686
-0.038168023156822
-0.039601803478529
0.000767375098523
-0.000991288501033
-0.081885239072729
-0.050898704828952
0.104641262155373
-0.006876531414372
-0.332341912363269
0.167854182266772
0.932656643921483
0.762661466584088
-0.068173036047887
-0.294858299862598
0.061436411574312
0.061249378681111
-0.001060316084887
0.000767375098523
-0.039601803478529
-0.038168023156822
0.173092100398686
0.020640982221734
-0.209495076006751
0.235316287859118
1.081004405690609
0.893431243628369
0.013009464371651
-0.183760348687531
0.082661531136487
0.123622002209533
0.000767375098555
-0.000732238155646
0.027059275396871
0.025614859826806
-0.112247819826149
-0.011458849913452
0.114251600160736
-0.133747666650330
-0.281995975016218
0.466293248313850
0.999724320543900
0.526702878741634
-0.182767186178326
-0.203868527809062
-0.000732238155671
0.000610849459348
0.056265755775031
0.034285167141031
-0.068474424891662
0.008273602327415
0.179264712042438
-0.094108094063269
-0.152541231097683
0.519056907165594
1.167517272146968
0.610123882480000
-0.125724152150474
-0.111451541196088
0.000709727578763
-0.001002658362895
-0.038096724246926
-0.023277796287984
0.044032521867185
-0.008923003356523
-0.106909560510795
0.055126827507790
0.074212437913557
-0.249678026008522
-0.133969452080110
0.723973574206180
0.954216277782994
0.310845096160334
-0.003413116415814
0.000443706932589
-0.018098691379296
-0.016994890617901
0.072668248901953
0.006928148390081
-0.069522334927807
0.092196316925966
0.126388985878478
-0.171253275269159
-0.012104797722378
0.784512329721352
1.137074244407127
0.378645002594774
0.000443706932591
-0.000092844924427
0.007047105540617
0.006602718851416
-0.027634487500180
-0.002484615208736
0.026009468927689
-0.033808954402561
-0.044506930575614
0.056269945430797
0.003418981795160
-0.190230320891204
0.021348680242645
0.728678560870462
0.999907155075569
0.000660163838085
0.014938133137634
0.009210773539102
-0.016537733133223
0.004355442656559
0.039406123132482
-0.019883782688288
-0.025766011097118
0.086010590838381
0.033801889255166
-0.131542772519776
0.132657714051046
0.762626350391749
1.002523138717069
