3
-1.000000000000000
0.000000000000000
1.000000000000000
9
-1.000000000000000
-0.750000000000000
-0.500000000000000
-0.250000000000000
0.000000000000000
0.250000000000000
0.500000000000000
0.750000000000000
1.000000000000000
0.992201701678817
0.648421283516826
0.367201691259084
0.148420788022514
-0.007798310256081
-0.101579211977457
-0.132798308740888
-0.101578716483288
-0.007798298320946
1.000125749373998
0.656344530592781
0.375063374310117
0.156282281281281
0.000001000000000
-0.093717718718719
-0.124936625689883
-0.093655469407219
0.000125749373998
-0.000250498747999
0.437311938812959
0.749874251379765
0.937436437437437
0.999999000000000
0.937436437437437
0.749874251379764
0.437311938812959
-0.000250498747999
0.015603460402412
0.453148555866395
0.765603671271666
0.953149418897368
1.015603738665405
0.953149418897368
0.765603671271666
0.453148555868859
0.015603460399981
-0.007798298320946
-0.101578716483288
-0.132798308740888
-0.101579211977457
-0.007798310256081
0.148420788022514
0.367201691259084
0.648421283516826
0.992201701678817
0.000125749373998
-0.093655469407219
-0.124936625689883
-0.093717718718719
0.000001000000000
0.156282281281281
0.375063374310117
0.656344530592781
1.000125749373998
