8
-1.000000000000000
-0.871740148509605
-0.591700181433143
-0.209299217902479
0.209299217902479
0.591700181433143
0.871740148509605
1.000000000000000
18
-1.000000000000000
-0.882352941176471
-0.764705882352941
-0.647058823529412
-0.529411764705882
-0.411764705882353
-0.294117647058824
-0.176470588235294
-0.058823529411765
0.058823529411765
0.176470588235294
0.294117647058824
0.411764705882353
0.529411764705882
0.647058823529412
0.764705882352941
0.882352941176471
1.000000000000000
0.808757934348166
-0.071469311401380
-0.148268938127023
-0.053375588606325
0.040572737659932
0.063422190921124
0.032833607810362
-0.014461490261406
-0.042032325764023
-0.036266552234661
-0.008548820986165
0.017917168690296
0.026398580993560
0.012431617113145
-0.012180837733485
-0.023005619934905
0.002078597970976
-0.000063441696045
1.001096267940347
0.036971241895776
-0.130954636068960
-0.044550754777702
0.052804606339120
0.070922051632659
0.036371067573386
-0.010558560618862
-0.036478812208336
-0.032292946379605
-0.006802270422247
0.021529807251019
0.030875152645603
0.015075432531559
-0.009340532400544
-0.016555562018136
0.007939053134030
0.016863750127345
-0.001582547100393
0.995448714792648
0.700863585470835
0.153223619068209
-0.175769357467896
-0.217304161366922
-0.104479348158148
0.031962264166824
0.104087386170076
0.090693860830027
0.019751878929670
-0.056842603764783
-0.081041752385771
-0.038566448038985
0.025909003885138
0.044653700951578
-0.019452336491949
-0.042513322659005
0.343072605823474
1.180414285609905
0.707221052237162
0.184773788853808
-0.135347676105662
-0.196826148704106
-0.097261595917969
0.042272386799016
0.118615671371555
0.099966386733886
0.023333364331568
-0.048127655335369
-0.070342999418776
-0.032772726976937
0.032439934965912
0.060278153376592
-0.005253487358233
0.000354840279587
-0.243016535038667
-0.146803381225494
0.552778094482648
0.954104193894276
0.947058594328479
0.639755414092306
0.226691235232494
-0.097573530215820
-0.228646294257864
-0.181899510093393
-0.039552476129940
0.080100217999002
0.113952747761780
0.051570250017809
-0.051699213668916
-0.092636314599411
0.007593956467929
-0.001108056092003
0.000579761981633
-0.046247029847043
0.588593826641924
1.017410508077798
0.984552779104069
0.656263057474312
0.241242636689246
-0.071065503625778
-0.204549620518471
-0.167362897821975
-0.035162255065256
0.093815753216285
0.129546781731032
0.058883338501582
-0.042309802292004
-0.070399447228561
0.027623187822350
0.062049219996136
-0.000927732493721
0.021082822101627
-0.228940832631900
-0.178559761288924
0.192955327962128
0.625545173274192
0.929804276053875
0.989455973582106
0.797317122207282
0.446556732873503
0.065701011537063
-0.183897801656789
-0.228454065709974
-0.095536334032849
0.067299801908159
0.107772753720595
-0.041156617865546
-0.090430167527606
0.139638911561431
0.067037272930655
-0.189336185263258
-0.132173189421806
0.204070823258040
0.644478177559389
0.965606887983175
1.023786776970788
0.821692509809656
0.451668702051148
0.085051544040527
-0.155986488391673
-0.203109731885832
-0.086586233842499
0.083928304127302
0.139614904349602
-0.012192081846295
0.001317762650373
-0.090430167527606
-0.041156617865546
0.107772753720595
0.067299801908159
-0.095536334032849
-0.228454065709974
-0.183897801656789
0.065701011537063
0.446556732873503
0.797317122207282
0.989455973582106
0.929804276053875
0.625545173274192
0.192955327962128
-0.178559761288924
-0.228940832631900
0.021082822101627
-0.000927732493721
0.001317762650373
-0.012192081846295
0.139614904349602
0.083928304127302
-0.086586233842499
-0.203109731885832
-0.155986488391673
0.085051544040527
0.451668702051148
0.821692509809656
1.023786776970788
0.965606887983175
0.644478177559389
0.204070823258040
-0.132173189421806
-0.189336185263258
0.067037272930655
0.139638911561431
-0.001108056092003
0.007593956467929
-0.092636314599411
-0.051699213668916
0.051570250017809
0.113952747761780
0.080100217999002
-0.039552476129940
-0.181899510093393
-0.228646294257864
-0.097573530215820
0.226691235232494
0.639755414092306
0.947058594328479
0.954104193894276
0.552778094482648
-0.146803381225494
-0.243016535038667
0.062049219996136
0.027623187822350
-0.070399447228561
-0.042309802292004
0.058883338501582
0.129546781731032
0.093815753216285
-0.035162255065256
-0.167362897821975
-0.204549620518471
-0.071065503625778
0.241242636689246
0.656263057474312
0.984552779104069
1.017410508077798
0.588593826641924
-0.046247029847043
0.000579761981633
-0.042513322659005
-0.019452336491949
0.044653700951578
0.025909003885138
-0.038566448038985
-0.081041752385771
-0.056842603764783
0.019751878929670
0.090693860830027
0.104087386170076
0.031962264166824
-0.104479348158148
-0.217304161366922
-0.175769357467896
0.153223619068209
0.700863585470835
0.995448714792648
-0.001582547100393
0.000354840279587
-0.005253487358233
0.060278153376592
0.032439934965912
-0.032772726976937
-0.070342999418776
-0.048127655335369
0.023333364331568
0.099966386733886
0.118615671371555
0.042272386799016
-0.097261595917969
-0.196826148704106
-0.135347676105662
0.184773788853808
0.707221052237162
1.180414285609905
0.343072605823474
-0.000063441696045
0.002078597970976
-0.023005619934905
-0.012180837733485
0.012431617113145
0.026398580993560
0.017917168690296
-0.008548820986165
-0.036266552234661
-0.042032325764023
-0.014461490261406
0.032833607810362
0.063422190921124
0.040572737659932
-0.053375588606325
-0.148268938127023
-0.071469311401380
0.808757934348166
0.016863750127345
0.007939053134030
-0.016555562018136
-0.009340532400544
0.015075432531559
0.030875152645603
0.021529807251019
-0.006802270422247
-0.032292946379605
-0.036478812208336
-0.010558560618862
0.036371067573386
0.070922051632659
0.052804606339120
-0.044550754777702
-0.130954636068960
0.036971241895776
1.001096267940347
