4
-1.000000000000000
-0.447213595499958
0.447213595499958
1.000000000000000
13
-1.000000000000000
-0.866896577656523
-0.728747898669855
-0.580589438441038
-0.412451595007966
-0.220284220500028
0.000000000000000
0.220284220500028
0.412451595007966
0.580589438441038
0.728747898669855
0.866896577656523
1.000000000000000
0.989551051107861
0.632650666197635
0.348065166592330
0.124435980439033
-0.037659436360804
-0.127020771836307
-0.133949914450305
-0.075960330688198
-0.011087681508803
0.035864408420175
0.056094953335917
0.045878890861296
-0.000130333368169
1.000302773755210
0.643508204579443
0.357737163704806
0.135460113120688
-0.026319722278304
-0.115431172792022
-0.124804440621985
-0.073537217688231
-0.009350926274197
0.039300249094441
0.059979002046778
0.050964649656411
0.005487460327495
-0.000575910753240
0.456357641488400
0.770605688616083
0.952112229334933
0.996876840556984
0.887303962234340
0.624509918081353
0.297628023707790
0.030079412210177
-0.135073634145074
-0.197411542825865
-0.159943563119670
-0.016094610974788
0.020310424932647
0.477057694318389
0.788662813012065
0.972051978803545
1.016262739261931
0.905199397090937
0.634722303922864
0.302110579772224
0.040549696094714
-0.123433186668474
-0.184436671161993
-0.145744736929140
0.000399330723195
-0.016094610974788
-0.159943563119670
-0.197411542825865
-0.135073634145074
0.030079412210177
0.297628023707790
0.624509918081353
0.887303962234340
0.996876840556984
0.952112229334933
0.770605688616083
0.456357641488400
-0.000575910753240
0.000399330723195
-0.145744736929140
-0.184436671161993
-0.123433186668474
0.040549696094714
0.302110579772224
0.634722303922864
0.905199397090937
1.016262739261931
0.972051978803545
0.788662813012065
0.477057694318389
0.020310424932647
-0.000130333368169
0.045878890861296
0.056094953335917
0.035864408420175
-0.011087681508803
-0.075960330688198
-0.133949914450305
-0.127020771836307
-0.037659436360804
0.124435980439033
0.348065166592330
0.632650666197635
0.989551051107861
0.005487460327495
0.050964649656411
0.059979002046778
0.039300249094441
-0.009350926274197
-0.073537217688231
-0.124804440621985
-0.115431172792022
-0.026319722278304
0.135460113120688
0.357737163704806
0.643508204579443
1.000302773755210
