8
-1.000000000000000
-0.871740148509605
-0.591700181433143
-0.209299217902479
0.209299217902479
0.591700181433143
0.871740148509605
1.000000000000000
18
-1.000000000000000
-0.976105557422073
-0.920649185323714
-0.835593535240203
-0.723679329272682
-0.588504834321388
-0.434415036911771
-0.266362652878298
-0.089749093484652
0.089749093484652
0.266362652878281
0.434415036912113
0.588504834318751
0.723679329282940
0.835593535218656
0.920649185346972
0.976105557412419
1.000000000000000
0.998859062686377
0.675543325915613
0.177197980791844
-0.134987502465123
-0.130538204877621
0.002466534353571
0.064224030839428
0.020993121838401
-0.044800537085517
-0.034058683890682
0.012641807069567
0.025160699402157
-0.000769647809835
-0.023595168498302
-0.009877142944197
0.009122125113421
0.008222586920723
-0.000264695971591
1.001844981379152
0.701208079667201
0.225653143396837
-0.085128820330420
-0.111887229851390
0.017186460834875
0.084031733937090
0.025347905020373
-0.031864863379320
-0.026293527939821
0.019529131668127
0.034001163117128
0.002506164934757
-0.016386330443491
-0.005907019231379
0.012976903833932
0.013405239705958
0.001851085362882
-0.003006056244070
0.386711473020931
0.889235709117837
0.953252186410737
0.502012973247854
-0.073271608292162
-0.253390101386191
-0.071304492241367
0.092298888052290
0.074441354231935
-0.051200344359843
-0.088544742052948
-0.004721396950971
0.044836524942707
0.017237059534837
-0.031979691135291
-0.033034257042500
-0.003019801868095
0.003174847768555
0.433059826465673
0.975700310627498
1.023531479940829
0.518984415242226
-0.008864198433223
-0.201262239478900
-0.059162943927324
0.127989277406953
0.093040920219566
-0.033637816413568
-0.066566850263158
0.002755557894149
0.062451348839479
0.026293248115729
-0.023182003554429
-0.020795581327725
0.001250349237602
-0.003518546906190
-0.164760196791472
-0.225194475184115
0.163629435070768
0.734088589263399
0.999852797601997
0.712564661280278
0.113752373300127
-0.253958381434337
-0.160442770041626
0.057306220298547
0.108202248631429
-0.004329549850475
-0.096607793157608
-0.039055538297863
0.035228372443522
0.031445930936748
-0.001615356645538
0.001522558994866
-0.133307410158808
-0.168226347969280
0.181429732819392
0.792376885087369
1.087784729678743
0.749088485069133
0.155467488467370
-0.187360682593532
-0.137408080371964
0.084244162660960
0.139471611215445
0.004203863912166
-0.072311294558917
-0.029286209795495
0.045256068467092
0.046511728868915
0.001538453810778
-0.001248532674405
0.073079596409370
0.084924009791766
-0.088032486716629
-0.267570235313226
-0.032385387731846
0.547353486179637
0.968088494422491
0.868274513657834
0.332967012515939
-0.179611161595122
-0.232205866064546
-0.005572934019666
0.113214742782657
0.045020860367714
-0.065807694469675
-0.066468249092682
-0.001264197545106
0.001190397992340
0.099737696230339
0.105602220668550
-0.076113107704352
-0.206546660574964
0.009648401322146
0.574715465649727
1.051752871289944
0.931807630202043
0.348428603672382
-0.116137196709062
-0.191330229805652
0.007844824051639
0.148796743575554
0.055861531381713
-0.053169685028668
-0.047020969849734
0.001060554788809
-0.001264197545106
-0.066468249092682
-0.065807694469675
0.045020860367714
0.113214742782657
-0.005572934019666
-0.232205866064546
-0.179611161595122
0.332967012515939
0.868274513657834
0.968088494422491
0.547353486179637
-0.032385387731846
-0.267570235313226
-0.088032486716629
0.084924009791766
0.073079596409370
-0.001248532674405
0.001060554788809
-0.047020969849734
-0.053169685028668
0.055861531381713
0.148796743575554
0.007844824051639
-0.191330229805652
-0.116137196709062
0.348428603672382
0.931807630202043
1.051752871289944
0.574715465649727
0.009648401322146
-0.206546660574964
-0.076113107704352
0.105602220668550
0.099737696230339
0.001190397992340
-0.001615356645538
0.031445930936748
0.035228372443522
-0.039055538297863
-0.096607793157608
-0.004329549850475
0.108202248631429
0.057306220298547
-0.160442770041626
-0.253958381434337
0.113752373300127
0.712564661280278
0.999852797601997
0.734088589263399
0.163629435070768
-0.225194475184115
-0.164760196791472
-0.003518546906190
0.001538453810778
0.046511728868915
0.045256068467092
-0.029286209795495
-0.072311294558917
0.004203863912166
0.139471611215445
0.084244162660960
-0.137408080371964
-0.187360682593532
0.155467488467370
0.749088485069133
1.087784729678743
0.792376885087369
0.181429732819392
-0.168226347969280
-0.133307410158808
0.001522558994866
-0.003019801868095
-0.033034257042500
-0.031979691135291
0.017237059534837
0.044836524942707
-0.004721396950971
-0.088544742052948
-0.051200344359843
0.074441354231935
0.092298888052290
-0.071304492241367
-0.253390101386191
-0.073271608292162
0.502012973247854
0.953252186410737
0.889235709117837
0.386711473020931
-0.003006056244070
0.001250349237602
-0.020795581327725
-0.023182003554429
0.026293248115729
0.062451348839479
0.002755557894149
-0.066566850263158
-0.033637816413568
0.093040920219566
0.127989277406953
-0.059162943927324
-0.201262239478900
-0.008864198433223
0.518984415242226
1.023531479940829
0.975700310627498
0.433059826465673
0.003174847768555
-0.000264695971591
0.008222586920723
0.009122125113421
-0.009877142944197
-0.023595168498302
-0.000769647809835
0.025160699402157
0.012641807069567
-0.034058683890682
-0.044800537085517
0.020993121838401
0.064224030839428
0.002466534353571
-0.130538204877621
-0.134987502465123
0.177197980791844
0.675543325915613
0.998859062686377
0.001851085362882
0.013405239705958
0.012976903833932
-0.005907019231379
-0.016386330443491
0.002506164934757
0.034001163117128
0.019529131668127
-0.026293527939821
-0.031864863379320
0.025347905020373
0.084031733937090
0.017186460834875
-0.111887229851390
-0.085128820330420
0.225653143396837
0.701208079667201
1.001844981379152
