7
-1.000000000000000
-0.830223896278567
-0.468848793470714
0.000000000000000
0.468848793470714
0.830223896278567
1.000000000000000
15
-1.000000000000000
-0.974927912181824
-0.900968867902419
-0.781831482468030
-0.623489801858734
-0.433883739117558
-0.222520933956314
-0.000000000000000
0.222520933956314
0.433883739117558
0.623489801858733
0.781831482468029
0.900968867902419
0.974927912181824
1.000000000000000
0.999777671181883
0.736367095758363
0.200651413256118
-0.143176605220249
-0.123243202488686
0.020221914841756
0.061129718327339
-0.006024036816339
-0.051999145669313
-0.009352491223886
0.024376030525310
0.010526594240188
-0.016410167225375
-0.014215330262444
-0.000222328818120
1.001690042761633
0.758768625599493
0.256087659396175
-0.086106149486825
-0.104388050889882
0.039838936709919
0.080782000149860
0.001647182189548
-0.037289981489261
-0.005302862891034
0.034360690088506
0.015571647656744
-0.011769314281541
-0.008044963174776
0.001690042761630
-0.002992500177859
0.315219273084069
0.864322348855069
0.950807608062074
0.445217160140886
-0.149627179668731
-0.235528077944614
-0.002855375062648
0.106141486312822
0.015694820767732
-0.091240989437520
-0.039564118047681
0.032642013601469
0.022685736461147
-0.002992500177861
0.000629570142800
0.354532892251502
0.965871373323140
1.029587686374273
0.466448554715320
-0.069801436639195
-0.188567858996501
0.019166144309064
0.145771939666972
0.024666449312687
-0.065605410628775
-0.028016350762383
0.043471435113421
0.037544559702522
0.000629570142798
-0.000661680480634
-0.139553640789810
-0.243943475478764
0.165858899403962
0.776537219890270
0.989284454510810
0.580509405730849
-0.059912171441894
-0.271680116985188
-0.039401939592687
0.109482891161664
0.045512761218746
-0.068293350692434
-0.058080060210879
-0.000597804595927
0.001911604634608
-0.112303748927747
-0.176715765510295
0.186063548342243
0.849616406386489
1.089237663810742
0.606022165926004
0.001204118736034
-0.205564782008747
-0.028334379185155
0.150134359101914
0.058608867638862
-0.054330610672556
-0.038177485527593
0.001911604634602
-0.001422805508364
0.061648051413784
0.089473963529154
-0.091452201146512
-0.277492515037030
0.041361719301022
0.682374688933487
0.999999000000002
0.682374688932675
0.041361719544578
-0.277492515320506
-0.091452201007262
0.089473963527973
0.061648051413787
-0.001422805508361
0.000220969938973
0.085305989012727
0.114999789325546
-0.078165203808891
-0.204724790364379
0.084725485080875
0.730807891030645
1.102976249976001
0.730807891030645
0.084725485081300
-0.204724790364378
-0.078165203808889
0.114999789325548
0.085305989012730
0.000220969938976
-0.000597804595927
-0.058080060210879
-0.068293350692434
0.045512761218746
0.109482891161664
-0.039401939592687
-0.271680116985188
-0.059912171441894
0.580509405730849
0.989284454510810
0.776537219890270
0.165858899403962
-0.243943475478764
-0.139553640789810
-0.000661680480634
0.001911604634602
-0.038177485527593
-0.054330610672556
0.058608867638862
0.150134359101914
-0.028334379185155
-0.205564782008747
0.001204118736034
0.606022165926004
1.089237663810742
0.849616406386489
0.186063548342243
-0.176715765510295
-0.112303748927747
0.001911604634608
-0.002992500177861
0.022685736461147
0.032642013601469
-0.039564118047681
-0.091240989437520
0.015694820767732
0.106141486312822
-0.002855375062648
-0.235528077944614
-0.149627179668731
0.445217160140886
0.950807608062074
0.864322348855069
0.315219273084069
-0.002992500177859
0.000629570142798
0.037544559702522
0.043471435113421
-0.028016350762383
-0.065605410628775
0.024666449312687
0.145771939666972
0.019166144309064
-0.188567858996501
-0.069801436639195
0.466448554715320
1.029587686374273
0.965871373323140
0.354532892251502
0.000629570142800
-0.000222328818120
-0.014215330262444
-0.016410167225375
0.010526594240188
0.024376030525310
-0.009352491223886
-0.051999145669313
-0.006024036816339
0.061129718327339
0.020221914841756
-0.123243202488686
-0.143176605220249
0.200651413256118
0.736367095758363
0.999777671181883
0.001690042761630
-0.008044963174776
-0.011769314281541
0.015571647656744
0.034360690088506
-0.005302862891034
-0.037289981489261
0.001647182189548
0.080782000149860
0.039838936709919
-0.104388050889882
-0.086106149486825
0.256087659396175
0.758768625599493
1.001690042761633
