7
-1.000000000000000
-0.830223896278567
-0.468848793470714
0.000000000000000
0.468848793470714
0.830223896278567
1.000000000000000
10
-1.000000000000000
-0.867013052599573
-0.634605306922040
-0.432379423966009
-0.114179768425924
0.114179768425924
0.432379423966009
0.634605306922040
0.867013052599573
1.000000000000000
0.918569553021112
-0.046822969619362
-0.188411741713964
0.021088211442729
0.036317773620868
-0.050206599631077
-0.023784992459116
0.024806119101815
-0.011500976650813
-0.021510868642221
1.002618535206200
0.110880963072784
-0.109831567717139
0.063220862665520
0.070068990736730
-0.026781699204085
-0.005717690234390
0.040597292820731
-0.001934684449999
0.002618535206198
-0.004459438555467
0.966395580997633
0.500250030861248
-0.215548833539689
-0.196208193853597
0.079161075563134
0.018152802340064
-0.107277434908775
0.008931701232233
-0.004459438555471
0.182315820409819
1.199021731594627
0.576075707141357
-0.072545800905594
-0.108096205757611
0.142037655867495
0.064314932104769
-0.066439164839834
0.030847820749797
0.057041425786804
-0.204123174281888
-0.186092265088260
0.743736049341265
0.988355706521545
0.264088443619373
-0.288571796143085
-0.092596425097480
0.111075322234958
-0.048333854452183
-0.087950757585221
0.001595905267269
-0.111511438795245
0.803809641648883
1.130928216083177
0.305527864700791
-0.167480902311462
-0.036294110767313
0.174469240224937
-0.025288990123544
0.001595905267258
-0.001088928980052
0.053617289070867
-0.309436941773359
0.053946466126611
0.910866783809254
0.910866783789750
0.053946466139906
-0.309436941775315
0.053617289072046
-0.001088928980050
0.135077527666292
0.079386665034716
-0.206604112435602
0.090856967101924
1.001335950069796
1.001335950069792
0.090856967101927
-0.206604112436815
0.079386665008115
0.135077527713240
-0.087950757585221
-0.048333854452183
0.111075322234958
-0.092596425097480
-0.288571796143085
0.264088443619373
0.988355706521545
0.743736049341265
-0.186092265088260
-0.204123174281888
0.001595905267258
-0.025288990123544
0.174469240224937
-0.036294110767313
-0.167480902311462
0.305527864700791
1.130928216083177
0.803809641648883
-0.111511438795245
0.001595905267269
-0.004459438555471
0.008931701232233
-0.107277434908775
0.018152802340064
0.079161075563134
-0.196208193853597
-0.215548833539689
0.500250030861248
0.966395580997633
-0.004459438555467
0.057041425786804
0.030847820749797
-0.066439164839834
0.064314932104769
0.142037655867495
-0.108096205757611
-0.072545800905594
0.576075707141357
1.199021731594627
0.182315820409819
-0.021510868642221
-0.011500976650813
0.024806119101815
-0.023784992459116
-0.050206599631077
0.036317773620868
0.021088211442729
-0.188411741713964
-0.046822969619362
0.918569553021112
0.002618535206198
-0.001934684449999
0.040597292820731
-0.005717690234390
-0.026781699204085
0.070068990736730
0.063220862665520
-0.109831567717139
0.110880963072784
1.002618535206200
