3
-1.000000000000000
0.000000000000000
1.000000000000000
12
-1.000000000000000
-0.818447468900649
-0.636576652777997
-0.454404779103505
-0.272251362294237
-0.090843336859881
0.090843336859881
0.272251362294237
0.454404779103505
0.636576652777997
0.818447468900649
1.000000000000000
0.995924000124202
0.739984310394117
0.516798743160985
0.326249040363187
0.169083352368532
0.045420668429700
-0.045422668429700
-0.103168009926253
-0.128155738739799
-0.119777909617550
-0.078463158506142
-0.004075999875917
1.000089776777762
0.744184679547895
0.520907754635129
0.330447840442011
0.173187083282653
0.049615350241532
-0.041227986618349
-0.099064279011585
-0.123956938661494
-0.115668898142868
-0.074262789352754
0.000089776777762
-0.000178555420600
0.330079108148636
0.594762141562544
0.793510098077134
0.925878195728932
0.991613634500678
0.991613634500678
0.925878195728931
0.793510096284467
0.594762142337265
0.330079108145945
-0.000178555420600
0.008150999744164
0.338477848120030
0.602978166452931
0.801905698380216
0.934083657554165
1.000000999999999
1.000001000000001
0.934083657554163
0.801905698379974
0.602978166452933
0.338477848116588
0.008150999745907
-0.004075999875917
-0.078463158506142
-0.119777909617550
-0.128155738739799
-0.103168009926253
-0.045422668429700
0.045420668429700
0.169083352368532
0.326249040363187
0.516798743160985
0.739984310394117
0.995924000124202
0.000089776777762
-0.074262789352754
-0.115668898142868
-0.123956938661494
-0.099064279011585
-0.041227986618349
0.049615350241532
0.173187083282653
0.330447840442011
0.520907754635129
0.744184679547895
1.000089776777762
