5
-1.000000000000000
-0.654653670707977
0.000000000000000
0.654653670707977
1.000000000000000
17
-1.000000000000000
-0.919011179801521
-0.838748113788834
-0.732762844093918
-0.606658440806472
-0.454620352048664
-0.288119819962125
-0.134190775702999
0.000000000000000
0.134190775702999
0.288119819962125
0.454620352048664
0.606658440806472
0.732762844093918
0.838748113788834
0.919011179801521
1.000000000000000
0.985488465261362
0.633135263340206
0.357765719182823
0.105703765678504
-0.066900253677729
-0.142219700141963
-0.117511914620338
-0.055163506699977
-0.000054332377180
0.041728046237246
0.062015826825405
0.048094254129741
0.012541773097040
-0.020802273836660
-0.035015036367247
-0.029575511125221
-0.004129904428484
1.000502373828606
0.641964369796205
0.371016867356114
0.120416685962701
-0.051547559383888
-0.128182328380085
-0.111785149424183
-0.054095625822662
0.002099417000943
0.045434941013377
0.067593211033486
0.052187401113178
0.013386063025858
-0.018109717508128
-0.032120504457253
-0.026717745301006
0.000502373828605
-0.000937688992938
0.458901532862870
0.758195133202232
0.961056163935652
0.986988587863493
0.816173592052399
0.506882611765546
0.203936912245015
-0.008963033022746
-0.153348041808035
-0.213965168750610
-0.158345472615869
-0.038606330496213
0.053309396202727
0.092789042158987
0.076511605836273
-0.000937688992936
0.027447948770280
0.475535147587088
0.782058962913640
0.986831088291478
1.011127557160750
0.834625582486267
0.509783796876040
0.212423892643808
0.000079986305512
-0.140024004124227
-0.197680537336616
-0.147088773639770
-0.036909083927849
0.061157131728835
0.100464367951732
0.084117555646342
0.011485141623829
-0.020256095216220
-0.163189532868795
-0.204568720132963
-0.133626629901060
0.081129616815512
0.410308705899731
0.739251509968533
0.940702365269278
0.999998999999999
0.940702365269278
0.739251509968533
0.410308705899731
0.081129616815512
-0.133626629901061
-0.204568720132965
-0.163189532853122
-0.020256095234909
0.000678611027676
-0.150862180116879
-0.190072717065211
-0.116846136008010
0.089754700170345
0.415685032087807
0.755734116220199
0.957667015611794
1.013873119230170
0.957667015611794
0.755734116219959
0.415685032087773
0.089754700170328
-0.116846136008010
-0.190072717065212
-0.150862180116881
0.000678611027673
-0.000937688992936
0.076511605836273
0.092789042158987
0.053309396202727
-0.038606330496213
-0.158345472615869
-0.213965168750610
-0.153348041808035
-0.008963033022746
0.203936912245015
0.506882611765546
0.816173592052399
0.986988587863493
0.961056163935652
0.758195133202232
0.458901532862870
-0.000937688992938
0.011485141623829
0.084117555646342
0.100464367951732
0.061157131728835
-0.036909083927849
-0.147088773639770
-0.197680537336616
-0.140024004124227
0.000079986305512
0.212423892643808
0.509783796876040
0.834625582486267
1.011127557160750
0.986831088291478
0.782058962913640
0.475535147587088
0.027447948770280
-0.004129904428484
-0.029575511125221
-0.035015036367247
-0.020802273836660
0.012541773097040
0.048094254129741
0.062015826825405
0.041728046237246
-0.000054332377180
-0.055163506699977
-0.117511914620338
-0.142219700141963
-0.066900253677729
0.105703765678504
0.357765719182823
0.633135263340206
0.985488465261362
0.000502373828605
-0.026717745301006
-0.032120504457253
-0.018109717508128
0.013386063025858
0.052187401113178
0.067593211033486
0.045434941013377
0.002099417000943
-0.054095625822662
-0.111785149424183
-0.128182328380085
-0.051547559383888
0.120416685962701
0.371016867356114
0.641964369796205
1.000502373828606
