3
-1.000000000000000
0.000000000000000
1.000000000000000
7
-1.000000000000000
-0.666666666666672
-0.333333333333337
0.000000000000000
0.333333333333337
0.666666666666672
1.000000000000000
0.986111148465793
0.541664629272496
0.208333370688450
-0.013890926282851
-0.124999962644780
-0.125002037394069
-0.013888851533667
1.000167833500166
0.555556555555562
0.222390055722390
0.000000999999999
-0.110943277610946
-0.111110111097496
0.000167833500166
-0.000334667841632
0.555554555555548
0.888554221047257
0.999998999004118
0.888554221047257
0.555554555555548
-0.000334667841632
0.027777005866645
0.583336105305159
0.916665894751348
1.027780549753823
0.916665894751348
0.583336105309371
0.027777005860353
-0.013888851533667
-0.125002037394069
-0.124999962644780
-0.013890926282851
0.208333370688450
0.541664629272496
0.986111148465793
0.000167833500166
-0.111110111097496
-0.110943277610946
0.000000999999999
0.222390055722390
0.555556555555562
1.000167833500166
