3
-1.000000000000000
0.000000000000000
1.000000000000000
11
-1.000000000000000
-0.951056516295154
-0.809016994374947
-0.587785252292473
-0.309016994374947
-0.000000000000000
0.309016994374947
0.587785252292473
0.809016994374947
0.951056516295154
1.000000000000000
0.999998498998518
0.926594366023809
0.727406911943573
0.458456199752571
0.190874054351692
-0.012508001486127
-0.118142940022961
-0.129329052540564
-0.081610082431465
-0.024462150270607
-0.000001501001482
1.000155530842776
0.927916124700873
0.731862094059459
0.466766385962732
0.202369064264178
0.000001000000000
-0.106647930110769
-0.121018866329741
-0.077154900325908
-0.023140391566069
0.000155530842777
-0.000310061685755
0.095225266868672
0.345293806297748
0.654253480351750
0.904279865848720
0.999999000000000
0.904279865848330
0.654253480723767
0.345293806297748
0.095225266868672
-0.000310061685755
0.000001967899316
0.097868445499710
0.354198932756146
0.670876211353716
0.927262701832134
1.025020438236453
0.927262701832134
0.670876211353249
0.354198932757009
0.097868445499313
0.000001967899316
-0.000001501001482
-0.024462150270607
-0.081610082431465
-0.129329052540564
-0.118142940022961
-0.012508001486127
0.190874054351692
0.458456199752571
0.727406911943573
0.926594366023809
0.999998498998518
0.000155530842777
-0.023140391566069
-0.077154900325908
-0.121018866329741
-0.106647930110769
0.000001000000000
0.202369064264178
0.466766385962732
0.731862094059459
0.927916124700873
1.000155530842776
