7
-1.000000000000000
-0.830223896278567
-0.468848793470714
0.000000000000000
0.468848793470714
0.830223896278567
1.000000000000000
4
-1.000000000000000
-0.500000000000000
0.500000000000000
1.000000000000000
-0.053765018812067
-0.190712984320246
0.003138206240731
-0.018400342470601
1.000001000020504
0.066335945678858
0.056518678628592
0.000001000020502
-0.000001745026159
-0.232192738484673
-0.098469035548565
-0.009382047169842
1.578333763422316
0.190879165682390
0.078468623663742
0.034409626828899
-0.388041778355991
0.638844957551760
-0.689162976051727
-0.006137707456269
0.000002385420528
1.059905261953459
0.063389081951797
0.261394395971491
-0.474954938907664
-0.125451804015547
-0.125451804355496
-0.474954937431517
0.013120580569494
1.000000999999991
1.000001000000012
0.013120581085023
-0.006137707456269
-0.689162976051727
0.638844957551760
-0.388041778355991
0.261394395971491
0.063389081951797
1.059905261953459
0.000002385420528
-0.009382047169842
-0.098469035548565
-0.232192738484673
-0.000001745026159
0.034409626828899
0.078468623663742
0.190879165682390
1.578333763422316
-0.018400342470601
0.003138206240731
-0.190712984320246
-0.053765018812067
0.000001000020502
0.056518678628592
0.066335945678858
1.000001000020504
