4
-1.000000000000000
-0.447213595499958
0.447213595499958
1.000000000000000
17
-1.000000000000000
-0.973132176630162
-0.910879995918609
-0.815696251218936
-0.691028980629032
-0.541385399329780
-0.372174433565508
-0.189511973518317
-0.000000000000000
0.189511973518318
0.372174433565472
0.541385399330124
0.691028980627669
0.815696251221731
0.910879995915640
0.973132176631392
1.000000000000000
0.999877778123935
0.919875683378456
0.748243958814103
0.521368905940524
0.283920566900814
0.078953849464482
-0.063355362805835
-0.130731221007439
-0.130872917303663
-0.085596038955315
-0.024194784290374
0.026623703588905
0.053580409045941
0.053543027868843
0.035073423447089
0.012498566422867
-0.000072641316404
1.000177992286828
0.921311304460244
0.752080063993966
0.528248665553663
0.293323059526209
0.089825236332768
-0.052730112067370
-0.121862882575843
-0.124917858101882
-0.082963785016568
-0.023245107933999
0.029602699784962
0.056967280346567
0.056717476504877
0.036925640298138
0.013383035209483
0.000194570295122
-0.000306219460025
0.105033055955169
0.323206930009713
0.590369921977227
0.831128394390771
0.976428018666348
0.986489753985084
0.857656478277171
0.624771588714597
0.345071420803769
0.082238825174882
-0.104029570870392
-0.189580939209990
-0.181217243528401
-0.115886311477078
-0.040982481953001
-0.000385657164325
0.000290774221085
0.107917256550079
0.330416548685045
0.603549790625442
0.848227446772525
0.995989883324814
1.003967369575646
0.870971429108127
0.631003800934272
0.347420792286794
0.090455361237468
-0.092867299369038
-0.178022203743875
-0.172151956179343
-0.110350758233990
-0.038833267617952
0.000210527708716
-0.000385657164325
-0.040982481953001
-0.115886311477078
-0.181217243528401
-0.189580939209990
-0.104029570870392
0.082238825174882
0.345071420803769
0.624771588714597
0.857656478277171
0.986489753985084
0.976428018666348
0.831128394390771
0.590369921977227
0.323206930009713
0.105033055955169
-0.000306219460025
0.000210527708716
-0.038833267617952
-0.110350758233990
-0.172151956179343
-0.178022203743875
-0.092867299369038
0.090455361237468
0.347420792286794
0.631003800934272
0.870971429108127
1.003967369575646
0.995989883324814
0.848227446772525
0.603549790625442
0.330416548685045
0.107917256550079
0.000290774221085
-0.000072641316404
0.012498566422867
0.035073423447089
0.053543027868843
0.053580409045941
0.026623703588905
-0.024194784290374
-0.085596038955315
-0.130872917303663
-0.130731221007439
-0.063355362805835
0.078953849464482
0.283920566900814
0.521368905940524
0.748243958814103
0.919875683378456
0.999877778123935
0.000194570295122
0.013383035209483
0.036925640298138
0.056717476504877
0.056967280346567
0.029602699784962
-0.023245107933999
-0.082963785016568
-0.124917858101882
-0.121862882575843
-0.052730112067370
0.089825236332768
0.293323059526209
0.528248665553663
0.752080063993966
0.921311304460244
1.000177992286828
