4
-1.000000000000000
-0.447213595499958
0.447213595499958
1.000000000000000
14
-1.000000000000000
-0.959935045267229
-0.867801053830387
-0.728868599091323
-0.550639402928645
-0.342724013342713
-0.116331868883704
0.116331868883704
0.342724013342714
0.550639402928642
0.728868599091346
0.867801053830307
0.959935045267281
1.000000000000000
0.999794937765267
0.880900663025647
0.637733148479181
0.344779046001634
0.083860424193704
-0.084925419006472
-0.141732768827647
-0.108700379332759
-0.034176039115326
0.028948287353408
0.056131577057269
0.045604143550626
0.017967229584090
-0.000100139997642
1.000287376977187
0.884062873553131
0.645923735815918
0.357967952592876
0.100020877794135
-0.069159763327350
-0.129986462855516
-0.102746093694446
-0.033017704982932
0.033578212478613
0.061242913759799
0.049648677920038
0.019644318615848
0.000356346067151
-0.000516240288528
0.153911223917038
0.453300061057307
0.770397410751981
0.971710605342919
0.974084426379707
0.776626568422373
0.455649639928741
0.118406453893974
-0.118403075761885
-0.200625109713224
-0.156621896456294
-0.060465726967846
-0.000719388322062
0.000528481536307
0.160013820158415
0.469043277457972
0.794816787713361
1.000710362518244
0.999913656218981
0.792812435158077
0.459009441916716
0.129050082462467
-0.100714010043003
-0.184510863388490
-0.144841863410272
-0.055955250040577
0.000315080322616
-0.000719388322062
-0.060465726967846
-0.156621896456294
-0.200625109713224
-0.118403075761885
0.118406453893974
0.455649639928741
0.776626568422373
0.974084426379707
0.971710605342919
0.770397410751981
0.453300061057307
0.153911223917038
-0.000516240288528
0.000315080322616
-0.055955250040577
-0.144841863410272
-0.184510863388490
-0.100714010043003
0.129050082462467
0.459009441916716
0.792812435158077
0.999913656218981
1.000710362518244
0.794816787713361
0.469043277457972
0.160013820158415
0.000528481536307
-0.000100139997642
0.017967229584090
0.045604143550626
0.056131577057269
0.028948287353408
-0.034176039115326
-0.108700379332759
-0.141732768827647
-0.084925419006472
0.083860424193704
0.344779046001634
0.637733148479181
0.880900663025647
0.999794937765267
0.000356346067151
0.019644318615848
0.049648677920038
0.061242913759799
0.033578212478613
-0.033017704982932
-0.102746093694446
-0.129986462855516
-0.069159763327350
0.100020877794135
0.357967952592876
0.645923735815918
0.884062873553131
1.000287376977187
