6
-1.000000000000000
-0.765055323929465
-0.285231516480645
0.285231516480645
0.765055323929466
1.000000000000000
15
-1.000000000000000
-0.974927912181824
-0.900968867902419
-0.781831482468030
-0.623489801858734
-0.433883739117558
-0.222520933956314
-0.000000000000000
0.222520933956314
0.433883739117558
0.623489801858733
0.781831482468029
0.900968867902419
0.974927912181824
1.000000000000000
0.999853722481943
0.811900586512102
0.380335557159609
-0.009950834094644
-0.159148355687393
-0.086023330095919
0.027335488697059
0.062496700556054
0.016610637882341
-0.039889493889245
-0.035498362597504
0.003792250698615
0.021495544588895
0.010381081853734
-0.000146277518058
1.000953265848595
0.823202772635514
0.412641562269882
0.033061577196817
-0.127903550140891
-0.078941511706175
0.040318409895164
0.076898952963090
0.019130380759167
-0.030630930907331
-0.028915833596371
0.006458962066689
0.027582399407571
0.013199758407658
0.000963056277790
-0.001728334882391
0.233259947474944
0.716381761446115
0.994849820860271
0.814302890561494
0.302080847611079
-0.146428990034736
-0.230799269472063
-0.055197534726271
0.088282101593138
0.081480194542449
-0.017075514847116
-0.074099440181042
-0.034782181151395
-0.001756394092906
0.000509805885604
0.256145080989691
0.772243493716822
1.068979328659436
0.849527862254094
0.325597565975862
-0.093468953750466
-0.194543547739025
-0.047386626436167
0.114490500127742
0.098125983843785
-0.010299941353856
-0.058325209168558
-0.027958310535271
0.000509805885607
-0.000938815232411
-0.099136354130181
-0.236525794663128
-0.070740047265114
0.412645861590271
0.877336369455469
0.979107824884147
0.631558170292357
0.091919034528316
-0.232865243298781
-0.177008949911517
0.018177875459861
0.099243328769959
0.046785116987854
-0.000797822749792
0.001184489148361
-0.085695628795706
-0.191462002099381
-0.039606633286397
0.428072119166263
0.936292812045398
1.045916825707801
0.657640722062465
0.121694229115798
-0.180591644472448
-0.152753600820767
0.028975225875524
0.124781585233575
0.055768743873241
0.001266068172575
-0.000797822749792
0.046785116987854
0.099243328769959
0.018177875459861
-0.177008949911517
-0.232865243298781
0.091919034528316
0.631558170292357
0.979107824884147
0.877336369455469
0.412645861590271
-0.070740047265114
-0.236525794663128
-0.099136354130181
-0.000938815232411
0.001266068172575
0.055768743873241
0.124781585233575
0.028975225875524
-0.152753600820767
-0.180591644472448
0.121694229115798
0.657640722062465
1.045916825707801
0.936292812045398
0.428072119166263
-0.039606633286397
-0.191462002099381
-0.085695628795706
0.001184489148361
-0.001756394092906
-0.034782181151395
-0.074099440181042
-0.017075514847116
0.081480194542449
0.088282101593138
-0.055197534726271
-0.230799269472063
-0.146428990034736
0.302080847611079
0.814302890561494
0.994849820860271
0.716381761446115
0.233259947474944
-0.001728334882391
0.000509805885607
-0.027958310535271
-0.058325209168558
-0.010299941353856
0.098125983843785
0.114490500127742
-0.047386626436167
-0.194543547739025
-0.093468953750466
0.325597565975862
0.849527862254094
1.068979328659436
0.772243493716822
0.256145080989691
0.000509805885604
-0.000146277518058
0.010381081853734
0.021495544588895
0.003792250698615
-0.035498362597504
-0.039889493889245
0.016610637882341
0.062496700556054
0.027335488697059
-0.086023330095919
-0.159148355687393
-0.009950834094644
0.380335557159609
0.811900586512102
0.999853722481943
0.000963056277790
0.013199758407658
0.027582399407571
0.006458962066689
-0.028915833596371
-0.030630930907331
0.019130380759167
0.076898952963090
0.040318409895164
-0.078941511706175
-0.127903550140891
0.033061577196817
0.412641562269882
0.823202772635514
1.000953265848595
