5
-1.000000000000000
-0.654653670707977
0.000000000000000
0.654653670707977
1.000000000000000
9
-1.000000000000000
-0.750000000000000
-0.500000000000000
-0.250000000000000
0.000000000000000
0.250000000000000
0.500000000000000
0.750000000000000
1.000000000000000
0.888454943108479
0.078428281081912
-0.148627973895116
-0.112157816095931
-0.000049319920501
0.060057593750000
0.039007295157015
-0.034748615843439
-0.030522182844520
1.000233885528191
0.153809593750000
-0.117159604229686
-0.099923853003213
0.006135172378694
0.073832378730182
0.045197031896703
-0.021758833553015
0.000233885528190
-0.000383436513615
0.941007220806320
0.883890351201010
0.423852724977881
-0.034538794500913
-0.232376056859112
-0.137171483984260
0.063557813644188
-0.000383436513612
0.208659672961280
1.074452828620547
0.923886969983866
0.435232293410888
0.000034022689507
-0.193632104147372
-0.118162475327168
0.100975388564444
0.085860624718277
-0.151038765018640
-0.220565170630784
0.310580912884749
0.800526263342096
0.999998999999999
0.800526263342096
0.310580912931695
-0.220565170853376
-0.151038764760957
0.000187589957872
-0.136717749999999
0.315594648364133
0.844381955844703
1.053020462522169
0.844381956045518
0.315594648333413
-0.136717749999974
0.000187589957870
-0.000383436513612
0.063557813644188
-0.137171483984260
-0.232376056859112
-0.034538794500913
0.423852724977881
0.883890351201010
0.941007220806320
-0.000383436513615
0.085860624718277
0.100975388564444
-0.118162475327168
-0.193632104147372
0.000034022689507
0.435232293410888
0.923886969983866
1.074452828620547
0.208659672961280
-0.030522182844520
-0.034748615843439
0.039007295157015
0.060057593750000
-0.000049319920501
-0.112157816095931
-0.148627973895116
0.078428281081912
0.888454943108479
0.000233885528190
-0.021758833553015
0.045197031896703
0.073832378730182
0.006135172378694
-0.099923853003213
-0.117159604229686
0.153809593750000
1.000233885528191
