8
-1.000000000000000
-0.871740148509605
-0.591700181433143
-0.209299217902479
0.209299217902479
0.591700181433143
0.871740148509605
1.000000000000000
6
-1.000000000000000
-0.809016994374947
-0.309016994374947
0.309016994374947
0.809016994374947
1.000000000000000
0.453916782694842
-0.223647992960161
-0.019528412882539
-0.064264161570837
-0.013347151129397
-0.000005845210474
1.000004309433135
-0.080884172921929
0.136997479410838
0.029687007245439
0.013848589045324
0.010445632747489
-0.000007911079484
0.312100677616499
-0.488556133321909
-0.076850298732303
-0.046754931035454
-0.023647390643645
1.106435478826226
0.954272472875637
0.036406333703262
0.207589394663260
0.033271949888851
0.000035486728797
-0.690862156876230
0.320990550408775
-0.107444034375035
-0.348555231786010
-0.050201069093946
-0.000005782037476
0.000011228531418
1.350960124847422
0.631412174812745
0.128658106073529
0.062003818750161
0.038163883812447
-0.000381403455960
-0.702292606535453
0.903373561371663
-0.268676453877295
0.035633778599566
-0.118214902158144
0.264249913394180
-0.128590803510099
1.336862285507178
0.018804126861866
0.134865663406014
0.000226930964568
-0.118214902158144
0.035633778599566
-0.268676453877295
0.903373561371663
-0.702292606535453
-0.000381403455960
0.000226930964568
0.134865663406014
0.018804126861866
1.336862285507178
-0.128590803510099
0.264249913394180
-0.000005782037476
-0.050201069093946
-0.348555231786010
-0.107444034375035
0.320990550408775
-0.690862156876230
0.038163883812447
0.062003818750161
0.128658106073529
0.631412174812745
1.350960124847422
0.000011228531418
-0.023647390643645
-0.046754931035454
-0.076850298732303
-0.488556133321909
0.312100677616499
-0.000007911079484
0.000035486728797
0.033271949888851
0.207589394663260
0.036406333703262
0.954272472875637
1.106435478826226
-0.000005845210474
-0.013347151129397
-0.064264161570837
-0.019528412882539
-0.223647992960161
0.453916782694842
0.010445632747489
0.013848589045324
0.029687007245439
0.136997479410838
-0.080884172921929
1.000004309433135
