3
-1.000000000000000
0.000000000000000
1.000000000000000
14
-1.000000000000000
-0.981560634246719
-0.904117256370475
-0.769902674194305
-0.587317954286617
-0.367831498998180
-0.125233408511469
0.125233408511469
0.367831498998180
0.587317954286617
0.769902674194305
0.904117256370475
0.981560634246719
1.000000000000000
0.999998498998485
0.972228738336682
0.859326682350987
0.678087838981448
0.460914204140095
0.244677148852620
0.062615704255044
-0.062617704255044
-0.123154350146783
-0.126403750145486
-0.091814835213581
-0.044790574018948
-0.009331895910297
-0.000001501001515
1.000131756962245
0.972562602724884
0.860815609348632
0.681371558463347
0.466162842055638
0.251566755326714
0.070502125465782
-0.054731283045686
-0.116264743671466
-0.121155112230729
-0.088531115724323
-0.043301647084841
-0.008996289732172
0.000057272741259
-0.000113545482519
0.036432945199297
0.182487037645768
0.407160557267609
0.654993270175341
0.864698988344751
0.984230157579904
0.984230157579904
0.864698988344752
0.654993270175341
0.407160557267610
0.182487037689487
0.036432945199297
-0.000113545482519
0.000002002003005
0.037102157456418
0.185462891935008
0.413725995848766
0.665488546052363
0.878476201259379
1.000001000000004
1.000000999999996
0.878476201259386
0.665488546170114
0.413725995756504
0.185462891997634
0.037102157428964
0.000002002003005
-0.000001501001515
-0.009331895910297
-0.044790574018948
-0.091814835213581
-0.126403750145486
-0.123154350146783
-0.062617704255044
0.062615704255044
0.244677148852620
0.460914204140095
0.678087838981448
0.859326682350987
0.972228738336682
0.999998498998485
0.000057272741259
-0.008996289732172
-0.043301647084841
-0.088531115724323
-0.121155112230729
-0.116264743671466
-0.054731283045686
0.070502125465782
0.251566755326714
0.466162842055638
0.681371558463347
0.860815609348632
0.972562602724884
1.000131756962245
