6
-1.000000000000000
-0.765055323929465
-0.285231516480645
0.285231516480645
0.765055323929466
1.000000000000000
10
-1.000000000000000
-0.858982714509136
-0.682848667554236
-0.408497221500945
-0.160139612437628
0.160139612437628
0.408497221500945
0.682848667554236
0.858982714509136
1.000000000000000
0.919645063093051
0.184113570043540
-0.163856866203415
-0.089450434613482
0.047476620346578
0.034124656312244
-0.042024793482716
-0.032777479348467
0.018423991363632
-0.000294993331411
1.001612968527505
0.244340718021008
-0.100596138916400
-0.064547305510859
0.074748002541768
0.053485547383528
-0.026336892532928
-0.017492422614152
0.026893784327238
0.016950575890915
-0.002894338448710
0.874053201660156
0.928459265765993
0.233828440817859
-0.250661865049477
-0.145500449432250
0.077020384402240
0.050005470577020
-0.071968410786945
-0.043971160241354
0.125305280251726
1.005784108079637
0.996749282137348
0.262190757781483
-0.157058922931898
-0.101871694512728
0.120237234695110
0.090120482178963
-0.050141950372694
0.000919900827236
-0.088274618058097
-0.263328109359453
0.222959285116751
0.915737206192977
0.919406288153651
0.244282204784774
-0.253804660555298
-0.147543241914169
0.086679739882791
-0.001053919976312
0.001715089484998
-0.173251502582358
0.267802944708431
1.006770108018023
0.996735835157627
0.271687818917355
-0.161978116061794
-0.094027682472712
0.120981846761869
0.068257279798185
-0.001053919976312
0.086679739882791
-0.147543241914169
-0.253804660555298
0.244282204784774
0.919406288153651
0.915737206192977
0.222959285116751
-0.263328109359453
-0.088274618058097
0.068257279798185
0.120981846761869
-0.094027682472712
-0.161978116061794
0.271687818917355
0.996735835157627
1.006770108018023
0.267802944708431
-0.173251502582358
0.001715089484998
-0.043971160241354
-0.071968410786945
0.050005470577020
0.077020384402240
-0.145500449432250
-0.250661865049477
0.233828440817859
0.928459265765993
0.874053201660156
-0.002894338448710
0.000919900827236
-0.050141950372694
0.090120482178963
0.120237234695110
-0.101871694512728
-0.157058922931898
0.262190757781483
0.996749282137348
1.005784108079637
0.125305280251726
-0.000294993331411
0.018423991363632
-0.032777479348467
-0.042024793482716
0.034124656312244
0.047476620346578
-0.089450434613482
-0.163856866203415
0.184113570043540
0.919645063093051
0.016950575890915
0.026893784327238
-0.017492422614152
-0.026336892532928
0.053485547383528
0.074748002541768
-0.064547305510859
-0.100596138916400
0.244340718021008
1.001612968527505
