5
-1.000000000000000
-0.654653670707977
0.000000000000000
0.654653670707977
1.000000000000000
14
-1.000000000000000
-0.981560634246719
-0.904117256370475
-0.769902674194305
-0.587317954286617
-0.367831498998180
-0.125233408511469
0.125233408511469
0.367831498998180
0.587317954286617
0.769902674194305
0.904117256370475
0.981560634246719
1.000000000000000
0.999922584919578
0.906042214772113
0.566787741736471
0.163829116262098
-0.100414847392948
-0.147575009005203
-0.052321364243930
0.039513456176288
0.059669483924353
0.017644917243529
-0.030535444171472
-0.034596999301151
-0.009737220541885
-0.000077415080423
1.000350486052223
0.910440048539106
0.585765349568914
0.195828796822021
-0.068217539605286
-0.129029929019968
-0.049556027156009
0.050914169799565
0.069042547751785
0.019595216554188
-0.025285066102200
-0.029356518881440
-0.008313782467422
0.000230263952174
-0.000813643672204
0.119630163535341
0.525321539924914
0.911798391257236
0.975530926695673
0.663742975644178
0.173111856625485
-0.174345318892597
-0.212689410314639
-0.056853163903006
0.073510440039742
0.083873791764437
0.023693899005209
-0.000745980066624
0.000242301998872
0.127687703978498
0.561389141951835
0.967188536634234
1.026502856370428
0.680124077852751
0.196471201495585
-0.133057623507398
-0.186255710360421
-0.051925958823582
0.089711446313430
0.097661203329755
0.027807771579500
0.000242301998874
-0.000241338706921
-0.052734428024595
-0.189016383605031
-0.192958239985088
0.111476963313565
0.591713178508296
0.948142950646674
0.948142950646675
0.591713178508296
0.111476963296409
-0.192958239963261
-0.189016383620996
-0.052734428015755
-0.000241338706924
0.000652763199782
-0.045492077641959
-0.165652411518199
-0.155899354259760
0.127899444949089
0.613869627412590
1.000198487908102
1.000198487908091
0.613869627412598
0.127899444949089
-0.155899354232210
-0.165652411518245
-0.045492077642063
0.000652763192929
-0.000745980066624
0.023693899005209
0.083873791764437
0.073510440039742
-0.056853163903006
-0.212689410314639
-0.174345318892597
0.173111856625485
0.663742975644178
0.975530926695673
0.911798391257236
0.525321539924914
0.119630163535341
-0.000813643672204
0.000242301998874
0.027807771579500
0.097661203329755
0.089711446313430
-0.051925958823582
-0.186255710360421
-0.133057623507398
0.196471201495585
0.680124077852751
1.026502856370428
0.967188536634234
0.561389141951835
0.127687703978498
0.000242301998872
-0.000077415080423
-0.009737220541885
-0.034596999301151
-0.030535444171472
0.017644917243529
0.059669483924353
0.039513456176288
-0.052321364243930
-0.147575009005203
-0.100414847392948
0.163829116262098
0.566787741736471
0.906042214772113
0.999922584919578
0.000230263952174
-0.008313782467422
-0.029356518881440
-0.025285066102200
0.019595216554188
0.069042547751785
0.050914169799565
-0.049556027156009
-0.129029929019968
-0.068217539605286
0.195828796822021
0.585765349568914
0.910440048539106
1.000350486052223
