5
-1.000000000000000
-0.654653670707977
0.000000000000000
0.654653670707977
1.000000000000000
9
-1.000000000000000
-0.822874555997265
-0.596734499615839
-0.274031249930779
0.000000000000000
0.274031249930779
0.596734499615839
0.822874555997265
1.000000000000000
0.946362865189253
0.279421045814675
-0.121186709334097
-0.140657648552151
-0.000001000000000
0.061527369040576
0.014890001933902
-0.043790810358555
-0.013329770189288
1.001015926935331
0.326223694389909
-0.060145421340382
-0.107045125681297
0.007050362925967
0.080910506470596
0.024177935546068
-0.030864542726374
0.001015926935330
-0.001859225968952
0.801477715355893
0.980944408454303
0.471571333222186
-0.043354064853036
-0.246207044230638
-0.073460421856467
0.089950759151546
-0.001859225968949
0.093464671869737
0.894382646223797
1.069164658748581
0.503711277695434
0.000001000000000
-0.196938004760242
-0.043281928050780
0.127751089376565
0.035354182959923
-0.058728343406846
-0.262168464282726
0.083666950464980
0.762562079760179
0.999998999999999
0.762562079775437
0.083666950733423
-0.262168464681724
-0.058728343090653
0.001076548581214
-0.187252619372729
0.109794291310813
0.804904461507432
1.075289111923432
0.804904461440545
0.109794291287519
-0.187252619372621
0.001076548581212
-0.001859225968949
0.089950759151546
-0.073460421856467
-0.246207044230638
-0.043354064853036
0.471571333222186
0.980944408454303
0.801477715355893
-0.001859225968952
0.035354182959923
0.127751089376565
-0.043281928050780
-0.196938004760242
0.000001000000000
0.503711277695434
1.069164658748581
0.894382646223797
0.093464671869737
-0.013329770189288
-0.043790810358555
0.014890001933902
0.061527369040576
-0.000001000000000
-0.140657648552151
-0.121186709334097
0.279421045814675
0.946362865189253
0.001015926935330
-0.030864542726374
0.024177935546068
0.080910506470596
0.007050362925967
-0.107045125681297
-0.060145421340382
0.326223694389909
1.001015926935331
