6
-1.000000000000000
-0.765055323929465
-0.285231516480645
0.285231516480645
0.765055323929466
1.000000000000000
6
-1.000000000000000
-0.861136311594053
-0.339981043584856
0.339981043584856
0.861136311594053
1.000000000000000
0.999997999135863
-0.149360517168247
-0.116531424325171
-0.028692958193366
-0.056460072658690
-0.000002000864138
1.001320023383774
0.251978266441376
0.044458769736262
0.092768015287751
0.020237062656392
0.033724865421806
-0.002371004781671
0.867713392986908
-0.200712897965422
-0.205843794969255
-0.053957728271165
-0.090133179755973
0.000594098842915
1.424541416606049
0.104618229950742
0.091963612588307
0.135831479574946
0.000594098842918
-0.127698149070679
-0.226401725243388
0.983466861693022
-0.231699580077090
-0.157056261336681
-0.001534848165790
0.001584171523315
-0.175280493613337
1.324171179920126
-0.046686706904038
0.091600548031481
0.136183809998623
-0.001534848165790
-0.157056261336681
-0.231699580077090
0.983466861693022
-0.226401725243388
-0.127698149070679
0.136183809998623
0.091600548031481
-0.046686706904038
1.324171179920126
-0.175280493613337
0.001584171523315
-0.090133179755973
-0.053957728271165
-0.205843794969255
-0.200712897965422
0.867713392986908
-0.002371004781671
0.000594098842918
0.135831479574946
0.091963612588307
0.104618229950742
1.424541416606049
0.000594098842915
-0.000002000864138
-0.056460072658690
-0.028692958193366
-0.116531424325171
-0.149360517168247
0.999997999135863
0.033724865421806
0.020237062656392
0.092768015287751
0.044458769736262
0.251978266441376
1.001320023383774
