5
-1.000000000000000
-0.654653670707977
0.000000000000000
0.654653670707977
1.000000000000000
14
-1.000000000000000
-0.846153846153846
-0.692307692307692
-0.538461538461538
-0.384615384615385
-0.230769230769231
-0.076923076923077
0.076923076923077
0.230769230769231
0.384615384615385
0.538461538461539
0.692307692307693
0.846153846153846
1.000000000000000
0.956546892266441
0.358830393898370
0.029308851574673
-0.116304144781374
-0.138628824437351
-0.096759873708222
-0.030695857393131
0.026212382807921
0.058283390141536
0.058120214243199
0.030108704032393
-0.010896217247487
-0.040634969016948
-0.012166782526993
1.000328618185580
0.392934111644317
0.051994977801898
-0.100463070219772
-0.130649820140494
-0.093001013552578
-0.029302223882243
0.030137643800238
0.062762672392800
0.062364596229239
0.032151216414978
-0.009141583694794
-0.032449134480714
0.000328618185579
-0.000527666428228
0.736292820332669
0.991367467909120
0.931231319832919
0.694995626679959
0.390964068386697
0.103496958508074
-0.104612394639603
-0.203604454829546
-0.192144004941407
-0.095642884449828
0.027244831861031
0.093555097624537
-0.000527666428225
0.081528775797900
0.798738915141425
1.028493684981777
0.954907832981238
0.702233922444283
0.395111670183050
0.114355999830416
-0.090079889033773
-0.189061828512354
-0.180680056238557
-0.090584012009363
0.032727242933519
0.116261559977075
0.033900341114075
-0.060624510523713
-0.232323967153560
-0.080068439032004
0.223766768017095
0.557912791723473
0.829101622457157
0.980273705602710
0.980273705602710
0.829101622457196
0.557912791710559
0.223766767880671
-0.080068438846236
-0.232323967394358
-0.060624510262309
0.000262491931595
-0.190468521375300
-0.061590480585348
0.229896874983505
0.566326165936110
0.845133797015509
1.000259151923922
1.000259151923920
0.845133797015511
0.566326165936108
0.229896874983495
-0.061590480585342
-0.190468521375301
0.000262491931593
-0.000527666428225
0.093555097624537
0.027244831861031
-0.095642884449828
-0.192144004941407
-0.203604454829546
-0.104612394639603
0.103496958508074
0.390964068386697
0.694995626679959
0.931231319832919
0.991367467909120
0.736292820332669
-0.000527666428228
0.033900341114075
0.116261559977075
0.032727242933519
-0.090584012009363
-0.180680056238557
-0.189061828512354
-0.090079889033773
0.114355999830416
0.395111670183050
0.702233922444283
0.954907832981238
1.028493684981777
0.798738915141425
0.081528775797900
-0.012166782526993
-0.040634969016948
-0.010896217247487
0.030108704032393
0.058120214243199
0.058283390141536
0.026212382807921
-0.030695857393131
-0.096759873708222
-0.138628824437351
-0.116304144781374
0.029308851574673
0.358830393898370
0.956546892266441
0.000328618185579
-0.032449134480714
-0.009141583694794
0.032151216414978
0.062364596229239
0.062762672392800
0.030137643800238
-0.029302223882243
-0.093001013552578
-0.130649820140494
-0.100463070219772
0.051994977801898
0.392934111644317
1.000328618185580
