6
-1.000000000000000
-0.765055323929465
-0.285231516480645
0.285231516480645
0.765055323929466
1.000000000000000
3
-1.000000000000000
-0.000000000000000
1.000000000000000
-0.154877795060086
-0.099606357116461
-0.000002660248989
1.000019322926894
0.062501000000000
0.017430689050547
-0.000002730416924
-0.213941091652681
-0.043291237444297
1.385766134821370
-0.048783352245308
0.271291959293960
-0.255174482658707
0.300837098144957
-0.847984662839922
0.569463825870269
1.196757461454584
0.020308633053184
-0.847984662839922
0.300837098144957
-0.255174482658707
0.020308633053184
1.196757461454584
0.569463825870269
-0.043291237444297
-0.213941091652681
-0.000002730416924
0.271291959293960
-0.048783352245308
1.385766134821370
-0.000002660248989
-0.099606357116461
-0.154877795060086
0.017430689050547
0.062501000000000
1.000019322926894
