8
-1.000000000000000
-0.871740148509605
-0.591700181433143
-0.209299217902479
0.209299217902479
0.591700181433142
0.871740148509605
1.000000000000000
14
-1.000000000000000
-0.923037695224858
-0.817217405609096
-0.666587541452325
-0.506558659918115
-0.300273510700082
-0.112084669901671
0.112084669901671
0.300273510700082
0.506558659918115
0.666587541452325
0.817217405609096
0.923037695224858
1.000000000000000
0.931088188336862
0.162040819284182
-0.173053391932609
-0.078196108044235
0.050569131853554
0.034816071482784
-0.044321650891077
-0.034621489414720
0.018643800653601
0.016209345948822
-0.019458031378503
-0.018137715247127
0.009374773333923
-0.000405912598245
1.003090677105992
0.240695011271818
-0.109466346286680
-0.062661631283982
0.081631617510667
0.050124156040216
-0.026485167582224
-0.020422934038391
0.031226589889516
0.028173941718501
-0.010314708077679
-0.008128722040016
0.016196702170336
0.011610360098730
-0.005485806814129
0.877125826548573
0.902009673713869
0.217597898972226
-0.260913185264590
-0.139373143112133
0.078499272435813
0.059057242002100
-0.081285459405019
-0.071954015938489
0.029794069255807
0.023833244801508
-0.039587230551098
-0.027586512229865
0.118460219475614
1.027447014489640
0.976957342309577
0.263467694486976
-0.165971640287960
-0.103204971482753
0.125623416311147
0.095038027244669
-0.049863329614317
-0.042625550104555
0.051602750354166
0.047808580814502
-0.023975290648535
0.001482008521373
-0.092092318106735
-0.265097781971080
0.268313280054331
0.915450897006723
0.904851005906596
0.234349994003138
-0.260177595576188
-0.153854183639816
0.083688904359261
0.068257074994159
-0.080205027288736
-0.072583529112269
0.036239643642606
-0.002150903700681
0.002944058679355
-0.172784407509632
0.303213451261400
1.028035917892240
0.978057135466312
0.263749518232122
-0.166395364660547
-0.111765712215941
0.129769466812449
0.108079549407102
-0.051953334571608
-0.041769186639709
0.054325572893388
0.035965431408908
-0.001417466720252
0.088189140669140
-0.160551780772476
-0.253165353718693
0.271951821184290
0.919369839981696
0.911544661597458
0.258454902668026
-0.254964452922409
-0.163622121512949
0.085307427346037
0.066042536855725
-0.076896008985862
-0.049057534648733
0.072759063036010
0.121449538733419
-0.112453928894936
-0.164848986630857
0.303079775307817
1.010122072787113
0.992473438519190
0.282092328376162
-0.163928549965296
-0.117306730269026
0.125221636987854
0.106430367189488
-0.055129881632039
0.001369871852205
-0.049057534648733
-0.076896008985862
0.066042536855725
0.085307427346037
-0.163622121512949
-0.254964452922409
0.258454902668026
0.911544661597458
0.919369839981696
0.271951821184290
-0.253165353718693
-0.160551780772476
0.088189140669140
-0.001417466720252
0.001369871852205
-0.055129881632039
0.106430367189488
0.125221636987854
-0.117306730269026
-0.163928549965296
0.282092328376162
0.992473438519190
1.010122072787113
0.303079775307817
-0.164848986630857
-0.112453928894936
0.121449538733419
0.072759063036010
-0.002150903700681
0.036239643642606
-0.072583529112269
-0.080205027288736
0.068257074994159
0.083688904359261
-0.153854183639816
-0.260177595576188
0.234349994003138
0.904851005906596
0.915450897006723
0.268313280054331
-0.265097781971080
-0.092092318106735
0.035965431408908
0.054325572893388
-0.041769186639709
-0.051953334571608
0.108079549407102
0.129769466812449
-0.111765712215941
-0.166395364660547
0.263749518232122
0.978057135466312
1.028035917892240
0.303213451261400
-0.172784407509632
0.002944058679355
-0.027586512229865
-0.039587230551098
0.023833244801508
0.029794069255807
-0.071954015938489
-0.081285459405019
0.059057242002100
0.078499272435813
-0.139373143112133
-0.260913185264590
0.217597898972226
0.902009673713869
0.877125826548573
-0.005485806814129
0.001482008521373
-0.023975290648535
0.047808580814502
0.051602750354166
-0.042625550104555
-0.049863329614317
0.095038027244669
0.125623416311147
-0.103204971482753
-0.165971640287960
0.263467694486976
0.976957342309577
1.027447014489640
0.118460219475614
-0.000405912598245
0.009374773333923
-0.018137715247127
-0.019458031378503
0.016209345948822
0.018643800653601
-0.034621489414720
-0.044321650891077
0.034816071482784
0.050569131853554
-0.078196108044235
-0.173053391932609
0.162040819284182
0.931088188336862
0.011610360098730
0.016196702170336
-0.008128722040016
-0.010314708077679
0.028173941718501
0.031226589889516
-0.020422934038391
-0.026485167582224
0.050124156040216
0.081631617510667
-0.062661631283982
-0.109466346286680
0.240695011271818
1.003090677105992
