5
-1.000000000000000
-0.654653670707977
0.000000000000000
0.654653670707977
1.000000000000000
17
-1.000000000000000
-0.987992518020485
-0.937273392400706
-0.848206583410427
-0.724417731360170
-0.570972172608539
-0.394151347077563
-0.201194093997435
0.000000000000000
0.201194093997435
0.394151347077563
0.570972172608539
0.724417731360170
0.848206583410427
0.937273392400706
0.987992518020485
1.000000000000000
0.999902614413917
0.939195910856250
0.706068591373359
0.382396755089846
0.083429687321939
-0.100552562305271
-0.144737320019991
-0.085871274909226
-0.000046129979789
0.054479300266255
0.057086572050702
0.021892265146216
-0.019223542743774
-0.036774149295142
-0.025357056873529
-0.006427169639522
-0.000097385586085
1.000401819134854
0.941436584085778
0.714979268334108
0.399178785010560
0.105162823535230
-0.080396846520369
-0.131122170393647
-0.081666707970636
0.004577591295328
0.062601986207426
0.062670019200581
0.023904565693371
-0.016437086928835
-0.032409684248843
-0.022807012615536
-0.005282504096294
0.000401819134853
-0.000661429315240
0.078436645150699
0.369958309994700
0.729888240345485
0.969290520746193
0.962783059677847
0.712344578275650
0.328393433117193
-0.023481127624777
-0.203128582648489
-0.193852536725216
-0.069081111782863
0.048472755441470
0.093493554173921
0.065236713863839
0.015390439675707
-0.000661429315238
0.000341024683543
0.083004309464735
0.386127283071099
0.761244570324187
1.005776563480512
0.994344470099903
0.726066759450005
0.337667382939160
0.000001000000000
-0.178390213083646
-0.177014517491199
-0.065414291919933
0.056450297938278
0.105633840085490
0.071878191376112
0.018211919996814
0.000341024683546
-0.000653185290107
-0.033410576502551
-0.140444738743941
-0.210483135138787
-0.128958845150151
0.151750909096576
0.537969024833493
0.868243069438678
0.999998999999999
0.868243069438673
0.537969024833822
0.151750909050154
-0.128958845089662
-0.210483135192843
-0.140444738701110
-0.033410576522330
-0.000653185290110
0.000322520189638
-0.030177864987024
-0.127563979748245
-0.190347610655824
-0.106680481874555
0.161442266306829
0.549577259596872
0.898107216391089
1.035622594313667
0.898107216389420
0.549577259599509
0.161442266306950
-0.106680481874556
-0.190347610655825
-0.127563979748246
-0.030177864987026
0.000322520189635
-0.000661429315238
0.015390439675707
0.065236713863839
0.093493554173921
0.048472755441470
-0.069081111782863
-0.193852536725216
-0.203128582648489
-0.023481127624777
0.328393433117193
0.712344578275650
0.962783059677847
0.969290520746193
0.729888240345485
0.369958309994700
0.078436645150699
-0.000661429315240
0.000341024683546
0.018211919996814
0.071878191376112
0.105633840085490
0.056450297938278
-0.065414291919933
-0.177014517491199
-0.178390213083646
0.000001000000000
0.337667382939160
0.726066759450005
0.994344470099903
1.005776563480512
0.761244570324187
0.386127283071099
0.083004309464735
0.000341024683543
-0.000097385586085
-0.006427169639522
-0.025357056873529
-0.036774149295142
-0.019223542743774
0.021892265146216
0.057086572050702
0.054479300266255
-0.000046129979789
-0.085871274909226
-0.144737320019991
-0.100552562305271
0.083429687321939
0.382396755089846
0.706068591373359
0.939195910856250
0.999902614413917
0.000401819134853
-0.005282504096294
-0.022807012615536
-0.032409684248843
-0.016437086928835
0.023904565693371
0.062670019200581
0.062601986207426
0.004577591295328
-0.081666707970636
-0.131122170393647
-0.080396846520369
0.105162823535230
0.399178785010560
0.714979268334108
0.941436584085778
1.000401819134854
