7
-1.000000000000000
-0.830223896278567
-0.468848793470714
0.000000000000000
0.468848793470714
0.830223896278567
1.000000000000000
14
-1.000000000000000
-0.912983701460292
-0.797021514669915
-0.630719529608537
-0.476363076087295
-0.292481458674716
-0.090178313335840
0.090178313335840
0.292481458674716
0.476363076087295
0.630719529608537
0.797021514669915
0.912983701460292
1.000000000000000
0.945300802017983
0.264559727485038
-0.126108076368614
-0.137514091992130
-0.004764352465159
0.063203218660549
0.029023626722599
-0.033321759802894
-0.043479805420682
0.001465714929178
0.024797875339963
0.007252039119896
-0.019027661729940
-0.008447785927388
1.002167064489030
0.318939635437388
-0.065474173087986
-0.108103694497407
0.007926182317170
0.082297367304988
0.035375676387796
-0.022344460245768
-0.032502097152148
0.004653110252972
0.034450536191095
0.013830211887464
-0.012500387432280
0.002167064489028
-0.003893894451211
0.808538796600683
0.975406413426246
0.482567197696378
-0.040663729191630
-0.252244410095697
-0.100984089375554
0.066133451642633
0.092329092655720
-0.011046939964916
-0.090576423368411
-0.034818798585170
0.034917594453218
-0.003893894451214
0.095330493627045
0.912908755982938
1.059429674479187
0.503252362920475
0.016996096104182
-0.200403335814395
-0.085775320064539
0.095887591241109
0.120564921938212
-0.003729572825367
-0.066461977695610
-0.019019038738150
0.050667929909373
0.022451439698667
-0.063665036187086
-0.265442946268221
0.101905958272216
0.755570433632543
0.999490151623920
0.762707447403852
0.194909007860670
-0.201908072457132
-0.215721138641763
0.006831602677496
0.110594784359302
0.030768261448474
-0.081097764069995
-0.032761677756283
0.002196246591672
-0.188154243497647
0.128991816472245
0.799790509854153
1.072959718202479
0.811767175443667
0.213414232398015
-0.141970433608408
-0.174955364073534
0.016479798814520
0.145470344267578
0.050750168736401
-0.058957448828646
0.002196246591662
-0.001181048540789
0.097272533264383
-0.084577975498558
-0.254853049391386
-0.051283972174543
0.486256126079384
0.943663371923194
0.943663371923323
0.486256126130954
-0.051283972260970
-0.254853049295603
-0.084577975590194
0.097272533265241
-0.001181048540787
0.043419978509848
0.134783358843380
-0.052664235035929
-0.206183452687049
-0.016437274702045
0.520870200395354
1.001870286646797
1.001870286627280
0.520870200426573
-0.016437274701698
-0.206183452687423
-0.052664235026297
0.134783358815529
0.043419978535822
-0.032761677756283
-0.081097764069995
0.030768261448474
0.110594784359302
0.006831602677496
-0.215721138641763
-0.201908072457132
0.194909007860670
0.762707447403852
0.999490151623920
0.755570433632543
0.101905958272216
-0.265442946268221
-0.063665036187086
0.002196246591662
-0.058957448828646
0.050750168736401
0.145470344267578
0.016479798814520
-0.174955364073534
-0.141970433608408
0.213414232398015
0.811767175443667
1.072959718202479
0.799790509854153
0.128991816472245
-0.188154243497647
0.002196246591672
-0.003893894451214
0.034917594453218
-0.034818798585170
-0.090576423368411
-0.011046939964916
0.092329092655720
0.066133451642633
-0.100984089375554
-0.252244410095697
-0.040663729191630
0.482567197696378
0.975406413426246
0.808538796600683
-0.003893894451211
0.022451439698667
0.050667929909373
-0.019019038738150
-0.066461977695610
-0.003729572825367
0.120564921938212
0.095887591241109
-0.085775320064539
-0.200403335814395
0.016996096104182
0.503252362920475
1.059429674479187
0.912908755982938
0.095330493627045
-0.008447785927388
-0.019027661729940
0.007252039119896
0.024797875339963
0.001465714929178
-0.043479805420682
-0.033321759802894
0.029023626722599
0.063203218660549
-0.004764352465159
-0.137514091992130
-0.126108076368614
0.264559727485038
0.945300802017983
0.002167064489028
-0.012500387432280
0.013830211887464
0.034450536191095
0.004653110252972
-0.032502097152148
-0.022344460245768
0.035375676387796
0.082297367304988
0.007926182317170
-0.108103694497407
-0.065474173087986
0.318939635437388
1.002167064489030
