6
-1.000000000000000
-0.765055323929465
-0.285231516480645
0.285231516480645
0.765055323929466
1.000000000000000
19
-1.000000000000000
-0.978611766215661
-0.928901528167979
-0.852460577782618
-0.751494202559026
-0.628908137263668
-0.488229285680921
-0.333504847824481
-0.169186023409282
-0.000000000000000
0.169186023409282
0.333504847824491
0.488229285680759
0.628908137265041
0.751494202553092
0.852460577795727
0.928901528153608
0.978611766221633
1.000000000000000
0.999687967463609
0.841769123908003
0.534631218162298
0.199476231057246
-0.046050573891818
-0.145124122767390
-0.113452500757774
-0.024889015104279
0.044926239659586
0.062492856294230
0.031887408479253
-0.015182325112438
-0.041455978569084
-0.031940607826150
-0.003601639444166
0.017584915464423
0.020239808794159
0.009120599395503
-0.000124784553037
1.000747344263082
0.847690580510113
0.549134138949220
0.221994900380420
-0.022320509680566
-0.127155885390053
-0.105740522520416
-0.020860474485908
0.053803545318805
0.069845376009358
0.034984928185973
-0.011647008739976
-0.035919113776942
-0.028335050180282
-0.002218727716969
0.020782380346787
0.023231716056898
0.011006607070675
0.000779016601697
-0.001369290604286
0.201741126901191
0.567760236452084
0.891787580177455
0.996816605886403
0.826995325175077
0.462972422512063
0.067235975147000
-0.178315725404778
-0.216019542025784
-0.101498141900872
0.034480342845877
0.102378344160877
0.079599232673428
0.006603161847953
-0.056036573679103
-0.062385875676192
-0.029048338431167
-0.001460945510454
0.000813039657568
0.212359974871344
0.595232437645600
0.930018301229351
1.035611145855373
0.848087611489208
0.469019514661409
0.091433559403056
-0.149330995967221
-0.194645627512776
-0.095121136646425
0.044442395506368
0.117387899387922
0.088568616667208
0.009764212469504
-0.047992803877471
-0.054915111586916
-0.024660971826778
0.000334590577858
-0.000764289199428
-0.084151573983572
-0.193006520385332
-0.191640273539821
0.020346721417272
0.396532360390047
0.773883672097252
0.986725903769709
0.929863145399184
0.631738669022543
0.226477493170202
-0.102766697427159
-0.227805743111613
-0.163087376479277
-0.016355955203263
0.082616401537939
0.092733673504480
0.041159863077777
-0.000587536449233
0.000964182218038
-0.075086692609281
-0.174988240651226
-0.166028147697303
0.035935380910113
0.403706034382079
0.801858496327163
1.025265294287705
0.964313316788561
0.646242059674449
0.238570313773612
-0.076136717789726
-0.202623935166259
-0.148498764477396
-0.012363008787121
0.095656251492118
0.103583952994504
0.047252077386380
0.001075529121688
-0.000587536449233
0.041159863077777
0.092733673504480
0.082616401537939
-0.016355955203263
-0.163087376479277
-0.227805743111613
-0.102766697427159
0.226477493170202
0.631738669022543
0.929863145399184
0.986725903769709
0.773883672097252
0.396532360390047
0.020346721417272
-0.191640273539821
-0.193006520385332
-0.084151573983572
-0.000764289199428
0.001075529121688
0.047252077386380
0.103583952994504
0.095656251492118
-0.012363008787121
-0.148498764477396
-0.202623935166259
-0.076136717789726
0.238570313773612
0.646242059674449
0.964313316788561
1.025265294287705
0.801858496327163
0.403706034382079
0.035935380910113
-0.166028147697303
-0.174988240651226
-0.075086692609281
0.000964182218038
-0.001460945510454
-0.029048338431167
-0.062385875676192
-0.056036573679103
0.006603161847953
0.079599232673428
0.102378344160877
0.034480342845877
-0.101498141900872
-0.216019542025784
-0.178315725404778
0.067235975147000
0.462972422512063
0.826995325175077
0.996816605886403
0.891787580177455
0.567760236452084
0.201741126901191
-0.001369290604286
0.000334590577858
-0.024660971826778
-0.054915111586916
-0.047992803877471
0.009764212469504
0.088568616667208
0.117387899387922
0.044442395506368
-0.095121136646425
-0.194645627512776
-0.149330995967221
0.091433559403056
0.469019514661409
0.848087611489208
1.035611145855373
0.930018301229351
0.595232437645600
0.212359974871344
0.000813039657568
-0.000124784553037
0.009120599395503
0.020239808794159
0.017584915464423
-0.003601639444166
-0.031940607826150
-0.041455978569084
-0.015182325112438
0.031887408479253
0.062492856294230
0.044926239659586
-0.024889015104279
-0.113452500757774
-0.145124122767390
-0.046050573891818
0.199476231057246
0.534631218162298
0.841769123908003
0.999687967463609
0.000779016601697
0.011006607070675
0.023231716056898
0.020782380346787
-0.002218727716969
-0.028335050180282
-0.035919113776942
-0.011647008739976
0.034984928185973
0.069845376009358
0.053803545318805
-0.020860474485908
-0.105740522520416
-0.127155885390053
-0.022320509680566
0.221994900380420
0.549134138949220
0.847690580510113
1.000747344263082
