3
-1.000000000000000
0.000000000000000
1.000000000000000
14
-1.000000000000000
-0.959935045267229
-0.867801053830387
-0.728868599091323
-0.550639402928645
-0.342724013342713
-0.116331868883704
0.116331868883704
0.342724013342714
0.550639402928642
0.728868599091346
0.867801053830307
0.959935045267281
1.000000000000000
0.999977435077549
0.940141008273820
0.808722432395554
0.626829903324372
0.422130262471657
0.224036565208977
0.058161815807470
-0.058163816525977
-0.118693289337232
-0.128504013700460
-0.102042988185488
-0.059075546082695
-0.019795836395116
-0.000022247613891
1.000089663762214
0.940794332861974
0.810526447627488
0.630088880376144
0.426930263120206
0.230117402910335
0.064933486300840
-0.051398382582864
-0.112606610432377
-0.123709139808440
-0.098779718715199
-0.057274606198222
-0.019140712408295
0.000089663762214
-0.000178327524428
0.078347379551522
0.246749158568943
0.468691838294876
0.696779876687880
0.882490207522044
0.986465896282025
0.986465896282025
0.882490207522041
0.696779876688499
0.468691838295143
0.246749158569079
0.078347379551453
-0.000178327524428
0.000043862751733
0.079653896549642
0.250352140167180
0.475212174739278
0.706372760060980
0.894655827334616
1.000000999999995
1.000001000000005
0.894655827334607
0.706372760060990
0.475212174739243
0.250352140172461
0.079653896550091
0.000043862751729
-0.000022247613891
-0.019795836395116
-0.059075546082695
-0.102042988185488
-0.128504013700460
-0.118693289337232
-0.058163816525977
0.058161815807470
0.224036565208977
0.422130262471657
0.626829903324372
0.808722432395554
0.940141008273820
0.999977435077549
0.000089663762214
-0.019140712408295
-0.057274606198222
-0.098779718715199
-0.123709139808440
-0.112606610432377
-0.051398382582864
0.064933486300840
0.230117402910335
0.426930263120206
0.630088880376144
0.810526447627488
0.940794332861974
1.000089663762214
