7
-1.000000000000000
-0.830223896278567
-0.468848793470714
0.000000000000000
0.468848793470714
0.830223896278567
1.000000000000000
10
-1.000000000000000
-0.777777777777778
-0.555555555555556
-0.333333333333333
-0.111111111111111
0.111111111111111
0.333333333333333
0.555555555555555
0.777777777777778
1.000000000000000
0.649765722513812
-0.255222880454074
-0.060276224925175
0.057597631250770
0.035745722948626
-0.039873503533603
-0.037930178586733
0.017201801798396
0.008119072998228
-0.031962419790764
1.000001917993128
-0.092621722260451
-0.056003313847447
0.087798627475725
0.038748146424333
-0.028607090344583
-0.028804666369015
0.031524627792035
0.019348788560855
0.000001917993125
-0.000003769813767
0.946253225301070
0.177480173464669
-0.279961263966698
-0.112372498314577
0.081415875863923
0.079585748685471
-0.085271428842320
-0.051333543689169
-0.000003769813769
0.625399317330957
1.201512645081551
0.235105381742017
-0.186369437170108
-0.106576657783190
0.113671551292154
0.104126383691917
-0.046594841229938
-0.021696954717715
0.084866696433826
-0.414469678835848
0.090039967974907
0.930065527869213
0.853406299253435
0.239699792745590
-0.242991685015231
-0.174171221987809
0.078705065520616
0.034138523591914
-0.134211321258781
0.000007349088979
0.209784704784279
1.086950088651759
0.910560929527139
0.267566065183623
-0.165031361750570
-0.144164682768174
0.142843953563943
0.082033006809499
0.000007349088973
-0.000003152113382
-0.130559667320833
-0.278404757854544
0.367475100263815
0.915485114693282
0.915485114693281
0.367475100309911
-0.278404758092707
-0.130559667156293
-0.000003152113379
0.219746027162400
-0.056201345961943
-0.154259345867881
0.376640350703077
1.000001000000000
1.000001000000003
0.376640350703076
-0.154259345867881
-0.056201345070371
0.219746025948508
-0.134211321258781
0.034138523591914
0.078705065520616
-0.174171221987809
-0.242991685015231
0.239699792745590
0.853406299253435
0.930065527869213
0.090039967974907
-0.414469678835848
0.000007349088973
0.082033006809499
0.142843953563943
-0.144164682768174
-0.165031361750570
0.267566065183623
0.910560929527139
1.086950088651759
0.209784704784279
0.000007349088979
-0.000003769813769
-0.051333543689169
-0.085271428842320
0.079585748685471
0.081415875863923
-0.112372498314577
-0.279961263966698
0.177480173464669
0.946253225301070
-0.000003769813767
0.084866696433826
-0.021696954717715
-0.046594841229938
0.104126383691917
0.113671551292154
-0.106576657783190
-0.186369437170108
0.235105381742017
1.201512645081551
0.625399317330957
-0.031962419790764
0.008119072998228
0.017201801798396
-0.037930178586733
-0.039873503533603
0.035745722948626
0.057597631250770
-0.060276224925175
-0.255222880454074
0.649765722513812
0.000001917993125
0.019348788560855
0.031524627792035
-0.028804666369015
-0.028607090344583
0.038748146424333
0.087798627475725
-0.056003313847447
-0.092621722260451
1.000001917993128
