7
-1.000000000000000
-0.830223896278567
-0.468848793470714
0.000000000000000
0.468848793470714
0.830223896278567
1.000000000000000
11
-1.000000000000000
-0.951056516295154
-0.809016994374947
-0.587785252292473
-0.309016994374947
-0.000000000000000
0.309016994374947
0.587785252292473
0.809016994374947
0.951056516295154
1.000000000000000
0.999855169688511
0.476328163501611
-0.157190972178824
-0.110248884350045
0.061589706745602
-0.014728121019694
-0.056047202815308
0.021478074863519
0.004028641133782
-0.025723385454869
-0.000144830311492
1.001915154647103
0.564593901516359
-0.045612480402832
-0.073692027173760
0.103576397972578
0.001898914089088
-0.030623919479728
0.033980403058024
0.016786500306613
-0.012394137696934
0.001915154647100
-0.003017029009376
0.550218060281525
0.990429100483347
0.239651697918446
-0.331746132152706
-0.002861212882494
0.087123792625605
-0.089460471650730
-0.042306586488926
0.034770617937213
-0.003017029009378
0.000476092202023
0.750767568078179
1.122870580729451
0.341165897349723
-0.196871709774683
0.043966495988648
0.156226585212676
-0.057904949699552
-0.010512310182775
0.068180471361019
0.000476092202020
-0.000587021710452
-0.322227870026737
0.032880451379918
0.867774420829093
0.801756190092326
-0.119971165353241
-0.273015637589958
0.097270273318011
0.016649767042161
-0.107738600881248
-0.000587021710457
0.001718757964791
-0.172370069537943
0.078046527796463
1.062586108596184
0.934032286190290
0.000708698544097
-0.163118618776702
0.147031390919025
0.061960498272320
-0.057475230139329
0.001718757964785
-0.001884846323599
0.092005778520536
-0.054677069404358
-0.330053976944093
0.416275331816761
0.999999000000002
0.416275331813937
-0.330053976939654
-0.054677069406554
0.092005778520538
-0.001884846323596
0.000329401423859
0.174634512332842
-0.027063989313375
-0.186628248593733
0.492237538143911
1.197426355415645
0.492237538143911
-0.186628248593733
-0.027063989313373
0.174634512332847
0.000329401423861
-0.000587021710457
-0.107738600881248
0.016649767042161
0.097270273318011
-0.273015637589958
-0.119971165353241
0.801756190092326
0.867774420829093
0.032880451379918
-0.322227870026737
-0.000587021710452
0.001718757964785
-0.057475230139329
0.061960498272320
0.147031390919025
-0.163118618776702
0.000708698544097
0.934032286190290
1.062586108596184
0.078046527796463
-0.172370069537943
0.001718757964791
-0.003017029009378
0.034770617937213
-0.042306586488926
-0.089460471650730
0.087123792625605
-0.002861212882494
-0.331746132152706
0.239651697918446
0.990429100483347
0.550218060281525
-0.003017029009376
0.000476092202020
0.068180471361019
-0.010512310182775
-0.057904949699552
0.156226585212676
0.043966495988648
-0.196871709774683
0.341165897349723
1.122870580729451
0.750767568078179
0.000476092202023
-0.000144830311492
-0.025723385454869
0.004028641133782
0.021478074863519
-0.056047202815308
-0.014728121019694
0.061589706745602
-0.110248884350045
-0.157190972178824
0.476328163501611
0.999855169688511
0.001915154647100
-0.012394137696934
0.016786500306613
0.033980403058024
-0.030623919479728
0.001898914089088
0.103576397972578
-0.073692027173760
-0.045612480402832
0.564593901516359
1.001915154647103
