5
-1.000000000000000
-0.654653670707977
0.000000000000000
0.654653670707977
1.000000000000000
19
-1.000000000000000
-0.930906420049901
-0.848901916376693
-0.758777013920930
-0.654703643968781
-0.532589117803892
-0.386852684698451
-0.264098088572628
-0.132079041816277
0.000000000000000
0.132079041816277
0.264098088572628
0.386852684698451
0.532589117803892
0.654703643968781
0.758777013920930
0.848901916376693
0.930906420049901
1.000000000000000
0.993734017750977
0.677796561994587
0.391487639852611
0.160413750863536
-0.010884276719280
-0.115407093131660
-0.139864236887992
-0.106701622079936
-0.055162722740899
-0.000034912747123
0.041230829671424
0.061019291101928
0.057851709620334
0.031511724957337
-0.000714923224547
-0.025183512789850
-0.035016490174670
-0.027437357965745
-0.002143306666080
1.000490777381664
0.688914380278418
0.401136187516718
0.171908188780618
0.000166836968256
-0.103339864867806
-0.130581720421968
-0.104378664543347
-0.053165622289826
0.001976105414341
0.044886636236362
0.064331569173437
0.061142514366509
0.034259547624366
0.000459318566215
-0.023129989307832
-0.032382653844838
-0.024282710881230
0.000490777381663
-0.000918122252344
0.402041987597941
0.727923187978616
0.928821006241823
0.999724605548066
0.924294802480906
0.698737161473170
0.459201848734839
0.200925619227571
-0.009273071019071
-0.150672964815210
-0.206015989654200
-0.188516336197644
-0.101910328396637
-0.000813203076336
0.067672971155571
0.093407372941499
0.069473851870704
-0.000918122252342
0.012766573678692
0.421968640078712
0.746414686405658
0.948121679894236
1.018898524917695
0.941228689230833
0.709208457490436
0.461082022105852
0.208605489475165
0.000044966663409
-0.138458893995151
-0.195867821645684
-0.179688444613884
-0.094846455480841
0.002494843174157
0.073368456933330
0.100474002302980
0.077966109585379
0.005915338789567
-0.010560809792925
-0.150013846756589
-0.203671513642336
-0.156490590176353
-0.010016571515882
0.238931258370570
0.553037555500079
0.778713431166744
0.942526303392472
0.999998999999999
0.942526303392472
0.778713431166742
0.553037555500306
0.238931258315113
-0.010016571439099
-0.156490590247976
-0.203671513559421
-0.150013846839565
-0.010560809725106
0.000642253977576
-0.136352101862182
-0.190309841220434
-0.145470176825378
0.000305183712535
0.242850572726434
0.558094434944104
0.789748682653436
0.957200065461539
1.015093037666923
0.957200065461539
0.789748682653965
0.558094434943629
0.242850572726392
0.000305183712535
-0.145470176825379
-0.190309841220435
-0.136352101862184
0.000642253977573
-0.000918122252342
0.069473851870704
0.093407372941499
0.067672971155571
-0.000813203076336
-0.101910328396637
-0.188516336197644
-0.206015989654200
-0.150672964815210
-0.009273071019071
0.200925619227571
0.459201848734839
0.698737161473170
0.924294802480906
0.999724605548066
0.928821006241823
0.727923187978616
0.402041987597941
-0.000918122252344
0.005915338789567
0.077966109585379
0.100474002302980
0.073368456933330
0.002494843174157
-0.094846455480841
-0.179688444613884
-0.195867821645684
-0.138458893995151
0.000044966663409
0.208605489475165
0.461082022105852
0.709208457490436
0.941228689230833
1.018898524917695
0.948121679894236
0.746414686405658
0.421968640078712
0.012766573678692
-0.002143306666080
-0.027437357965745
-0.035016490174670
-0.025183512789850
-0.000714923224547
0.031511724957337
0.057851709620334
0.061019291101928
0.041230829671424
-0.000034912747123
-0.055162722740899
-0.106701622079936
-0.139864236887992
-0.115407093131660
-0.010884276719280
0.160413750863536
0.391487639852611
0.677796561994587
0.993734017750977
0.000490777381663
-0.024282710881230
-0.032382653844838
-0.023129989307832
0.000459318566215
0.034259547624366
0.061142514366509
0.064331569173437
0.044886636236362
0.001976105414341
-0.053165622289826
-0.104378664543347
-0.130581720421968
-0.103339864867806
0.000166836968256
0.171908188780618
0.401136187516718
0.688914380278418
1.000490777381664
