5
-1.000000000000000
-0.654653670707977
0.000000000000000
0.654653670707977
1.000000000000000
6
-1.000000000000000
-0.861136311594053
-0.339981043584856
0.339981043584856
0.861136311594053
1.000000000000000
0.999784719451576
0.130563720420767
-0.248994758427101
0.061451809596680
-0.045011740324743
-0.005819200429759
1.000639617366094
0.438916296653109
-0.124236867898775
0.125590649507483
-0.032267375273312
0.000639617366093
-0.001180123860996
0.688750650189462
0.483065086469515
-0.487473739929451
0.093088154070945
-0.001180123860994
0.000592325773029
1.233468884254642
0.749519407723087
-0.193175178570536
0.135999162574560
0.011888197556578
-0.000270106477624
-0.448501828432037
0.645882853337268
0.645882853337268
-0.448501828432038
-0.000270106477627
0.000828743692933
-0.188739996194410
1.000825403685263
1.000825403685251
-0.188739994960323
0.000828743692930
-0.001180123860994
0.093088154070945
-0.487473739929451
0.483065086469515
0.688750650189462
-0.001180123860996
0.011888197556578
0.135999162574560
-0.193175178570536
0.749519407723087
1.233468884254642
0.000592325773029
-0.005819200429759
-0.045011740324743
0.061451809596680
-0.248994758427101
0.130563720420767
0.999784719451576
0.000639617366093
-0.032267375273312
0.125590649507483
-0.124236867898775
0.438916296653109
1.000639617366094
