3
-1.000000000000000
0.000000000000000
1.000000000000000
13
-1.000000000000000
-0.978228658146057
-0.887062599768095
-0.730152005574049
-0.519096129206812
-0.269543155952345
0.000000000000000
0.269543155952345
0.519096129206812
0.730152005574049
0.887062599768095
0.978228658146057
1.000000000000000
0.999998643852040
0.967188841451899
0.834970196254679
0.627248719731553
0.387388019288918
0.162362294853654
-0.009436754268942
-0.107180861098802
-0.131708109917819
-0.102903285842763
-0.052092403513287
-0.011039816693884
-0.000001356147960
1.000135769404038
0.967704428955132
0.837069581558476
0.631728275307522
0.394369639573196
0.171197328780543
0.000001000000000
-0.098345827171802
-0.124726489633616
-0.098423730266528
-0.049993018217115
-0.010524229179609
0.000135769404039
-0.000270538808079
0.042820800213154
0.212924436674140
0.466696454959007
0.730357850060420
0.927149498391258
0.999999000000000
0.927149498391258
0.730357850060420
0.466696454959007
0.212924436667574
0.042820800213172
-0.000270538808079
0.000001821881910
0.043846492393997
0.217129305845673
0.475641842068570
0.744333791182370
0.944801328972268
1.018889549085179
0.944801328972268
0.744333791182370
0.475641842068570
0.217129305845674
0.043846492394154
0.000001821881910
-0.000001356147960
-0.011039816693884
-0.052092403513287
-0.102903285842763
-0.131708109917819
-0.107180861098802
-0.009436754268942
0.162362294853654
0.387388019288918
0.627248719731553
0.834970196254679
0.967188841451899
0.999998643852040
0.000135769404039
-0.010524229179609
-0.049993018217115
-0.098423730266528
-0.124726489633616
-0.098345827171802
0.000001000000000
0.171197328780543
0.394369639573196
0.631728275307522
0.837069581558476
0.967704428955132
1.000135769404038
