6
-1.000000000000000
-0.765055323929465
-0.285231516480645
0.285231516480645
0.765055323929466
1.000000000000000
4
-1.000000000000000
-0.333333333333333
0.333333333333333
1.000000000000000
0.018472730992580
-0.245940239724809
-0.029848887182800
-0.058993865707776
1.000003473289735
0.015303501831414
0.143307861909232
0.006862418516592
-0.000004368500160
-0.124697141513905
-0.315395240510076
-0.024974132266914
1.544709550668285
0.263258393376069
0.099843494833909
0.121203775711473
-0.540912770030013
0.987247056652512
-0.254021879408195
-0.082079663401212
0.000002492971763
1.268790580694773
0.023534262341215
0.113297910020289
-0.082079663401212
-0.254021879408195
0.987247056652512
-0.540912770030013
0.113297910020289
0.023534262341215
1.268790580694773
0.000002492971763
-0.024974132266914
-0.315395240510076
-0.124697141513905
-0.000004368500160
0.121203775711473
0.099843494833909
0.263258393376069
1.544709550668285
-0.058993865707776
-0.029848887182800
-0.245940239724809
0.018472730992580
0.006862418516592
0.143307861909232
0.015303501831414
1.000003473289735
