8
-1.000000000000000
-0.871740148509605
-0.591700181433143
-0.209299217902479
0.209299217902479
0.591700181433142
0.871740148509605
1.000000000000000
4
-1.000000000000000
-0.180503306476820
0.180503306476820
1.000000000000000
-0.163983175500774
-0.050927517088149
-0.027518717143531
-0.014204709406624
1.000607762455090
-0.010255865995661
0.033511437798082
0.010559513109141
-0.000001015217123
-0.301612666214959
-0.080893023741168
-0.045019363862605
1.187003390772485
0.073511848268561
0.168774019337570
0.000006727526146
-0.195464148154803
-0.152719421742266
-0.308703406114595
-0.000019739212873
1.241333110443034
0.768808786434233
0.123489109722974
0.096932080739114
-0.911733192105064
0.890709928084620
-0.265137634868636
-0.052174712513302
0.045641774125523
1.125156712557434
0.159348196254002
0.093950201745133
-0.052174712513302
-0.265137634868636
0.890709928084620
-0.911733192105064
0.093950201745133
0.159348196254002
1.125156712557434
0.045641774125523
-0.000019739212873
-0.308703406114595
-0.152719421742266
-0.195464148154803
0.096932080739114
0.123489109722974
0.768808786434233
1.241333110443034
-0.045019363862605
-0.080893023741168
-0.301612666214959
-0.000001015217123
0.000006727526146
0.168774019337570
0.073511848268561
1.187003390772485
-0.014204709406624
-0.027518717143531
-0.050927517088149
-0.163983175500774
0.010559513109141
0.033511437798082
-0.010255865995661
1.000607762455090
