4
-1.000000000000000
-0.447213595499958
0.447213595499958
1.000000000000000
5
-1.000000000000000
-0.774596669241483
0.000000000000000
0.774596669241483
1.000000000000000
0.999741469047729
0.175782322390806
-0.264915006744270
0.056349832689630
-0.000258530952271
1.000590749127456
0.443650167310370
-0.124565344309731
0.093531908857874
0.002471085954260
-0.001114397014719
0.683011701892219
0.608942020821712
-0.483034887665512
-0.001114397014721
0.000782178839534
1.173322754310549
0.817829362166097
-0.183011701892220
0.000782178839532
-0.001114397014721
-0.483034887665512
0.608942020821712
0.683011701892219
-0.001114397014719
0.000782178839532
-0.183011701892220
0.817829362166097
1.173322754310549
0.000782178839534
-0.000258530952271
0.056349832689630
-0.264915006744270
0.175782322390806
0.999741469047729
0.002471085954260
0.093531908857874
-0.124565344309731
0.443650167310370
1.000590749127456
