3
-1.000000000000000
0.000000000000000
1.000000000000000
12
-1.000000000000000
-0.818181818181818
-0.636363636363636
-0.454545454545455
-0.272727272727273
-0.090909090909091
0.090909090909091
0.272727272727273
0.454545454545455
0.636363636363636
0.818181818181818
1.000000000000000
0.995866568474613
0.739668290994718
0.516527258448705
0.326444954782111
0.169419887162642
0.045453545454775
-0.045455545454775
-0.103307385564270
-0.128100499763765
-0.119836377914373
-0.078513527187308
-0.004133431525239
1.000083396114792
0.743852090162752
0.520678702495884
0.330579512396694
0.173587726890852
0.049653676990412
-0.041255413918679
-0.099139545836420
-0.123965942148760
-0.115684933867752
-0.074329728019066
0.000083396114792
-0.000165793619094
0.330478636422934
0.595007229335960
0.793387428214245
0.925552817496159
0.991602735528804
0.991602735530347
0.925552815956825
0.793387429752066
0.595007229329778
0.330478636259689
-0.000165793619094
0.008265863042549
0.338844236200739
0.603308119460959
0.801654544986887
0.933886498398008
1.000000999999995
1.000001000000004
0.933886498404389
0.801654544974104
0.603308119473716
0.338844236181715
0.008265863061187
-0.004133431525239
-0.078513527187308
-0.119836377914373
-0.128100499763765
-0.103307385564270
-0.045455545454775
0.045453545454775
0.169419887162642
0.326444954782111
0.516527258448705
0.739668290994718
0.995866568474613
0.000083396114792
-0.074329728019066
-0.115684933867752
-0.123965942148760
-0.099139545836420
-0.041255413918679
0.049653676990412
0.173587726890852
0.330579512396694
0.520678702495884
0.743852090162752
1.000083396114792
