5
-1.000000000000000
-0.654653670707977
0.000000000000000
0.654653670707977
1.000000000000000
15
-1.000000000000000
-0.965245926503512
-0.885082044223669
-0.763519689951306
-0.606253205470007
-0.420638054713653
-0.215353955363795
0.000000000000000
0.215353955363794
0.420638054713676
0.606253205469837
0.763519689951802
0.885082044223012
0.965245926503824
1.000000000000000
0.999712942857081
0.828808865468906
0.501850186512178
0.157697622156291
-0.076085716538240
-0.148395866613150
-0.092589031356374
-0.000006727213809
0.056466613025212
0.053657400411491
0.012474950596400
-0.028258330129284
-0.035479672679903
-0.016664977204686
-0.000125454817171
1.000410835804191
0.835336706251290
0.517970249904349
0.182158292918124
-0.051903442429082
-0.131466283736025
-0.087124106888050
0.005254080595724
0.065824487614697
0.059434689840868
0.013945135663256
-0.024007914036988
-0.031268069002812
-0.014409326628566
0.000410835804191
-0.000758604791077
0.217619690122297
0.602742729169669
0.921465229372543
0.986777456440389
0.759589127771725
0.355651757053886
-0.027029531863280
-0.212192121877876
-0.182636854600784
-0.039331754710565
0.070093721146798
0.089732964856906
0.041190688358874
-0.000758604791075
0.000908557440490
0.229583475006454
0.633641379678759
0.963362297364008
1.026381030233602
0.778385104763987
0.365108309599320
0.000001000000000
-0.183905245248774
-0.165220990962476
-0.036225701737601
0.082717230399519
0.101152282949201
0.047403309077994
0.000501994401883
-0.000911404928945
-0.090237616477422
-0.199618415554008
-0.177677508903726
0.075651606156174
0.482629312289525
0.849821319899590
0.999998999999999
0.849821319899591
0.482629312292180
0.075651605517464
-0.177677508136988
-0.199618416151796
-0.090237616094238
-0.000911404978724
0.000534451542991
-0.079898844534919
-0.179338961358631
-0.149870415831209
0.090462502816952
0.493176435375937
0.883197765965466
1.041320892599474
0.883197765911986
0.493176435455250
0.090462502823015
-0.149870415831328
-0.179338961359452
-0.079898844534199
0.000534451542988
-0.000758604791075
0.041190688358874
0.089732964856906
0.070093721146798
-0.039331754710565
-0.182636854600784
-0.212192121877876
-0.027029531863280
0.355651757053886
0.759589127771725
0.986777456440389
0.921465229372543
0.602742729169669
0.217619690122297
-0.000758604791077
0.000501994401883
0.047403309077994
0.101152282949201
0.082717230399519
-0.036225701737601
-0.165220990962476
-0.183905245248774
0.000001000000000
0.365108309599320
0.778385104763987
1.026381030233602
0.963362297364008
0.633641379678759
0.229583475006454
0.000908557440490
-0.000125454817171
-0.016664977204686
-0.035479672679903
-0.028258330129284
0.012474950596400
0.053657400411491
0.056466613025212
-0.000006727213809
-0.092589031356374
-0.148395866613150
-0.076085716538240
0.157697622156291
0.501850186512178
0.828808865468906
0.999712942857081
0.000410835804191
-0.014409326628566
-0.031268069002812
-0.024007914036988
0.013945135663256
0.059434689840868
0.065824487614697
0.005254080595724
-0.087124106888050
-0.131466283736025
-0.051903442429082
0.182158292918124
0.517970249904349
0.835336706251290
1.000410835804191
