7
-1.000000000000000
-0.830223896278567
-0.468848793470714
0.000000000000000
0.468848793470714
0.830223896278567
1.000000000000000
17
-1.000000000000000
-0.987992518020485
-0.937273392400706
-0.848206583410427
-0.724417731360170
-0.570972172608539
-0.394151347077563
-0.201194093997435
0.000000000000000
0.201194093997435
0.394151347077563
0.570972172608539
0.724417731360170
0.848206583410427
0.937273392400706
0.987992518020485
1.000000000000000
0.999764631259711
0.870227924002958
0.432087491648572
-0.000596800184008
-0.163776441644027
-0.076281947578787
0.039007280346076
0.057763565883146
-0.004557346736610
-0.049382343113540
-0.019793303109759
0.019331300301168
0.020514770122061
-0.005537360415682
-0.019602928726009
-0.006502356222857
-0.000235368740292
1.000955660282242
0.879826349598298
0.466721951454164
0.049159932366816
-0.128738117797608
-0.070289948892975
0.057142772508739
0.070462538470524
0.000922803285328
-0.037613967303425
-0.016017136579466
0.025473961935741
0.027142473711771
-0.003058560541727
-0.014263594069979
-0.004353628571242
0.000955660282239
-0.001732352991658
0.159557586399163
0.659381768215743
0.991459786608664
0.810332737144756
0.252496103913304
-0.194720789304826
-0.209356331385391
-0.001608287310633
0.106569725202284
0.044852982965380
-0.068143735678805
-0.071619310896470
0.008926555489515
0.038486455766678
0.012264115503335
-0.001732352991660
0.000787659315235
0.179079609896421
0.719657771000223
1.076940432214671
0.848733339249556
0.285301735263574
-0.130668830067065
-0.176796085269955
0.014932975254095
0.138857206546114
0.053642437843390
-0.052105404157223
-0.054706265206510
0.014917344874145
0.051993268183458
0.017270770185074
0.000787659315233
-0.000767364146829
-0.070446853421174
-0.239061470689037
-0.092685814926223
0.418986217170706
0.902714939560060
0.952660674493714
0.520084065772368
-0.050275588127317
-0.260585032969539
-0.091865211893666
0.088243685969296
0.089523365647806
-0.023615764464033
-0.081097868780541
-0.026356697542104
-0.000767364146836
0.001198786444868
-0.060019473515792
-0.188187422381360
-0.057887733863177
0.438732138693726
0.975214379898116
1.023814381774552
0.534784890629833
0.000554090358477
-0.207000000563004
-0.081280954792952
0.115292803789146
0.112518110124342
-0.015766233392585
-0.061932904015643
-0.020616536556480
0.001198786444861
-0.001309705997025
0.032876068616586
0.099328226504267
0.026692841557377
-0.186117719988999
-0.231587347997008
0.167115786715618
0.735548620652523
0.999999000000002
0.735548620652813
0.167115795505914
-0.231587359843043
-0.186117711339227
0.026692841532353
0.099328226504270
0.032876068616589
-0.001309705997022
0.000662826399209
0.040183181221855
0.129080062904305
0.039383657914612
-0.157278285636374
-0.171593039938125
0.192353223608415
0.780465455649369
1.083541858586514
0.780465455649369
0.192353223608649
-0.171593039938129
-0.157278285635139
0.039383657806451
0.129080063038814
0.040183181170439
0.000662826399212
-0.000767364146836
-0.026356697542104
-0.081097868780541
-0.023615764464033
0.089523365647806
0.088243685969296
-0.091865211893666
-0.260585032969539
-0.050275588127317
0.520084065772368
0.952660674493714
0.902714939560060
0.418986217170706
-0.092685814926223
-0.239061470689037
-0.070446853421174
-0.000767364146829
0.001198786444861
-0.020616536556480
-0.061932904015643
-0.015766233392585
0.112518110124342
0.115292803789146
-0.081280954792952
-0.207000000563004
0.000554090358477
0.534784890629833
1.023814381774552
0.975214379898116
0.438732138693726
-0.057887733863177
-0.188187422381360
-0.060019473515792
0.001198786444868
-0.001732352991660
0.012264115503335
0.038486455766678
0.008926555489515
-0.071619310896470
-0.068143735678805
0.044852982965380
0.106569725202284
-0.001608287310633
-0.209356331385391
-0.194720789304826
0.252496103913304
0.810332737144756
0.991459786608664
0.659381768215743
0.159557586399163
-0.001732352991658
0.000787659315233
0.017270770185074
0.051993268183458
0.014917344874145
-0.054706265206510
-0.052105404157223
0.053642437843390
0.138857206546114
0.014932975254095
-0.176796085269955
-0.130668830067065
0.285301735263574
0.848733339249556
1.076940432214671
0.719657771000223
0.179079609896421
0.000787659315235
-0.000235368740292
-0.006502356222857
-0.019602928726009
-0.005537360415682
0.020514770122061
0.019331300301168
-0.019793303109759
-0.049382343113540
-0.004557346736610
0.057763565883146
0.039007280346076
-0.076281947578787
-0.163776441644027
-0.000596800184008
0.432087491648572
0.870227924002958
0.999764631259711
0.000955660282239
-0.004353628571242
-0.014263594069979
-0.003058560541727
0.027142473711771
0.025473961935741
-0.016017136579466
-0.037613967303425
0.000922803285328
0.070462538470524
0.057142772508739
-0.070289948892975
-0.128738117797608
0.049159932366816
0.466721951454164
0.879826349598298
1.000955660282242
