7
-1.000000000000000
-0.830223896278567
-0.468848793470714
0.000000000000000
0.468848793470714
0.830223896278567
1.000000000000000
10
-1.000000000000000
-0.960289856497536
-0.796666477413627
-0.525532409916329
-0.183434642495650
0.183434642495650
0.525532409916329
0.796666477413627
0.960289856497536
1.000000000000000
0.999973884911244
0.507033645348273
-0.199103456575205
-0.053653972642593
0.054648466145356
-0.057592125575457
0.007443605732438
0.007404854438131
-0.028955723299587
-0.000026115088758
1.001579061040321
0.635416364838903
-0.066861801776255
0.000666206995016
0.108054272550831
-0.036211599820054
0.025043202034605
0.029251317682925
-0.011422687734518
0.001579061040319
-0.002104747520178
0.467469961575565
0.976818105296818
-0.036799102546362
-0.311269184118644
0.104283114628945
-0.065758651768661
-0.075781200596947
0.032217879927455
-0.002104747520180
0.000057960543530
0.757811619451388
1.125391361743391
0.144597330977703
-0.166350684370146
0.166465137973248
-0.027525233321141
-0.019509668969451
0.076450899662576
0.000057960543528
-0.000019863344125
-0.374896416793735
0.084838009821911
0.970374468130941
0.394190023216394
-0.396882834457409
0.055298511046046
0.030911840328177
-0.121112760092992
-0.000019863344130
0.001311152839275
-0.154509224122980
0.126061877177941
1.233292576951687
0.559564481394549
-0.205158935612948
0.109555222463232
0.119417459838526
-0.052399517028452
0.001311152839270
-0.000893833181679
0.084032567975035
-0.171708313913056
-0.237490587219756
0.778151970130648
0.778151970130648
-0.237490587219721
-0.171708313913091
0.084032567975051
-0.000893833181676
0.000012143235262
0.199902279756467
-0.051002205448241
-0.111229614320891
1.000005129226894
1.000005129226875
-0.111229614320890
-0.051002205469008
0.199902279801574
0.000012143235265
-0.000019863344130
-0.121112760092992
0.030911840328177
0.055298511046046
-0.396882834457409
0.394190023216394
0.970374468130941
0.084838009821911
-0.374896416793735
-0.000019863344125
0.001311152839270
-0.052399517028452
0.119417459838526
0.109555222463232
-0.205158935612948
0.559564481394549
1.233292576951687
0.126061877177941
-0.154509224122980
0.001311152839275
-0.002104747520180
0.032217879927455
-0.075781200596947
-0.065758651768661
0.104283114628945
-0.311269184118644
-0.036799102546362
0.976818105296818
0.467469961575565
-0.002104747520178
0.000057960543528
0.076450899662576
-0.019509668969451
-0.027525233321141
0.166465137973248
-0.166350684370146
0.144597330977703
1.125391361743391
0.757811619451388
0.000057960543530
-0.000026115088758
-0.028955723299587
0.007404854438131
0.007443605732438
-0.057592125575457
0.054648466145356
-0.053653972642593
-0.199103456575205
0.507033645348273
0.999973884911244
0.001579061040319
-0.011422687734518
0.029251317682925
0.025043202034605
-0.036211599820054
0.108054272550831
0.000666206995016
-0.066861801776255
0.635416364838903
1.001579061040321
