4
-1.000000000000000
-0.447213595499958
0.447213595499958
1.000000000000000
17
-1.000000000000000
-0.980785280403230
-0.923879532511287
-0.831469612302545
-0.707106781186548
-0.555570233019602
-0.382683432365090
-0.195090322016128
-0.000000000000000
0.195090322016128
0.382683432365090
0.555570233019602
0.707106781186547
0.831469612302545
0.923879532511287
0.980785280403230
1.000000000000000
0.999940949635958
0.942309615873399
0.782385047263815
0.555796678599739
0.310431131783886
0.094349775045628
-0.057598922805465
-0.130295064787338
-0.131217966103780
-0.083977183908095
-0.020710274603374
0.030123591721967
0.054916478527523
0.051727899074139
0.031036804639028
0.009123949629598
-0.000126885105162
1.000392914098258
0.943379677427013
0.786019331340807
0.562524942870876
0.320107833673718
0.105813630363733
-0.046278616200185
-0.120803031095074
-0.124921527292101
-0.081293515744685
-0.019597718101874
0.033399509830112
0.058469185268926
0.054894629742843
0.032801359901917
0.009823807132351
0.000176575620936
-0.000547335023030
0.075782274447967
0.280326613273692
0.551418490512160
0.806586391030506
0.968575836759986
0.989964182612553
0.863215619664562
0.624779658853161
0.336462381291411
0.068120848845265
-0.116505432865193
-0.193617674510282
-0.174628625693123
-0.102636541560143
-0.029940683583205
-0.000300119823306
0.000188413396724
0.077956384984651
0.287174969570821
0.564344513673214
0.824243070615093
0.989281659911113
1.008664562859640
0.877511974057668
0.631356853915920
0.339121888981310
0.077017101725784
-0.104507238875518
-0.181604884401309
-0.165665513652602
-0.097376923882088
-0.028288461337239
0.000413277366143
-0.000300119823306
-0.029940683583205
-0.102636541560143
-0.174628625693123
-0.193617674510282
-0.116505432865193
0.068120848845265
0.336462381291411
0.624779658853161
0.863215619664562
0.989964182612553
0.968575836759986
0.806586391030506
0.551418490512160
0.280326613273692
0.075782274447967
-0.000547335023030
0.000413277366143
-0.028288461337239
-0.097376923882088
-0.165665513652602
-0.181604884401309
-0.104507238875518
0.077017101725784
0.339121888981310
0.631356853915920
0.877511974057668
1.008664562859640
0.989281659911113
0.824243070615093
0.564344513673214
0.287174969570821
0.077956384984651
0.000188413396724
-0.000126885105162
0.009123949629598
0.031036804639028
0.051727899074139
0.054916478527523
0.030123591721967
-0.020710274603374
-0.083977183908095
-0.131217966103780
-0.130295064787338
-0.057598922805465
0.094349775045628
0.310431131783886
0.555796678599739
0.782385047263815
0.942309615873399
0.999940949635958
0.000176575620936
0.009823807132351
0.032801359901917
0.054894629742843
0.058469185268926
0.033399509830112
-0.019597718101874
-0.081293515744685
-0.124921527292101
-0.120803031095074
-0.046278616200185
0.105813630363733
0.320107833673718
0.562524942870876
0.786019331340807
0.943379677427013
1.000392914098258
