3
-1.000000000000000
0.000000000000000
1.000000000000000
17
-1.000000000000000
-0.875128643368883
-0.750010830630945
-0.625396223939383
-0.500099980476790
-0.374408202183668
-0.250407593495713
-0.125221835292075
0.000000000000000
0.125221835292075
0.250407593495713
0.374408202183668
0.500099980476790
0.625396223939383
0.750010830630945
0.875128643368883
1.000000000000000
0.998041284010679
0.818547143319085
0.654290109066963
0.506346554461583
0.373083283717926
0.255359228375164
0.154645135000375
0.068440652571367
-0.001912619032059
-0.056781182720716
-0.095762458495332
-0.119048973808511
-0.127016696758829
-0.119049669477834
-0.095720721563894
-0.056581500049880
-0.001958715989171
1.000063625187750
0.820506364126088
0.656310926235618
0.508307692162006
0.375126163286207
0.257297984736148
0.156567510727643
0.070508790141934
0.000001000000000
-0.054713045150141
-0.093840082768070
-0.117110217447520
-0.124973817190584
-0.117088531777377
-0.093699904395327
-0.054622279223892
0.000063625187750
-0.000126254004086
0.234116911603762
0.437389974496178
0.608781836006236
0.749848650243723
0.859813229009288
0.937273568399988
0.984205251364765
0.999999000000000
0.984205251364765
0.937273568389168
0.859813230588795
0.749848650236141
0.608781836006235
0.437389974496178
0.234116911495821
-0.000126254004086
0.003915701813835
0.238034120290787
0.441428842904825
0.612702908667692
0.753931623235130
0.863689564389430
0.941115557036671
0.988340356030815
1.003823475948383
0.988340356030815
0.941115557036472
0.863689564389636
0.753931623234714
0.612702908668097
0.441428842904421
0.238034120291079
0.003915701813521
-0.001958715989171
-0.056581500049880
-0.095720721563894
-0.119049669477834
-0.127016696758829
-0.119048973808511
-0.095762458495332
-0.056781182720716
-0.001912619032059
0.068440652571367
0.154645135000375
0.255359228375164
0.373083283717926
0.506346554461583
0.654290109066963
0.818547143319085
0.998041284010679
0.000063625187750
-0.054622279223892
-0.093699904395327
-0.117088531777377
-0.124973817190584
-0.117110217447520
-0.093840082768070
-0.054713045150141
0.000001000000000
0.070508790141934
0.156567510727643
0.257297984736148
0.375126163286207
0.508307692162006
0.656310926235618
0.820506364126088
1.000063625187750
