4
-1.000000000000000
-0.447213595499958
0.447213595499958
1.000000000000000
19
-1.000000000000000
-0.888888888888889
-0.777777777777778
-0.666666666666667
-0.555555555555556
-0.444444444444444
-0.333333333333333
-0.222222222222222
-0.111111111111111
0.000000000000000
0.111111111111111
0.222222222222222
0.333333333333333
0.444444444444444
0.555555555555555
0.666666666666667
0.777777777777778
0.888888888888889
1.000000000000000
0.992205310714806
0.689458898843104
0.443421434060391
0.248702079043704
0.100397331221043
-0.006868040067627
-0.078019153860130
-0.118403827266724
-0.132980184703461
-0.127062814541553
-0.105639120816380
-0.073996966918381
-0.037192787056154
-0.000950599672913
0.030069263233983
0.050878583286991
0.056132363371157
0.040979795610426
-0.000109063240640
1.000248091157446
0.696674525377229
0.450179504051821
0.254676972268565
0.105872233818625
-0.002135395654915
-0.073825982916629
-0.114914841767694
-0.130067409528425
-0.124813629444259
-0.104004309391251
-0.072984385848933
-0.036748928997332
0.000078045932418
0.031684468127504
0.053150014256695
0.059020794006609
0.044494478123468
0.004057943470418
-0.000467588646717
0.391893071450593
0.675869197155711
0.864725925056257
0.968410183729775
0.999772608600220
0.969174629408799
0.889052380415805
0.770181792526108
0.624584498836336
0.463450931415025
0.297414105036836
0.138640681484012
-0.001251514820743
-0.110360140517593
-0.177619476868687
-0.191052146973557
-0.139666747734378
-0.011407034461371
0.015124248136324
0.405732554119494
0.688591745204978
0.875787693451002
0.978266656182618
1.008053506960515
0.976168015935322
0.894558623625674
0.774317228544726
0.627320892707181
0.464778689315668
0.299214391717759
0.141797453785506
0.003313811152867
-0.104351680782383
-0.170281480611813
-0.182181064578690
-0.129547392438248
0.000328560729910
-0.011407034461371
-0.139666747734378
-0.191052146973557
-0.177619476868687
-0.110360140517593
-0.001251514820743
0.138640681484012
0.297414105036836
0.463450931415025
0.624584498836336
0.770181792526108
0.889052380415805
0.969174629408799
0.999772608600220
0.968410183729775
0.864725925056257
0.675869197155711
0.391893071450593
-0.000467588646717
0.000328560729910
-0.129547392438248
-0.182181064578690
-0.170281480611813
-0.104351680782383
0.003313811152867
0.141797453785506
0.299214391717759
0.464778689315668
0.627320892707181
0.774317228544726
0.894558623625674
0.976168015935322
1.008053506960515
0.978266656182618
0.875787693451002
0.688591745204978
0.405732554119494
0.015124248136324
-0.000109063240640
0.040979795610426
0.056132363371157
0.050878583286991
0.030069263233983
-0.000950599672913
-0.037192787056154
-0.073996966918381
-0.105639120816380
-0.127062814541553
-0.132980184703461
-0.118403827266724
-0.078019153860130
-0.006868040067627
0.100397331221043
0.248702079043704
0.443421434060391
0.689458898843104
0.992205310714806
0.004057943470418
0.044494478123468
0.059020794006609
0.053150014256695
0.031684468127504
0.000078045932418
-0.036748928997332
-0.072984385848933
-0.104004309391251
-0.124813629444259
-0.130067409528425
-0.114914841767694
-0.073825982916629
-0.002135395654915
0.105872233818625
0.254676972268565
0.450179504051821
0.696674525377229
1.000248091157446
