5
-1.000000000000000
-0.654653670707977
0.000000000000000
0.654653670707977
1.000000000000000
11
-1.000000000000000
-0.934001430408044
-0.784483473663170
-0.565235326996195
-0.295758135586940
-0.000000000000000
0.295758135586939
0.565235326996205
0.784483473663145
0.934001430408058
1.000000000000000
0.999075329335960
0.679500900026839
0.183479997757444
-0.130765765842241
-0.132655911465997
-0.000018466305937
0.062164076089449
0.023365848324981
-0.034207504392349
-0.031539357394456
-0.000158298075125
1.000638527493556
0.702012319578658
0.228866833164100
-0.084053700329254
-0.113807480930726
0.010568144610518
0.080676672124560
0.026922824609643
-0.027076793530142
-0.023312450865200
0.000638527493555
-0.001079404964161
0.385713503139383
0.886468766997283
0.957326614504566
0.519334818812087
-0.053339293288260
-0.248170677368554
-0.079537542198683
0.079123408015768
0.066954634099756
-0.001079404964158
0.002179470322964
0.427489969458899
0.968385558228698
1.027718210780043
0.532598855126576
0.000001000000000
-0.197608645673461
-0.069699429926610
0.103104628177280
0.086250185042788
0.001041502434059
-0.002798506724792
-0.160230871245609
-0.223634513133529
0.152313071374937
0.725722462615506
0.999998999999999
0.725722462615507
0.152313071455548
-0.223634513240380
-0.160230871177872
-0.002798506743008
0.000581017947894
-0.131668750796937
-0.167665567932109
0.173611257105117
0.773303571258083
1.086022530318813
0.773303571258085
0.173611257105101
-0.167665567932071
-0.131668750796935
0.000581017947892
-0.001079404964158
0.066954634099756
0.079123408015768
-0.079537542198683
-0.248170677368554
-0.053339293288260
0.519334818812087
0.957326614504566
0.886468766997283
0.385713503139383
-0.001079404964161
0.001041502434059
0.086250185042788
0.103104628177280
-0.069699429926610
-0.197608645673461
0.000001000000000
0.532598855126576
1.027718210780043
0.968385558228698
0.427489969458899
0.002179470322964
-0.000158298075125
-0.031539357394456
-0.034207504392349
0.023365848324981
0.062164076089449
-0.000018466305937
-0.132655911465997
-0.130765765842241
0.183479997757444
0.679500900026839
0.999075329335960
0.000638527493555
-0.023312450865200
-0.027076793530142
0.026922824609643
0.080676672124560
0.010568144610518
-0.113807480930726
-0.084053700329254
0.228866833164100
0.702012319578658
1.000638527493556
