4
-1.000000000000000
-0.447213595499958
0.447213595499958
1.000000000000000
16
-1.000000000000000
-0.866666666666667
-0.733333333333333
-0.600000000000000
-0.466666666666667
-0.333333333333333
-0.200000000000000
-0.066666666666667
0.066666666666667
0.200000000000000
0.333333333333333
0.466666666666667
0.600000000000000
0.733333333333333
0.866666666666667
1.000000000000000
0.988855723529726
0.632795593329024
0.356999148277458
0.152057538647319
0.009584495707006
-0.079787516723851
-0.124500660711295
-0.133857373727159
-0.116370181594995
-0.081266694214746
-0.037212734601320
0.005854645248070
0.039923593862087
0.056241949656363
0.045924925925926
-0.000098555092710
1.000231621091642
0.642963962962963
0.366047005965926
0.160143164346689
0.016359340482785
-0.073842452982432
-0.119865934001068
-0.130182957731505
-0.113864601067000
-0.079795942239158
-0.036696492720248
0.007256554930701
0.042516306508985
0.059816066564014
0.050670201009308
0.005727433129569
-0.000434445127870
0.457009645855527
0.762375767166089
0.936378668966201
0.998903922070242
0.969207772927646
0.868029612680869
0.714601046799272
0.529043689906982
0.330288389736180
0.137394222659703
-0.027456252854438
-0.145726000510001
-0.195930373568910
-0.159967081699767
-0.016040218360524
0.021517082362091
0.476443738141237
0.779172206806643
0.951104202205561
1.010665674401004
0.979106406100810
0.875019377305503
0.719459238321762
0.531296857695145
0.331961201860216
0.141770272184533
-0.021126144292465
-0.136445402366269
-0.184664722788379
-0.145898534744417
0.000301379128938
-0.016040218360524
-0.159967081699767
-0.195930373568910
-0.145726000510001
-0.027456252854438
0.137394222659703
0.330288389736180
0.529043689906982
0.714601046799272
0.868029612680869
0.969207772927646
0.998903922070242
0.936378668966201
0.762375767166089
0.457009645855527
-0.000434445127870
0.000301379128938
-0.145898534744417
-0.184664722788379
-0.136445402366269
-0.021126144292465
0.141770272184533
0.331961201860216
0.531296857695145
0.719459238321762
0.875019377305503
0.979106406100810
1.010665674401004
0.951104202205561
0.779172206806643
0.476443738141237
0.021517082362091
-0.000098555092710
0.045924925925926
0.056241949656363
0.039923593862087
0.005854645248070
-0.037212734601320
-0.081266694214746
-0.116370181594995
-0.133857373727159
-0.124500660711295
-0.079787516723851
0.009584495707006
0.152057538647319
0.356999148277458
0.632795593329024
0.988855723529726
0.005727433129569
0.050670201009308
0.059816066564014
0.042516306508985
0.007256554930701
-0.036696492720248
-0.079795942239158
-0.113864601067000
-0.130182957731505
-0.119865934001068
-0.073842452982432
0.016359340482785
0.160143164346689
0.366047005965926
0.642963962962963
1.000231621091642
