6
-1.000000000000000
-0.765055323929465
-0.285231516480645
0.285231516480645
0.765055323929466
1.000000000000000
8
-1.000000000000000
-0.714285714285714
-0.428571428571429
-0.142857142857143
0.142857142857143
0.428571428571428
0.714285714285714
1.000000000000000
0.696669805146579
-0.224124310508934
-0.077320205575318
0.051644147855060
0.038687351400189
-0.051421849959132
-0.020808826994868
-0.000066220244998
1.000617553532408
-0.072468804248232
-0.076298637668092
0.080718192337037
0.047276973627467
-0.030354481804635
-0.004931768494832
0.043536684456772
-0.000804903799591
0.971737529621368
0.265970780594309
-0.268992202073304
-0.132273746476180
0.087524252106418
0.014332191928866
-0.118040403856252
0.553366574194365
1.213637046693517
0.311776109114098
-0.169288424054276
-0.115691980889462
0.146284636296277
0.056856544359663
0.000523737431438
-0.376736436925692
0.024368013794740
0.886156850000019
0.896165111935777
0.280988798480616
-0.298741900985580
-0.089539816287207
-0.001229289176657
0.001038695666445
0.140202685950938
1.003345107612086
0.998768865291377
0.299171359542278
-0.177949776468562
-0.024175613054148
0.202448308301093
-0.001229289176657
-0.089539816287207
-0.298741900985580
0.280988798480616
0.896165111935777
0.886156850000019
0.024368013794740
-0.376736436925692
0.202448308301093
-0.024175613054148
-0.177949776468562
0.299171359542278
0.998768865291377
1.003345107612086
0.140202685950938
0.001038695666445
-0.118040403856252
0.014332191928866
0.087524252106418
-0.132273746476180
-0.268992202073304
0.265970780594309
0.971737529621368
-0.000804903799591
0.000523737431438
0.056856544359663
0.146284636296277
-0.115691980889462
-0.169288424054276
0.311776109114098
1.213637046693517
0.553366574194365
-0.000066220244998
-0.020808826994868
-0.051421849959132
0.038687351400189
0.051644147855060
-0.077320205575318
-0.224124310508934
0.696669805146579
0.043536684456772
-0.004931768494832
-0.030354481804635
0.047276973627467
0.080718192337037
-0.076298637668092
-0.072468804248232
1.000617553532408
