6
-1.000000000000000
-0.765055323929465
-0.285231516480645
0.285231516480645
0.765055323929466
1.000000000000000
11
-1.000000000000000
-0.968160239507626
-0.836031107326636
-0.613371432700590
-0.324253423403809
0.000000000000000
0.324253423403809
0.613371432700590
0.836031107326636
0.968160239507626
1.000000000000000
0.999803775593623
0.751104162801817
0.069993350385784
-0.191372165762911
-0.019977664911510
0.062499000000000
-0.021289439940886
-0.049848641762767
0.014930977205305
0.012449584641263
-0.000196224406378
1.000351667671206
0.778386959239711
0.169145518906778
-0.130491725565724
0.000254702290938
0.094747224677065
-0.009846426317576
-0.030956374320177
0.019698203295706
0.024307045617175
0.000351667671206
-0.000637078081631
0.290741522759452
0.930825367856113
0.792643714766691
-0.025701513711941
-0.286546431035445
0.028942711858708
0.086671065036125
-0.053681039734059
-0.065246545139861
-0.000637078081628
0.000806418919413
0.344790960557294
1.100617027223396
0.866373182100255
0.072501488453077
-0.194379755764950
0.063079226340401
0.139090427343819
-0.040528678342461
-0.033408612722706
0.000806418919415
-0.001431643941009
-0.157205085254183
-0.233199656748947
0.442160307893751
0.991626134259317
0.630914822851495
-0.152351597398971
-0.246998344929055
0.070043669853140
0.055854372518391
-0.001431643941013
0.000793020667463
-0.104337673640020
-0.144725182416878
0.489010881674208
1.150828233935385
0.698523777789622
-0.063487331217648
-0.161345082930190
0.093377686218661
0.108002207669025
0.000793020667460
-0.001431643941013
0.055854372518391
0.070043669853140
-0.246998344929055
-0.152351597398971
0.630914822851495
0.991626134259317
0.442160307893751
-0.233199656748947
-0.157205085254183
-0.001431643941009
0.000793020667460
0.108002207669025
0.093377686218661
-0.161345082930190
-0.063487331217648
0.698523777789622
1.150828233935385
0.489010881674208
-0.144725182416878
-0.104337673640020
0.000793020667463
-0.000637078081628
-0.065246545139861
-0.053681039734059
0.086671065036125
0.028942711858708
-0.286546431035445
-0.025701513711941
0.792643714766691
0.930825367856113
0.290741522759452
-0.000637078081631
0.000806418919415
-0.033408612722706
-0.040528678342461
0.139090427343819
0.063079226340401
-0.194379755764950
0.072501488453077
0.866373182100255
1.100617027223396
0.344790960557294
0.000806418919413
-0.000196224406378
0.012449584641263
0.014930977205305
-0.049848641762767
-0.021289439940886
0.062499000000000
-0.019977664911510
-0.191372165762911
0.069993350385784
0.751104162801817
0.999803775593623
0.000351667671206
0.024307045617175
0.019698203295706
-0.030956374320177
-0.009846426317576
0.094747224677065
0.000254702290938
-0.130491725565724
0.169145518906778
0.778386959239711
1.000351667671206
