5
-1.000000000000000
-0.654653670707977
0.000000000000000
0.654653670707977
1.000000000000000
7
-1.000000000000000
-0.666666666666667
-0.333333333333333
0.000000000000000
0.333333333333333
0.666666666666667
1.000000000000000
0.810586483343078
-0.101040423485692
-0.144270876381976
-0.000001000000000
0.061669902437704
-0.016801431491738
-0.049120079678344
1.000912976109981
0.015433098765432
-0.122543814013477
0.014217399194549
0.085326887936387
-0.002181138706972
0.000912976109980
-0.001347797211665
0.999145551409839
0.596323353381230
-0.065815907731666
-0.259756338121454
0.007790073705025
-0.001347797211662
0.353920631613968
1.197144473997275
0.605881979701456
0.000001000000000
-0.193898474034603
0.050398725047907
0.139775919617605
-0.257061928761712
-0.128397056165048
0.657409757475342
0.999998999999999
0.657409757475342
-0.128397056335805
-0.257061928546547
0.000507246315892
-0.020575131686567
0.708637522622862
1.114679039029987
0.708637522618135
-0.020575131687243
0.000507246315890
-0.001347797211662
0.007790073705025
-0.259756338121454
-0.065815907731666
0.596323353381230
0.999145551409839
-0.001347797211665
0.139775919617605
0.050398725047907
-0.193898474034603
0.000001000000000
0.605881979701456
1.197144473997275
0.353920631613968
-0.049120079678344
-0.016801431491738
0.061669902437704
-0.000001000000000
-0.144270876381976
-0.101040423485692
0.810586483343078
0.000912976109980
-0.002181138706972
0.085326887936387
0.014217399194549
-0.122543814013477
0.015433098765432
1.000912976109981
