7
-1.000000000000000
-0.830223896278567
-0.468848793470714
0.000000000000000
0.468848793470714
0.830223896278567
1.000000000000000
14
-1.000000000000000
-0.959935045267229
-0.867801053830387
-0.728868599091323
-0.550639402928645
-0.342724013342713
-0.116331868883704
0.116331868883704
0.342724013342714
0.550639402928642
0.728868599091346
0.867801053830307
0.959935045267281
1.000000000000000
0.998165949635425
0.596748344379270
0.046641355166946
-0.175454876056397
-0.059481396754740
0.055551856912744
0.037184455497074
-0.041262497819366
-0.036756106486244
0.016330896755226
0.019931195640528
-0.010564326117259
-0.019082843735551
-0.000236747389009
1.000861816015222
0.633054466760079
0.114480105003755
-0.127903051683050
-0.051141842289339
0.081118422789823
0.045579577244680
-0.028840303737459
-0.026370432020452
0.023399888479376
0.028771375246456
-0.007198563263454
-0.012065965296221
0.000861816015219
-0.000831329280849
0.470063153948240
0.964265218644677
0.824955012113125
0.166656008471982
-0.261604181379199
-0.128525230362274
0.083625269080842
0.074323917400129
-0.062086209319984
-0.075247995873303
0.020546123717476
0.033294772599879
-0.000831329280852
0.004416527618067
0.534476753762400
1.081913910610916
0.878791368807495
0.219941734126971
-0.180588614758375
-0.110721588291162
0.117625203453115
0.101090003418635
-0.043983871957542
-0.053035034591450
0.028350362163181
0.050584225718995
0.000879204480015
-0.002629041699788
-0.209586909138746
-0.171312521863543
0.400282466877819
0.937855759888505
0.871349478182621
0.248163712969932
-0.253502620589402
-0.164598336794085
0.074357905745621
0.086116795309117
-0.045375137077095
-0.079148230306119
-0.001487913689341
0.000809601514229
-0.154541695940012
-0.112823798993996
0.422003144110539
1.047402078408402
0.946085336485400
0.282478137662915
-0.169767606987055
-0.134791329256250
0.105470462536763
0.120763988613059
-0.033105649048287
-0.052587857540450
0.000809601514222
-0.000801311264848
0.083661990700811
0.054715429172183
-0.192101156631484
-0.225641670655411
0.324818330832426
0.907558541440635
0.907558541442234
0.324818330842327
-0.225641670669964
-0.192101156620853
0.054715429172161
0.083661990700703
-0.000801311264845
0.001288429353100
0.124516327376581
0.073692715842253
-0.151480171925723
-0.148045843623370
0.344833352939835
1.001153762519315
1.001153762519325
0.344833352939829
-0.148045843623361
-0.151480171923762
0.073692715533859
0.124516327742936
0.001288429334367
-0.001487913689341
-0.079148230306119
-0.045375137077095
0.086116795309117
0.074357905745621
-0.164598336794085
-0.253502620589402
0.248163712969932
0.871349478182621
0.937855759888505
0.400282466877819
-0.171312521863543
-0.209586909138746
-0.002629041699788
0.000809601514222
-0.052587857540450
-0.033105649048287
0.120763988613059
0.105470462536763
-0.134791329256250
-0.169767606987055
0.282478137662915
0.946085336485400
1.047402078408402
0.422003144110539
-0.112823798993996
-0.154541695940012
0.000809601514229
-0.000831329280852
0.033294772599879
0.020546123717476
-0.075247995873303
-0.062086209319984
0.074323917400129
0.083625269080842
-0.128525230362274
-0.261604181379199
0.166656008471982
0.824955012113125
0.964265218644677
0.470063153948240
-0.000831329280849
0.000879204480015
0.050584225718995
0.028350362163181
-0.053035034591450
-0.043983871957542
0.101090003418635
0.117625203453115
-0.110721588291162
-0.180588614758375
0.219941734126971
0.878791368807495
1.081913910610916
0.534476753762400
0.004416527618067
-0.000236747389009
-0.019082843735551
-0.010564326117259
0.019931195640528
0.016330896755226
-0.036756106486244
-0.041262497819366
0.037184455497074
0.055551856912744
-0.059481396754740
-0.175454876056397
0.046641355166946
0.596748344379270
0.998165949635425
0.000861816015219
-0.012065965296221
-0.007198563263454
0.028771375246456
0.023399888479376
-0.026370432020452
-0.028840303737459
0.045579577244680
0.081118422789823
-0.051141842289339
-0.127903051683050
0.114480105003755
0.633054466760079
1.000861816015222
