5
-1.000000000000000
-0.654653670707977
0.000000000000000
0.654653670707977
1.000000000000000
15
-1.000000000000000
-0.898945389628734
-0.786825940769262
-0.658748144622675
-0.512648185924811
-0.344011359488903
-0.164116983446333
0.000000000000000
0.164116983446333
0.344011359488903
0.512648185924811
0.658748144622675
0.786825940769262
0.898945389628734
1.000000000000000
0.981848413492098
0.549873376845451
0.216164772003597
-0.011842831700227
-0.127353447680272
-0.135301442741873
-0.068704605561394
-0.000050280785835
0.048209411961749
0.061246291146206
0.036173715513406
-0.002129418789853
-0.031052511729309
-0.034467682305268
-0.005429845374716
1.000642106085279
0.566894572652575
0.234447922216277
0.005314220963648
-0.112178624766939
-0.124960205289885
-0.066508858110222
0.002727594873417
0.054438391567021
0.067574877747980
0.039001761118584
-0.000428813763740
-0.027397390774610
-0.029673271521855
0.000642106085278
-0.001194029192144
0.547173317541705
0.881869824965242
0.999496080876533
0.899931587331296
0.617262582676356
0.256732001385045
-0.013956566203089
-0.179163266118367
-0.211992897391754
-0.115185650126869
0.001969373502687
0.079916733109476
0.085265516474096
-0.001194029192141
0.034467850673233
0.578848586619254
0.914283658691026
1.027955823319369
0.921611892237333
0.626249958508367
0.267180956078116
0.000072497410440
-0.159937119183931
-0.192259043085944
-0.109280461943840
0.006857193559269
0.090105788423618
0.098210875625768
0.015116366717199
-0.025018689086234
-0.193447130613642
-0.188521666951489
-0.021719767204698
0.281978463389247
0.637924547199657
0.911865576029861
0.999998999999999
0.911865576029861
0.637924547199657
0.281978463870266
-0.021719767995223
-0.188521666134218
-0.193447131461841
-0.025018688252308
0.000824647102777
-0.169938011549344
-0.169095561707586
-0.006578590137775
0.285929930741213
0.654211501131249
0.936736763639269
1.020392990952323
0.936736763639269
0.654211501131249
0.285929930741839
-0.006578590137782
-0.169095561707586
-0.169938011549346
0.000824647102774
-0.001194029192141
0.085265516474096
0.079916733109476
0.001969373502687
-0.115185650126869
-0.211992897391754
-0.179163266118367
-0.013956566203089
0.256732001385045
0.617262582676356
0.899931587331296
0.999496080876533
0.881869824965242
0.547173317541705
-0.001194029192144
0.015116366717199
0.098210875625768
0.090105788423618
0.006857193559269
-0.109280461943840
-0.192259043085944
-0.159937119183931
0.000072497410440
0.267180956078116
0.626249958508367
0.921611892237333
1.027955823319369
0.914283658691026
0.578848586619254
0.034467850673233
-0.005429845374716
-0.034467682305268
-0.031052511729309
-0.002129418789853
0.036173715513406
0.061246291146206
0.048209411961749
-0.000050280785835
-0.068704605561394
-0.135301442741873
-0.127353447680272
-0.011842831700227
0.216164772003597
0.549873376845451
0.981848413492098
0.000642106085278
-0.029673271521855
-0.027397390774610
-0.000428813763740
0.039001761118584
0.067574877747980
0.054438391567021
0.002727594873417
-0.066508858110222
-0.124960205289885
-0.112178624766939
0.005314220963648
0.234447922216277
0.566894572652575
1.000642106085279
