3
-1.000000000000000
0.000000000000000
1.000000000000000
6
-1.000000000000000
-0.809016994374947
-0.309016994374947
0.309016994374947
0.809016994374947
1.000000000000000
0.999998498998584
0.713523820273414
0.154507497191310
-0.154509497191310
-0.095493174096746
-0.000001501001416
1.000076707172303
0.731763745816185
0.202257921318995
-0.106759073056028
-0.077253248593737
0.000076707172311
-0.000152414450690
0.345490502812526
0.904502148155948
0.904502149886363
0.345490502378437
-0.000152414450689
0.000002002003004
0.381968353832343
1.000001000000019
1.000000999999981
0.381968353713750
0.000002002003004
-0.000001501001416
-0.095493174096746
-0.154509497191310
0.154507497191310
0.713523820273414
0.999998498998584
0.000076707172311
-0.077253248593737
-0.106759073056028
0.202257921318995
0.731763745816185
1.000076707172303
