3
-1.000000000000000
0.000000000000000
1.000000000000000
5
-1.000000000000000
-0.654653670707977
0.000000000000000
0.654653670707977
1.000000000000000
0.998921481943745
0.496933781877440
-0.063272814166811
-0.157719888830712
-0.001078518056228
1.000328389533989
0.541767923261850
0.000001000000000
-0.112885747306897
0.000328389533991
-0.000655776129950
0.571118826622437
0.999999000000000
0.571118826622437
-0.000655776129950
0.002155961883535
0.660785584934795
1.126544059515148
0.660785584931797
0.002155961883996
-0.001078518056228
-0.157719888830712
-0.063272814166811
0.496933781877440
0.998921481943745
0.000328389533991
-0.112885747306897
0.000001000000000
0.541767923261850
1.000328389533989
