7
-1.000000000000000
-0.830223896278567
-0.468848793470714
0.000000000000000
0.468848793470714
0.830223896278567
1.000000000000000
4
-1.000000000000000
-0.447213595499958
0.447213595499958
1.000000000000000
-0.092048699022935
-0.168037439804082
-0.008565937627770
-0.016188843121343
1.000001085657625
0.068041469437279
0.048455107382710
0.000001085657622
-0.000005201668432
-0.232395246658970
-0.077993399572192
-0.052165477628263
1.546764778395386
0.080728825202767
0.118935325942195
0.030046314128945
-0.360322113536981
0.642752750490796
-0.674290199921887
-0.009532981525872
0.000004398612075
1.164383026092296
0.018127687900632
0.333374962617489
-0.572914582213690
-0.056119454559640
-0.056119462117697
-0.572914556833459
0.017858303013043
1.000000999999996
1.000001000000007
0.017858303013045
-0.009532981525872
-0.674290199921887
0.642752750490796
-0.360322113536981
0.333374962617489
0.018127687900632
1.164383026092296
0.000004398612075
-0.052165477628263
-0.077993399572192
-0.232395246658970
-0.000005201668432
0.030046314128945
0.118935325942195
0.080728825202767
1.546764778395386
-0.016188843121343
-0.008565937627770
-0.168037439804082
-0.092048699022935
0.000001085657622
0.048455107382710
0.068041469437279
1.000001085657625
