6
-1.000000000000000
-0.765055323929465
-0.285231516480645
0.285231516480645
0.765055323929466
1.000000000000000
18
-1.000000000000000
-0.982973099683902
-0.932472229404356
-0.850217135729614
-0.739008917220659
-0.602634636379256
-0.445738355776538
-0.273662990072083
-0.092268359463302
0.092268359463302
0.273662990072083
0.445738355776538
0.602634636379256
0.739008917220659
0.850217135729614
0.932472229404356
0.982973099683902
1.000000000000000
0.999846791975855
0.872048364502859
0.551752702541453
0.187699524643700
-0.068630270389799
-0.150482598647008
-0.091002795489139
0.005428362551253
0.060233077575512
0.049962001980788
0.001302863018785
-0.038632444288170
-0.036753535634011
-0.007003100003883
0.017221852320400
0.019778055767827
0.007439362116058
-0.000206653390914
1.001252788579250
0.877605269242155
0.568191118580319
0.214569687563006
-0.041557523011276
-0.131402317321543
-0.085441183289297
0.012319095082568
0.071194899984809
0.055409764184793
0.003790738203950
-0.032377950052047
-0.032073241780188
-0.005466767186196
0.020688679929366
0.023179676657073
0.009165268080354
0.000648727688127
-0.002190298262083
0.162897288430512
0.545971490571193
0.897633833213739
0.992205708582332
0.766874593446950
0.342650303535286
-0.051687350994228
-0.224798398250658
-0.167234434339180
-0.010210628732685
0.092921685115088
0.090308285568675
0.015670995689657
-0.055903620711683
-0.062021976783335
-0.024093234866363
-0.001043618429064
0.000544012705409
0.172747618174653
0.577473184961703
0.942934124263797
1.036039424682552
0.786723251875217
0.356405612950162
-0.019148246342741
-0.193635120416788
-0.151560970060600
-0.002729646013234
0.110319644807614
0.102326866411877
0.019225508568715
-0.046877953015176
-0.053518572492050
-0.019974648052318
0.000656574038457
-0.000501896318765
-0.070054901005689
-0.191138982759037
-0.193847345097470
0.053585180153075
0.475233460634742
0.857267293561988
0.999113097762481
0.817450593916537
0.414957998087077
-0.005314861880251
-0.219551605131095
-0.189468873905524
-0.031748185291635
0.081185604854002
0.090751193898317
0.033738399717660
-0.000754406846509
0.001463163935883
-0.061531570408623
-0.170996386659273
-0.163556773759201
0.069248904714185
0.488107272877867
0.895700830301388
1.044437492523503
0.848269780980785
0.420750339157418
0.021219079850457
-0.187807035761375
-0.169653610433268
-0.028093163730497
0.095935775838537
0.103005840591270
0.039232237620414
0.000682877785124
-0.000754406846509
0.033738399717660
0.090751193898317
0.081185604854002
-0.031748185291635
-0.189468873905524
-0.219551605131095
-0.005314861880251
0.414957998087077
0.817450593916537
0.999113097762481
0.857267293561988
0.475233460634742
0.053585180153075
-0.193847345097470
-0.191138982759037
-0.070054901005689
-0.000501896318765
0.000682877785124
0.039232237620414
0.103005840591270
0.095935775838537
-0.028093163730497
-0.169653610433268
-0.187807035761375
0.021219079850457
0.420750339157418
0.848269780980785
1.044437492523503
0.895700830301388
0.488107272877867
0.069248904714185
-0.163556773759201
-0.170996386659273
-0.061531570408623
0.001463163935883
-0.001043618429064
-0.024093234866363
-0.062021976783335
-0.055903620711683
0.015670995689657
0.090308285568675
0.092921685115088
-0.010210628732685
-0.167234434339180
-0.224798398250658
-0.051687350994228
0.342650303535286
0.766874593446950
0.992205708582332
0.897633833213739
0.545971490571193
0.162897288430512
-0.002190298262083
0.000656574038457
-0.019974648052318
-0.053518572492050
-0.046877953015176
0.019225508568715
0.102326866411877
0.110319644807614
-0.002729646013234
-0.151560970060600
-0.193635120416788
-0.019148246342741
0.356405612950162
0.786723251875217
1.036039424682552
0.942934124263797
0.577473184961703
0.172747618174653
0.000544012705409
-0.000206653390914
0.007439362116058
0.019778055767827
0.017221852320400
-0.007003100003883
-0.036753535634011
-0.038632444288170
0.001302863018785
0.049962001980788
0.060233077575512
0.005428362551253
-0.091002795489139
-0.150482598647008
-0.068630270389799
0.187699524643700
0.551752702541453
0.872048364502859
0.999846791975855
0.000648727688127
0.009165268080354
0.023179676657073
0.020688679929366
-0.005466767186196
-0.032073241780188
-0.032377950052047
0.003790738203950
0.055409764184793
0.071194899984809
0.012319095082568
-0.085441183289297
-0.131402317321543
-0.041557523011276
0.214569687563006
0.568191118580319
0.877605269242155
1.001252788579250
