4
-1.000000000000000
-0.447213595499958
0.447213595499958
1.000000000000000
14
-1.000000000000000
-0.880911509940318
-0.752770804920935
-0.608659111110758
-0.460546656492608
-0.298312977825068
-0.100353001270789
0.100353001270789
0.298312977825068
0.460546656492608
0.608659111110758
0.752770804920935
0.880911509940318
1.000000000000000
0.991322721726809
0.668627127936021
0.392202806859680
0.160834772602867
0.003419422788387
-0.100451716157824
-0.140064231865325
-0.110576468246934
-0.050139045514461
0.003988516903037
0.041634342977351
0.056632740849705
0.042871235148587
-0.000125226750765
1.000272768056845
0.677135125283076
0.401681797191007
0.171408635885740
0.011108357499065
-0.090009829154960
-0.130483552425390
-0.106566840459086
-0.048412545822458
0.005577159008298
0.044983759819298
0.060677943419394
0.046843159913893
0.004649859251225
-0.000519416739641
0.415758478039324
0.726692865932914
0.928897703986715
0.999404516683307
0.948986090344179
0.757213653421608
0.479360798845914
0.183657213948960
-0.022513355895768
-0.153032139610598
-0.198251686347360
-0.146681648877748
-0.013701765793350
0.017329100448581
0.431577565072358
0.744972926397710
0.947590465405816
1.013224522094179
0.965573907878117
0.770525582452430
0.481719111284691
0.189873908752046
-0.014495876662267
-0.141931172511245
-0.185010843947420
-0.135764838470988
0.000374966577994
-0.013701765793350
-0.146681648877748
-0.198251686347360
-0.153032139610598
-0.022513355895768
0.183657213948960
0.479360798845914
0.757213653421608
0.948986090344179
0.999404516683307
0.928897703986715
0.726692865932914
0.415758478039324
-0.000519416739641
0.000374966577994
-0.135764838470988
-0.185010843947420
-0.141931172511245
-0.014495876662267
0.189873908752046
0.481719111284691
0.770525582452430
0.965573907878117
1.013224522094179
0.947590465405816
0.744972926397710
0.431577565072358
0.017329100448581
-0.000125226750765
0.042871235148587
0.056632740849705
0.041634342977351
0.003988516903037
-0.050139045514461
-0.110576468246934
-0.140064231865325
-0.100451716157824
0.003419422788387
0.160834772602867
0.392202806859680
0.668627127936021
0.991322721726809
0.004649859251225
0.046843159913893
0.060677943419394
0.044983759819298
0.005577159008298
-0.048412545822458
-0.106566840459086
-0.130483552425390
-0.090009829154960
0.011108357499065
0.171408635885740
0.401681797191007
0.677135125283076
1.000272768056845
