5
-1.000000000000000
-0.654653670707977
0.000000000000000
0.654653670707977
1.000000000000000
6
-1.000000000000000
-0.765055323929465
-0.285231516480645
0.285231516480645
0.765055323929466
1.000000000000000
0.980614152280265
-0.017702446923550
-0.198025570442020
0.061938643345906
-0.030629165158010
-0.036806046047396
1.000934352975692
0.185198077006327
-0.110488814067864
0.112732286282169
-0.023866662496124
0.000934352975690
-0.001686241600319
0.919603196669606
0.407594733761357
-0.413606135314822
0.070381485024795
-0.001686241600316
0.047973422611247
1.255172669115867
0.583662990793181
-0.197628625344963
0.089613326926849
0.102347965777079
-0.126915571238559
-0.234964300469276
0.744253190233158
0.744253190233157
-0.234964300469277
-0.126915571370278
0.001114802239876
-0.151660596900276
1.001111462232202
1.001111462232198
-0.151660597640566
0.001114802239873
-0.001686241600316
0.070381485024795
-0.413606135314822
0.407594733761357
0.919603196669606
-0.001686241600319
0.102347965777079
0.089613326926849
-0.197628625344963
0.583662990793181
1.255172669115867
0.047973422611247
-0.036806046047396
-0.030629165158010
0.061938643345906
-0.198025570442020
-0.017702446923550
0.980614152280265
0.000934352975690
-0.023866662496124
0.112732286282169
-0.110488814067864
0.185198077006327
1.000934352975692
