7
-1.000000000000000
-0.830223896278567
-0.468848793470714
0.000000000000000
0.468848793470714
0.830223896278567
1.000000000000000
6
-1.000000000000000
-0.765055323929465
-0.285231516480645
0.285231516480645
0.765055323929466
1.000000000000000
0.578147750109538
-0.247736850419587
0.063641410961029
-0.070377999240686
0.014072793494888
-0.037099631587216
1.001679243648898
-0.105825901146472
0.083741936936329
-0.030721744632637
0.057918120186565
0.001679243648895
-0.000014080670796
0.768057894177550
-0.486889045430354
0.098326031144440
-0.163293408562281
-0.000014080670799
0.853123326467540
1.068860331272461
-0.201248454444255
0.213337101049091
-0.037488810924589
0.098887068827701
-0.627187176850447
0.238612417261623
0.586740983952516
-0.587181631204602
0.060673159852910
-0.158954690832630
0.000020287650531
0.846871597353666
1.108107706073147
-0.181641685858651
0.295573177932195
0.000020287650524
-0.000005989738078
-0.637648895813546
0.394168160820604
0.394168158275173
-0.637648892074475
-0.000005989738075
0.271224205680827
-0.103995524096384
1.000076208727207
1.000076208727219
-0.103995523972084
0.271224205131210
-0.158954690832630
0.060673159852910
-0.587181631204602
0.586740983952516
0.238612417261623
-0.627187176850447
0.000020287650524
0.295573177932195
-0.181641685858651
1.108107706073147
0.846871597353666
0.000020287650531
-0.000014080670799
-0.163293408562281
0.098326031144440
-0.486889045430354
0.768057894177550
-0.000014080670796
0.098887068827701
-0.037488810924589
0.213337101049091
-0.201248454444255
1.068860331272461
0.853123326467540
-0.037099631587216
0.014072793494888
-0.070377999240686
0.063641410961029
-0.247736850419587
0.578147750109538
0.001679243648895
0.057918120186565
-0.030721744632637
0.083741936936329
-0.105825901146472
1.001679243648898
