6
-1.000000000000000
-0.765055323929465
-0.285231516480645
0.285231516480645
0.765055323929466
1.000000000000000
12
-1.000000000000000
-0.973906528517172
-0.865063366688985
-0.679409568299024
-0.433395394129247
-0.148874338981631
0.148874338981631
0.433395394129247
0.679409568299024
0.865063366688985
0.973906528517172
1.000000000000000
0.999846669459970
0.796376134925264
0.195225309992813
-0.169356988466534
-0.091632166957330
0.050183903841013
0.037093716219398
-0.043523555169974
-0.030063876398257
0.019256264370718
0.010637844766667
-0.000153330540031
1.001119515678514
0.816997196196388
0.266170515565802
-0.102913874766977
-0.078517267911789
0.078092955613172
0.049766788401319
-0.030360331129494
-0.018681056902298
0.024947193742643
0.019325268119564
0.001119515678513
-0.002002634159028
0.240936322836494
0.855690976595772
0.923304960092036
0.276601455699633
-0.262487868026948
-0.136566956338290
0.087707511167068
0.052846238501823
-0.066923541634257
-0.051201739517132
-0.002002634159026
0.000414695784885
0.275007834488377
0.991912086107812
1.007966153125804
0.324503961580064
-0.165296047312039
-0.111134361549176
0.124144710127361
0.082356931996303
-0.052495839817164
-0.028770826851169
0.000414695784888
-0.000701608405314
-0.115492487498335
-0.264412717172738
0.224072573203327
0.877750479804453
0.904836613793099
0.250370910240550
-0.275035720289754
-0.124428920133925
0.090076370432207
0.048101812447991
-0.000701608405317
0.001323361640958
-0.087902349396387
-0.178698287147347
0.244587163535449
0.994903449486557
1.007401671869647
0.285464943802054
-0.179821390336613
-0.098109782795104
0.117465585403742
0.078399670750345
0.001323361640954
-0.000701608405317
0.048101812447991
0.090076370432207
-0.124428920133925
-0.275035720289754
0.250370910240550
0.904836613793099
0.877750479804453
0.224072573203327
-0.264412717172738
-0.115492487498335
-0.000701608405314
0.001323361640954
0.078399670750345
0.117465585403742
-0.098109782795104
-0.179821390336613
0.285464943802054
1.007401671869647
0.994903449486557
0.244587163535449
-0.178698287147347
-0.087902349396387
0.001323361640958
-0.002002634159026
-0.051201739517132
-0.066923541634257
0.052846238501823
0.087707511167068
-0.136566956338290
-0.262487868026948
0.276601455699633
0.923304960092036
0.855690976595772
0.240936322836494
-0.002002634159028
0.000414695784888
-0.028770826851169
-0.052495839817164
0.082356931996303
0.124144710127361
-0.111134361549176
-0.165296047312039
0.324503961580064
1.007966153125804
0.991912086107812
0.275007834488377
0.000414695784885
-0.000153330540031
0.010637844766667
0.019256264370718
-0.030063876398257
-0.043523555169974
0.037093716219398
0.050183903841013
-0.091632166957330
-0.169356988466534
0.195225309992813
0.796376134925264
0.999846669459970
0.001119515678513
0.019325268119564
0.024947193742643
-0.018681056902298
-0.030360331129494
0.049766788401319
0.078092955613172
-0.078517267911789
-0.102913874766977
0.266170515565802
0.816997196196388
1.001119515678514
