8
-1.000000000000000
-0.871740148509605
-0.591700181433143
-0.209299217902479
0.209299217902479
0.591700181433142
0.871740148509605
1.000000000000000
8
-1.000000000000000
-0.865052973684868
-0.560777407995205
-0.204260530290186
0.204260530290186
0.560777407995205
0.865052973684868
1.000000000000000
0.830325943340055
-0.227046189913846
0.014364342282173
-0.039467661659851
-0.039418536126129
-0.000666107734038
-0.037339737434982
-0.000028200744753
1.003809953809990
-0.020365959731857
0.085124382294136
0.042718262850758
0.017733746814138
0.044527286648664
0.002451791833847
0.031089211088719
-0.004446492884017
0.998302253136402
-0.304763016362097
-0.068331352831008
-0.044649140369105
-0.109768320257588
-0.000912425400306
-0.075510782637896
0.497614760934450
1.166055606071717
-0.077112747085666
0.113179580014486
0.109766289178590
0.003290904818150
0.099424554621246
0.001489373143103
-0.440952004439559
-0.002253887792383
0.986688268011416
-0.258606700669708
-0.156737078795330
-0.006561945321867
-0.154430943186501
-0.003205197748830
0.001246991575790
0.274433866317560
1.285871933540389
-0.011823175805919
0.075169313558121
0.164564944728750
-0.004078533113109
0.108677032696062
-0.002962286561089
-0.342252488592269
-0.086097351884497
0.999751475445393
-0.188716887623648
-0.240539809636879
0.004862201051385
-0.161922240426960
0.250086109841793
-0.010454603783256
0.159257607357714
1.282545571102728
0.012181683529769
0.021754905016119
0.214083328008608
0.000696839286197
-0.161922240426960
0.004862201051385
-0.240539809636879
-0.188716887623648
0.999751475445393
-0.086097351884497
-0.342252488592269
-0.002962286561089
0.000696839286197
0.214083328008608
0.021754905016119
0.012181683529769
1.282545571102728
0.159257607357714
-0.010454603783256
0.250086109841793
-0.003205197748830
-0.154430943186501
-0.006561945321867
-0.156737078795330
-0.258606700669708
0.986688268011416
-0.002253887792383
-0.440952004439559
0.108677032696062
-0.004078533113109
0.164564944728750
0.075169313558121
-0.011823175805919
1.285871933540389
0.274433866317560
0.001246991575790
-0.075510782637896
-0.000912425400306
-0.109768320257588
-0.044649140369105
-0.068331352831008
-0.304763016362097
0.998302253136402
-0.004446492884017
0.001489373143103
0.099424554621246
0.003290904818150
0.109766289178590
0.113179580014486
-0.077112747085666
1.166055606071717
0.497614760934450
-0.000028200744753
-0.037339737434982
-0.000666107734038
-0.039418536126129
-0.039467661659851
0.014364342282173
-0.227046189913846
0.830325943340055
0.031089211088719
0.002451791833847
0.044527286648664
0.017733746814138
0.042718262850758
0.085124382294136
-0.020365959731857
1.003809953809990
