7
-1.000000000000000
-0.830223896278567
-0.468848793470714
0.000000000000000
0.468848793470714
0.830223896278567
1.000000000000000
18
-1.000000000000000
-0.936985425363022
-0.860967518130492
-0.770144885093499
-0.634618228467228
-0.506517969805582
-0.372550667741433
-0.229854275322267
-0.075992210726061
0.075992210726061
0.229854275322267
0.372550667741433
0.506517969805582
0.634618228467228
0.770144885093499
0.860967518130492
0.936985425363022
1.000000000000000
0.975377283548920
0.427979984634836
0.064068150221641
-0.132503985038103
-0.132162865685238
-0.025051317397127
0.047039019945143
0.061883267212881
0.024511163811957
-0.025688085205986
-0.044557879261971
-0.023245385469667
0.008057064610560
0.024995923881926
0.012978411659272
-0.007966604557322
-0.018677774180263
-0.004131457099994
1.001734530987642
0.464797298699549
0.089986694935395
-0.099534044798031
-0.110583726747861
-0.019555714448555
0.057801758981416
0.070613228493326
0.028246811496098
-0.019524085849556
-0.037149227201723
-0.019791962832386
0.011173897530763
0.031492196304711
0.018210346980912
-0.005016143765913
-0.013533196177449
0.001734530987639
-0.003154667924871
0.661456595670375
0.976027179657205
0.928193705489601
0.497064827300895
0.061357682075011
-0.186920470084330
-0.217256629028270
-0.078220040758471
0.057709017402668
0.105615498866898
0.056068005921888
-0.028995276542010
-0.083220467661787
-0.046919858386433
0.014757463981833
0.037194797660576
-0.003154667924875
0.049900390731753
0.723911897071289
1.022613010692592
0.969443656051378
0.515904899634267
0.092014305266886
-0.155489468694852
-0.191205925087382
-0.071835220789151
0.075133098184915
0.123845348777847
0.064366359440563
-0.021675427774641
-0.067023481014077
-0.034375042512343
0.021437473513125
0.049571140653300
0.011096064854131
-0.044615303697470
-0.224478504567588
-0.126243827940719
0.226620982947629
0.743868985958502
0.987014844612977
0.922567191323544
0.600134653618745
0.157222769252029
-0.160391719566512
-0.232367565875045
-0.113080060754434
0.037112092957567
0.111073669953434
0.055359849235200
-0.034371949111571
-0.077919262731979
-0.017145484891725
0.001980268146486
-0.188387566421396
-0.094717177982093
0.238911323847539
0.780944114826350
1.030105491686197
0.958749113010232
0.614346565668616
0.176401041819886
-0.124640714534114
-0.204130724738644
-0.103710084751222
0.047406199078458
0.134429456528416
0.071916005616508
-0.026478376738072
-0.061368223166441
0.001980268146476
-0.001001431608264
0.100026822034642
0.045781958643448
-0.119765253534369
-0.240723272022071
-0.103804760145066
0.242046443614501
0.663805396765414
0.959943788935354
0.959943788935354
0.663805396765395
0.242046443615458
-0.103804760146137
-0.240723272020895
-0.119765253535431
0.045781958643693
0.100026822034640
-0.001001431608262
0.025130118721287
0.122910753796357
0.056452112144245
-0.095738921917770
-0.206605138693626
-0.077719932969270
0.254258915494145
0.687620417736327
1.000899326181591
1.000899326181585
0.687620417736332
0.254258915494145
-0.077719932969270
-0.206605138693625
-0.095738921917769
0.056452112127516
0.122910753818253
0.025130118702035
-0.017145484891725
-0.077919262731979
-0.034371949111571
0.055359849235200
0.111073669953434
0.037112092957567
-0.113080060754434
-0.232367565875045
-0.160391719566512
0.157222769252029
0.600134653618745
0.922567191323544
0.987014844612977
0.743868985958502
0.226620982947629
-0.126243827940719
-0.224478504567588
-0.044615303697470
0.001980268146476
-0.061368223166441
-0.026478376738072
0.071916005616508
0.134429456528416
0.047406199078458
-0.103710084751222
-0.204130724738644
-0.124640714534114
0.176401041819886
0.614346565668616
0.958749113010232
1.030105491686197
0.780944114826350
0.238911323847539
-0.094717177982093
-0.188387566421396
0.001980268146486
-0.003154667924875
0.037194797660576
0.014757463981833
-0.046919858386433
-0.083220467661787
-0.028995276542010
0.056068005921888
0.105615498866898
0.057709017402668
-0.078220040758471
-0.217256629028270
-0.186920470084330
0.061357682075011
0.497064827300895
0.928193705489601
0.976027179657205
0.661456595670375
-0.003154667924871
0.011096064854131
0.049571140653300
0.021437473513125
-0.034375042512343
-0.067023481014077
-0.021675427774641
0.064366359440563
0.123845348777847
0.075133098184915
-0.071835220789151
-0.191205925087382
-0.155489468694852
0.092014305266886
0.515904899634267
0.969443656051378
1.022613010692592
0.723911897071289
0.049900390731753
-0.004131457099994
-0.018677774180263
-0.007966604557322
0.012978411659272
0.024995923881926
0.008057064610560
-0.023245385469667
-0.044557879261971
-0.025688085205986
0.024511163811957
0.061883267212881
0.047039019945143
-0.025051317397127
-0.132162865685238
-0.132503985038103
0.064068150221641
0.427979984634836
0.975377283548920
0.001734530987639
-0.013533196177449
-0.005016143765913
0.018210346980912
0.031492196304711
0.011173897530763
-0.019791962832386
-0.037149227201723
-0.019524085849556
0.028246811496098
0.070613228493326
0.057801758981416
-0.019555714448555
-0.110583726747861
-0.099534044798031
0.089986694935395
0.464797298699549
1.001734530987642
