5
-1.000000000000000
-0.654653670707977
0.000000000000000
0.654653670707977
1.000000000000000
13
-1.000000000000000
-0.965925826289068
-0.866025403784439
-0.707106781186548
-0.500000000000000
-0.258819045102521
-0.000000000000000
0.258819045102521
0.500000000000000
0.707106781186547
0.866025403784439
0.965925826289068
1.000000000000000
0.999930715145064
0.829750465377721
0.427798217756934
0.038870167836197
-0.147905259426351
-0.113868820095438
-0.000004657383411
0.060691901003364
0.039057710149329
-0.016325665994676
-0.039751721509007
-0.016614467511070
-0.000094099916432
1.000445778959724
0.838601022369256
0.454820605275217
0.075445173824159
-0.116942646658131
-0.102755212405230
0.007665048381803
0.074662445492006
0.044244279085016
-0.012559102204272
-0.032210855121921
-0.014084454142693
0.000445778959722
-0.000774100933209
0.213332022664855
0.671653278419130
0.982969675925573
0.883493373557506
0.442726331327451
-0.039762619028817
-0.234693332921822
-0.133519101890888
0.037280022021472
0.092730462183313
0.040354531139215
-0.000774100933206
0.000408144379160
0.230776374405295
0.720545173869986
1.046521163070603
0.925738455745325
0.451734490820820
0.000001000000000
-0.194955015986395
-0.118175659847773
0.048772882017097
0.113748558660167
0.047110387009437
0.000475517203762
-0.000823214584860
-0.092240288453348
-0.220539304293276
-0.119832055997111
0.306571675493204
0.786543417931715
0.999998999999999
0.786543417931504
0.306571675609251
-0.119832056199892
-0.220539304124311
-0.092240288557068
-0.000823214584862
0.000456778301331
-0.078402987676272
-0.187193359719456
-0.083332333333333
0.314565676167144
0.829169338804060
1.061928539636574
0.829169338804060
0.314565676164090
-0.083332333333333
-0.187193359719458
-0.078402987676275
0.000456778301328
-0.000774100933206
0.040354531139215
0.092730462183313
0.037280022021472
-0.133519101890888
-0.234693332921822
-0.039762619028817
0.442726331327451
0.883493373557506
0.982969675925573
0.671653278419130
0.213332022664855
-0.000774100933209
0.000475517203762
0.047110387009437
0.113748558660167
0.048772882017097
-0.118175659847773
-0.194955015986395
0.000001000000000
0.451734490820820
0.925738455745325
1.046521163070603
0.720545173869986
0.230776374405295
0.000408144379160
-0.000094099916432
-0.016614467511070
-0.039751721509007
-0.016325665994676
0.039057710149329
0.060691901003364
-0.000004657383411
-0.113868820095438
-0.147905259426351
0.038870167836197
0.427798217756934
0.829750465377721
0.999930715145064
0.000445778959722
-0.014084454142693
-0.032210855121921
-0.012559102204272
0.044244279085016
0.074662445492006
0.007665048381803
-0.102755212405230
-0.116942646658131
0.075445173824159
0.454820605275217
0.838601022369256
1.000445778959724
