8
-1.000000000000000
-0.871740148509605
-0.591700181433143
-0.209299217902479
0.209299217902479
0.591700181433143
0.871740148509605
1.000000000000000
9
-1.000000000000000
-0.750000000000000
-0.500000000000000
-0.250000000000000
0.000000000000000
0.250000000000000
0.500000000000000
0.750000000000000
1.000000000000000
0.359847591457165
-0.345096532303907
0.052916480468750
0.007215309986864
-0.061219013585721
0.009212205653300
0.014804949724449
-0.028531364133008
-0.000262225910039
1.000206798532229
-0.127482490003509
0.085813951210044
0.030391331168011
-0.039061500000000
0.022365979066725
0.030671938249456
-0.018073657554688
0.022541183394175
-0.000551436040637
0.610178078581794
-0.433330217953568
-0.046169233191541
0.108839023398811
-0.060571778341707
-0.081501809660775
0.047363878547879
-0.058875444271910
1.087946227622632
0.923613616435676
-0.172879231064537
-0.019160339673918
0.173057485405683
-0.024864218825634
-0.039098672779718
0.075461290694737
0.000803437661134
-0.620570844204774
0.585217152843607
0.891728817410172
0.008794019556302
-0.316996711700919
0.042944314185246
0.062243087153908
-0.117793790747974
-0.000663296374909
0.001201199905261
0.797098645774364
1.182243366166632
0.106564868528580
-0.203706127184857
0.103054112303035
0.130678174339031
-0.072497899279266
0.090002038859800
-0.001648243992204
-0.360008667992557
0.182469578202640
0.983755039330250
0.632966575473455
-0.216096855930670
-0.208851708652229
0.111712266690173
-0.135317565471706
0.227168267222848
-0.200165420998634
0.330150590968516
1.171768759705714
0.703199628459464
-0.087174502664154
-0.101042882509059
0.189511804790307
0.000958320233009
-0.135317565471706
0.111712266690173
-0.208851708652229
-0.216096855930670
0.632966575473455
0.983755039330250
0.182469578202640
-0.360008667992557
-0.001648243992204
0.000958320233009
0.189511804790307
-0.101042882509059
-0.087174502664154
0.703199628459464
1.171768759705714
0.330150590968516
-0.200165420998634
0.227168267222848
-0.000663296374909
-0.117793790747974
0.062243087153908
0.042944314185246
-0.316996711700919
0.008794019556302
0.891728817410172
0.585217152843607
-0.620570844204774
0.090002038859800
-0.072497899279266
0.130678174339031
0.103054112303035
-0.203706127184857
0.106564868528580
1.182243366166632
0.797098645774364
0.001201199905261
-0.058875444271910
0.047363878547879
-0.081501809660775
-0.060571778341707
0.108839023398811
-0.046169233191541
-0.433330217953568
0.610178078581794
-0.000551436040637
0.000803437661134
0.075461290694737
-0.039098672779718
-0.024864218825634
0.173057485405683
-0.019160339673918
-0.172879231064537
0.923613616435676
1.087946227622632
-0.000262225910039
-0.028531364133008
0.014804949724449
0.009212205653300
-0.061219013585721
0.007215309986864
0.052916480468750
-0.345096532303907
0.359847591457165
0.022541183394175
-0.018073657554688
0.030671938249456
0.022365979066725
-0.039061500000000
0.030391331168011
0.085813951210044
-0.127482490003509
1.000206798532229
