8
-1.000000000000000
-0.871740148509605
-0.591700181433143
-0.209299217902479
0.209299217902479
0.591700181433143
0.871740148509605
1.000000000000000
15
-1.000000000000000
-0.974927912181824
-0.900968867902419
-0.781831482468030
-0.623489801858734
-0.433883739117558
-0.222520933956314
-0.000000000000000
0.222520933956314
0.433883739117558
0.623489801858733
0.781831482468029
0.900968867902419
0.974927912181824
1.000000000000000
0.999849227680315
0.651113342586859
0.029443641951801
-0.182427781226043
-0.027051709423357
0.064230617908152
-0.003912303813225
-0.055717264279349
0.003061219020918
0.025286030104983
-0.010416795074647
-0.024275085479422
0.006014968669628
0.008708967442822
-0.000150772319681
1.002635674540507
0.687723614574092
0.117030573433087
-0.128982019932860
-0.006893022701053
0.094400705888194
0.007612007445421
-0.036604247001338
0.011763193127846
0.039134256625310
-0.003622408618321
-0.013482197401750
0.010503563418716
0.017001916325595
0.002635674540511
-0.004504236064844
0.403440418877730
0.963103069429682
0.771005907935434
0.005456991879929
-0.287836871953628
-0.018927411727458
0.104812649618034
-0.029621820374925
-0.102040638093436
0.012000273595536
0.037681680730262
-0.025023257771422
-0.041811545147076
-0.004504236064846
0.000426775908437
0.472833211039144
1.108490723581081
0.830483377931880
0.099410106014294
-0.201714104509836
0.013401851469913
0.155735922215473
-0.008316932507999
-0.067428718008228
0.027619966640519
0.063558736481104
-0.015636273235974
-0.022586742296509
0.000426775908435
-0.000555170068881
-0.213850520758506
-0.168932534667159
0.466127379656290
0.984867294302255
0.711754312524614
-0.051996507182978
-0.287004455249295
0.014524705144615
0.109366615911154
-0.043664812934091
-0.097184014202601
0.023731458870522
0.033957661620145
-0.000555170068855
0.002107432112123
-0.138689735265859
-0.115814246855464
0.511869490732013
1.127228405418554
0.773423365479144
0.033950405871412
-0.202694630757591
0.046947600069007
0.160741890756234
-0.023732799853996
-0.062513317749024
0.033225179783743
0.058008398717173
0.002107432112149
-0.001306304569676
0.076293321352539
0.056522943277404
-0.247248028358984
-0.157438778698409
0.549239934318613
0.998288485024216
0.633264023689537
-0.112583202721467
-0.272092480107739
0.040157080120277
0.097166859714371
-0.047756863478866
-0.082305261331957
-0.001306304569708
0.001030751180848
0.126241727424575
0.076338890529803
-0.169442209608193
-0.082346992428673
0.597465382093899
1.138184986927977
0.688905594526458
-0.030565197648961
-0.191741315097453
0.071636616367477
0.148396173039787
-0.034922274961404
-0.049163355586134
0.001030751180816
-0.001306304569708
-0.082305261331957
-0.047756863478866
0.097166859714371
0.040157080120277
-0.272092480107739
-0.112583202721467
0.633264023689537
0.998288485024216
0.549239934318613
-0.157438778698409
-0.247248028358984
0.056522943277404
0.076293321352539
-0.001306304569676
0.001030751180816
-0.049163355586134
-0.034922274961404
0.148396173039787
0.071636616367477
-0.191741315097453
-0.030565197648961
0.688905594526458
1.138184986927977
0.597465382093899
-0.082346992428673
-0.169442209608193
0.076338890529803
0.126241727424575
0.001030751180848
-0.000555170068855
0.033957661620145
0.023731458870522
-0.097184014202601
-0.043664812934091
0.109366615911154
0.014524705144615
-0.287004455249295
-0.051996507182978
0.711754312524614
0.984867294302255
0.466127379656290
-0.168932534667159
-0.213850520758506
-0.000555170068881
0.002107432112149
0.058008398717173
0.033225179783743
-0.062513317749024
-0.023732799853996
0.160741890756234
0.046947600069007
-0.202694630757591
0.033950405871412
0.773423365479144
1.127228405418554
0.511869490732013
-0.115814246855464
-0.138689735265859
0.002107432112123
-0.004504236064846
-0.041811545147076
-0.025023257771422
0.037681680730262
0.012000273595536
-0.102040638093436
-0.029621820374925
0.104812649618034
-0.018927411727458
-0.287836871953628
0.005456991879929
0.771005907935434
0.963103069429682
0.403440418877730
-0.004504236064844
0.000426775908435
-0.022586742296509
-0.015636273235974
0.063558736481104
0.027619966640519
-0.067428718008228
-0.008316932507999
0.155735922215473
0.013401851469913
-0.201714104509836
0.099410106014294
0.830483377931880
1.108490723581081
0.472833211039144
0.000426775908437
-0.000150772319681
0.008708967442822
0.006014968669628
-0.024275085479422
-0.010416795074647
0.025286030104983
0.003061219020918
-0.055717264279349
-0.003912303813225
0.064230617908152
-0.027051709423357
-0.182427781226043
0.029443641951801
0.651113342586859
0.999849227680315
0.002635674540511
0.017001916325595
0.010503563418716
-0.013482197401750
-0.003622408618321
0.039134256625310
0.011763193127846
-0.036604247001338
0.007612007445421
0.094400705888194
-0.006893022701053
-0.128982019932860
0.117030573433087
0.687723614574092
1.002635674540507
