3
-1.000000000000000
0.000000000000000
1.000000000000000
5
-1.000000000000000
-0.500000000000000
0.000000000000000
0.500000000000000
1.000000000000000
0.968825602355448
0.343672303642570
-0.031174510113899
-0.156327696357429
-0.031174397644553
1.000250999749499
0.375126125125126
0.000001000000000
-0.124873874874874
0.000250999749501
-0.000500999301859
0.749748750045460
0.999999000000000
0.749748750045460
-0.000500999301859
0.062369791832031
0.812632346037391
1.062369840936483
0.812632346037391
0.062369791832031
-0.031174397644553
-0.156327696357429
-0.031174510113899
0.343672303642570
0.968825602355448
0.000250999749501
-0.124873874874874
0.000001000000000
0.375126125125126
1.000250999749499
