7
-1.000000000000000
-0.830223896278567
-0.468848793470714
0.000000000000000
0.468848793470714
0.830223896278567
1.000000000000000
7
-1.000000000000000
-0.830223896278567
-0.468848793470714
0.000000000000000
0.468848793470714
0.830223896278567
1.000000000000000
0.867346064685419
-0.219215295152793
-0.021480166205449
-0.030897058027900
-0.048799368724395
-0.000298427975960
-0.035687842342202
1.001037865129860
0.000001000000000
0.070083653866478
0.058617922858888
0.010357288096147
0.047722077428264
0.001037865129857
-0.001377643809927
0.999999000000003
-0.265644561932110
-0.124316947632485
-0.028317524533049
-0.123995671099519
-0.001377643809929
0.425261484323475
1.179850908438898
0.000001000000004
0.090382960239267
0.133693568055411
0.001453979320720
0.095224957253755
-0.390065867665747
-0.041016353304151
0.999998999999995
-0.223802775812458
-0.193024268619772
-0.003169579697814
-0.151521136300624
0.000679257125365
0.136833426269779
1.260654804281137
0.000000999999999
0.057688156250338
0.184620932915613
0.000679257125358
-0.002470831780921
-0.270635275520427
-0.160105897067076
0.999999000000002
-0.160105891762256
-0.270635282930462
-0.002470831780918
0.228742329600211
0.007113812628586
0.000001000000004
1.308933521349906
0.000001000000002
0.007113816299195
0.228742316712485
-0.151521136300624
-0.003169579697814
-0.193024268619772
-0.223802775812458
0.999998999999995
-0.041016353304151
-0.390065867665747
0.000679257125358
0.184620932915613
0.057688156250338
0.000000999999999
1.260654804281137
0.136833426269779
0.000679257125365
-0.001377643809929
-0.123995671099519
-0.028317524533049
-0.124316947632485
-0.265644561932110
0.999999000000003
-0.001377643809927
0.095224957253755
0.001453979320720
0.133693568055411
0.090382960239267
0.000001000000004
1.179850908438898
0.425261484323475
-0.035687842342202
-0.000298427975960
-0.048799368724395
-0.030897058027900
-0.021480166205449
-0.219215295152793
0.867346064685419
0.001037865129857
0.047722077428264
0.010357288096147
0.058617922858888
0.070083653866478
0.000001000000000
1.001037865129860
