4
-1.000000000000000
-0.447213595499958
0.447213595499958
1.000000000000000
14
-1.000000000000000
-0.981560634246719
-0.904117256370475
-0.769902674194305
-0.587317954286617
-0.367831498998180
-0.125233408511469
0.125233408511469
0.367831498998180
0.587317954286617
0.769902674194305
0.904117256370475
0.981560634246719
1.000000000000000
0.999969954135928
0.944118403522198
0.727884961759006
0.420914086538128
0.125383388425409
-0.073600532647404
-0.143427753042423
-0.106975491592557
-0.025591341937539
0.037383448532920
0.056468746732431
0.036998599314289
0.008778832415538
-0.000062331055432
1.000293389612329
0.945636875084996
0.734852514271638
0.434540467373692
0.143834874438539
-0.055310676276729
-0.129511669926242
-0.100654182086075
-0.024210975835752
0.043111588487223
0.061848878031687
0.040544457933008
0.009540870303808
0.000131888407856
-0.000311347269020
0.072792272447149
0.344709109881139
0.692600957204626
0.947041201637498
0.984944296281043
0.787287080498124
0.442415809003000
0.082328607865176
-0.148305479178051
-0.201178330157539
-0.126184825278581
-0.029494608982273
-0.000206728950745
0.000103953820006
0.075735167689214
0.357980840366612
0.718111758182527
0.980154401721888
1.015365314636878
0.806290317179774
0.445523365286433
0.095963835226095
-0.128260457195912
-0.183611103897706
-0.116561156054022
-0.027211632838816
0.000195684008554
-0.000206728950745
-0.029494608982273
-0.126184825278581
-0.201178330157539
-0.148305479178051
0.082328607865176
0.442415809003000
0.787287080498124
0.984944296281043
0.947041201637498
0.692600957204626
0.344709109881139
0.072792272447149
-0.000311347269020
0.000195684008554
-0.027211632838816
-0.116561156054022
-0.183611103897706
-0.128260457195912
0.095963835226095
0.445523365286433
0.806290317179774
1.015365314636878
0.980154401721888
0.718111758182527
0.357980840366612
0.075735167689214
0.000103953820006
-0.000062331055432
0.008778832415538
0.036998599314289
0.056468746732431
0.037383448532920
-0.025591341937539
-0.106975491592557
-0.143427753042423
-0.073600532647404
0.125383388425409
0.420914086538128
0.727884961759006
0.944118403522198
0.999969954135928
0.000131888407856
0.009540870303808
0.040544457933008
0.061848878031687
0.043111588487223
-0.024210975835752
-0.100654182086075
-0.129511669926242
-0.055310676276729
0.143834874438539
0.434540467373692
0.734852514271638
0.945636875084996
1.000293389612329
