8
-1.000000000000000
-0.871740148509605
-0.591700181433143
-0.209299217902479
0.209299217902479
0.591700181433143
0.871740148509605
1.000000000000000
16
-1.000000000000000
-0.986283808696812
-0.928434883663574
-0.827201315069765
-0.687292904811685
-0.515248636358154
-0.319112368927890
-0.108054948707344
0.108054948707344
0.319112368927890
0.515248636358154
0.687292904811685
0.827201315069765
0.928434883663574
0.986283808696812
1.000000000000000
0.999887341082890
0.799888876580683
0.206191934291616
-0.165926091206519
-0.097551161015981
0.047105830243073
0.041869258926215
-0.044232460076820
-0.034144638618627
0.021557011868323
0.014966829453939
-0.021312532207298
-0.014805622204719
0.010211944670481
0.005620503222081
-0.000112658917106
1.001558060705992
0.820179087924866
0.276269533213555
-0.099073133188489
-0.083713113770098
0.074068246094569
0.056848422424515
-0.028870454910031
-0.022812789246878
0.031860130668805
0.023744641174071
-0.014291834903208
-0.007837380537932
0.014024210023415
0.011245822785177
0.001558060705996
-0.002554044190358
0.237377916846270
0.847042496956512
0.934214906213282
0.302036449416061
-0.254494462511522
-0.152753864898697
0.083751296844979
0.064374101551521
-0.084259628205440
-0.061039895372112
0.039111149651063
0.021989208987094
-0.035141807008655
-0.027534134120052
-0.002554044190360
0.000445526909687
0.269073732415747
0.983565091712333
1.014778235356763
0.351181865711897
-0.155584588698887
-0.125185694452475
0.125419234973735
0.093247581568925
-0.057857194274136
-0.039567089923927
0.056155551498631
0.038781345613327
-0.026420032004445
-0.014441084133631
0.000445526909685
-0.000688859197982
-0.113212398303584
-0.266399706369464
0.207519961244444
0.861434228411023
0.923019395512055
0.285380865398803
-0.269390671810184
-0.145371744245393
0.096301018386476
0.063095786324114
-0.087255392323201
-0.058631386333527
0.039794742415084
0.021613568846726
-0.000688859197957
0.001326635730946
-0.087806176388745
-0.181458307719862
0.226184181366470
0.979173750700786
1.020864690919691
0.324872583035374
-0.172075749436344
-0.117812510746287
0.137242028733218
0.093333398173536
-0.063293523759441
-0.036059850895165
0.050545968887435
0.038583972569766
0.001326635730972
-0.001129000987747
0.048667454647877
0.092917299345547
-0.118418689728385
-0.283021291777533
0.224014268768914
0.882361147067613
0.904653740740053
0.253899488338186
-0.279530045513685
-0.132560901562417
0.100226647310869
0.055129827384657
-0.073729735729940
-0.054750385108766
-0.001129000987779
0.000641211663266
0.077468927539811
0.120706905787498
-0.093681224182765
-0.189434025520506
0.254046017784217
0.992271236987833
1.008654368743767
0.289110927967921
-0.183173804057619
-0.106485517234501
0.136760877188886
0.086305823464430
-0.058845995319817
-0.031724527637844
0.000641211663234
-0.001129000987779
-0.054750385108766
-0.073729735729940
0.055129827384657
0.100226647310869
-0.132560901562417
-0.279530045513685
0.253899488338186
0.904653740740053
0.882361147067613
0.224014268768914
-0.283021291777533
-0.118418689728385
0.092917299345547
0.048667454647877
-0.001129000987747
0.000641211663234
-0.031724527637844
-0.058845995319817
0.086305823464430
0.136760877188886
-0.106485517234501
-0.183173804057619
0.289110927967921
1.008654368743767
0.992271236987833
0.254046017784217
-0.189434025520506
-0.093681224182765
0.120706905787498
0.077468927539811
0.000641211663266
-0.000688859197957
0.021613568846726
0.039794742415084
-0.058631386333527
-0.087255392323201
0.063095786324114
0.096301018386476
-0.145371744245393
-0.269390671810184
0.285380865398803
0.923019395512055
0.861434228411023
0.207519961244444
-0.266399706369464
-0.113212398303584
-0.000688859197982
0.001326635730972
0.038583972569766
0.050545968887435
-0.036059850895165
-0.063293523759441
0.093333398173536
0.137242028733218
-0.117812510746287
-0.172075749436344
0.324872583035374
1.020864690919691
0.979173750700786
0.226184181366470
-0.181458307719862
-0.087806176388745
0.001326635730946
-0.002554044190360
-0.027534134120052
-0.035141807008655
0.021989208987094
0.039111149651063
-0.061039895372112
-0.084259628205440
0.064374101551521
0.083751296844979
-0.152753864898697
-0.254494462511522
0.302036449416061
0.934214906213282
0.847042496956512
0.237377916846270
-0.002554044190358
0.000445526909685
-0.014441084133631
-0.026420032004445
0.038781345613327
0.056155551498631
-0.039567089923927
-0.057857194274136
0.093247581568925
0.125419234973735
-0.125185694452475
-0.155584588698887
0.351181865711897
1.014778235356763
0.983565091712333
0.269073732415747
0.000445526909687
-0.000112658917106
0.005620503222081
0.010211944670481
-0.014805622204719
-0.021312532207298
0.014966829453939
0.021557011868323
-0.034144638618627
-0.044232460076820
0.041869258926215
0.047105830243073
-0.097551161015981
-0.165926091206519
0.206191934291616
0.799888876580683
0.999887341082890
0.001558060705996
0.011245822785177
0.014024210023415
-0.007837380537932
-0.014291834903208
0.023744641174071
0.031860130668805
-0.022812789246878
-0.028870454910031
0.056848422424515
0.074068246094569
-0.083713113770098
-0.099073133188489
0.276269533213555
0.820179087924866
1.001558060705992
