5
-1.000000000000000
-0.654653670707977
0.000000000000000
0.654653670707977
1.000000000000000
16
-1.000000000000000
-0.914945951829192
-0.820828196750134
-0.710730424043809
-0.574678763363740
-0.404642828600086
-0.230226225378750
-0.074067615202251
0.074067615202251
0.230226225378750
0.404642828600086
0.574678763363740
0.710730424043809
0.820828196750134
0.914945951829192
1.000000000000000
0.986702383637435
0.614288994302887
0.306458079394737
0.066830539867567
-0.095903111552072
-0.145325969745848
-0.095941526677202
-0.029545055278976
0.025347386696579
0.058237977984371
0.055780529374120
0.020929606969455
-0.015418553281682
-0.034354475881291
-0.030998354545919
-0.004004713209167
1.000560246305524
0.626341058882310
0.320682240091923
0.081533618477473
-0.077684758278214
-0.131403613529998
-0.092564500777278
-0.027653656921903
0.028827774514031
0.063932734419196
0.061483608063839
0.022620583301660
-0.013250043840409
-0.031079922910662
-0.027394665288981
0.000560246305524
-0.001044990856936
0.477551005729949
0.806601276739608
0.980248533649186
0.965605524344269
0.731003307266678
0.389297766682269
0.097840029659858
-0.099928975014689
-0.207411270244224
-0.187758713189978
-0.066315136601316
0.039341327019163
0.090067918136256
0.078532759687831
-0.001044990856933
0.024925960933998
0.500479373189546
0.831839335813336
1.005892629964724
0.993358535095895
0.746975487752311
0.394194401476139
0.109751055255041
-0.087260885347979
-0.188924762169289
-0.172525246293195
-0.062488135547389
0.045444446252695
0.099031089174724
0.088177453765281
0.011125416199051
-0.017263966021806
-0.173375322358963
-0.201478933709143
-0.104230364557565
0.145551278980004
0.516361278815091
0.829765368620145
0.981782519349036
0.981782519349036
0.829765368620146
0.516361278814980
0.145551279004679
-0.104230364591033
-0.201478933679895
-0.173375322386522
-0.017263965994918
0.000732252174227
-0.155265752629419
-0.186493760548790
-0.088075019002748
0.154220702703034
0.528270921197234
0.848924306875222
1.000728912166549
1.000728912166555
0.848924306875216
0.528270921197239
0.154220702703834
-0.088075019002752
-0.186493760548791
-0.155265752629421
0.000732252174225
-0.001044990856933
0.078532759687831
0.090067918136256
0.039341327019163
-0.066315136601316
-0.187758713189978
-0.207411270244224
-0.099928975014689
0.097840029659858
0.389297766682269
0.731003307266678
0.965605524344269
0.980248533649186
0.806601276739608
0.477551005729949
-0.001044990856936
0.011125416199051
0.088177453765281
0.099031089174724
0.045444446252695
-0.062488135547389
-0.172525246293195
-0.188924762169289
-0.087260885347979
0.109751055255041
0.394194401476139
0.746975487752311
0.993358535095895
1.005892629964724
0.831839335813336
0.500479373189546
0.024925960933998
-0.004004713209167
-0.030998354545919
-0.034354475881291
-0.015418553281682
0.020929606969455
0.055780529374120
0.058237977984371
0.025347386696579
-0.029545055278976
-0.095941526677202
-0.145325969745848
-0.095903111552072
0.066830539867567
0.306458079394737
0.614288994302887
0.986702383637435
0.000560246305524
-0.027394665288981
-0.031079922910662
-0.013250043840409
0.022620583301660
0.061483608063839
0.063932734419196
0.028827774514031
-0.027653656921903
-0.092564500777278
-0.131403613529998
-0.077684758278214
0.081533618477473
0.320682240091923
0.626341058882310
1.000560246305524
