7
-1.000000000000000
-0.830223896278567
-0.468848793470714
0.000000000000000
0.468848793470714
0.830223896278567
1.000000000000000
19
-1.000000000000000
-0.888888888888889
-0.777777777777778
-0.666666666666667
-0.555555555555556
-0.444444444444444
-0.333333333333333
-0.222222222222222
-0.111111111111111
0.000000000000000
0.111111111111111
0.222222222222222
0.333333333333333
0.444444444444444
0.555555555555555
0.666666666666667
0.777777777777778
0.888888888888889
1.000000000000000
0.898513022132612
0.132814364978922
-0.119888875306044
-0.140217345458580
-0.060413895421581
0.014510958994506
0.057501415491472
0.061086971662298
0.035649507189328
-0.001162140255945
-0.031331717789527
-0.041671496499095
-0.030826584529494
-0.005803599467141
0.017105586039098
0.025191229084675
0.011466201798890
-0.017202959088079
-0.012668277281699
1.001834336505028
0.199177390229583
-0.090789303748551
-0.124461892101889
-0.058093283649703
0.021245555320054
0.064638459682410
0.066895430999992
0.038850733262835
0.001813794445775
-0.026774671832683
-0.037130924654505
-0.026972247857115
-0.003437921918375
0.020880224255260
0.030425555742017
0.015182849410091
-0.009956215261665
0.001834336505025
-0.002982912176655
0.909555015880908
0.943274082938182
0.616354837236425
0.218039437127547
-0.074448962980605
-0.206076869342540
-0.202960636429290
-0.112293083663059
-0.002906995107955
0.078436733501035
0.106116403745029
0.076606606322583
0.011271061587152
-0.054669426520151
-0.079659214845771
-0.038487632987359
0.028255555678736
-0.002982912176657
0.186198907789124
1.026582147485356
0.981063535688344
0.630870090656793
0.235760114975996
-0.050387052018802
-0.185714703936130
-0.188065875052485
-0.105921924549212
0.004245391906202
0.089736037092743
0.116946398288787
0.085340103098230
0.016059272667095
-0.045940107995960
-0.067266272351839
-0.030204599770018
0.045919690351719
0.033718267712250
-0.131253743304541
-0.234263284811682
0.197268114936653
0.639079970526711
0.929238411427486
0.994739516352582
0.852579182811707
0.579394300760440
0.260478401144199
-0.015011025670490
-0.181773831722966
-0.222227263240387
-0.152150407386928
-0.027410840319466
0.077877949078888
0.110964368036315
0.048870615389872
-0.072333177268122
-0.052177802973282
0.001481156971441
-0.158644623816677
0.202101132262802
0.661895896309144
0.963386298315921
1.021978637592595
0.873108243254547
0.586132597272365
0.269039873066086
0.001080369874251
-0.163557553868107
-0.205976491874712
-0.142690874885711
-0.022505194634221
0.089582788716094
0.127196273769456
0.058361050022741
-0.047928774192850
0.001481156971435
-0.000762210711484
0.079493238040985
-0.095089039799204
-0.226712963722122
-0.176145630095970
0.043256693936595
0.366942204041570
0.683759618854095
0.914726056095179
0.999999000000002
0.914726056095179
0.683759618851525
0.366942204050889
0.043256693913587
-0.176145630070791
-0.226712963750446
-0.095089039777623
0.079493238040791
-0.000762210711481
0.080307787059518
0.116342599332294
-0.084016376697505
-0.201645090534976
-0.153599265484784
0.058399398815990
0.370014311350389
0.696357233464150
0.935474132006790
1.022914832816918
0.935474132005289
0.696357233464076
0.370014311350420
0.058399398815926
-0.153599265484784
-0.201645090534975
-0.084016376697503
0.116342599332306
0.080307787059509
-0.052177802973282
-0.072333177268122
0.048870615389872
0.110964368036315
0.077877949078888
-0.027410840319466
-0.152150407386928
-0.222227263240387
-0.181773831722966
-0.015011025670490
0.260478401144199
0.579394300760440
0.852579182811707
0.994739516352582
0.929238411427486
0.639079970526711
0.197268114936653
-0.234263284811682
-0.131253743304541
0.001481156971435
-0.047928774192850
0.058361050022741
0.127196273769456
0.089582788716094
-0.022505194634221
-0.142690874885711
-0.205976491874712
-0.163557553868107
0.001080369874251
0.269039873066086
0.586132597272365
0.873108243254547
1.021978637592595
0.963386298315921
0.661895896309144
0.202101132262802
-0.158644623816677
0.001481156971441
-0.002982912176657
0.028255555678736
-0.038487632987359
-0.079659214845771
-0.054669426520151
0.011271061587152
0.076606606322583
0.106116403745029
0.078436733501035
-0.002906995107955
-0.112293083663059
-0.202960636429290
-0.206076869342540
-0.074448962980605
0.218039437127547
0.616354837236425
0.943274082938182
0.909555015880908
-0.002982912176655
0.033718267712250
0.045919690351719
-0.030204599770018
-0.067266272351839
-0.045940107995960
0.016059272667095
0.085340103098230
0.116946398288787
0.089736037092743
0.004245391906202
-0.105921924549212
-0.188065875052485
-0.185714703936130
-0.050387052018802
0.235760114975996
0.630870090656793
0.981063535688344
1.026582147485356
0.186198907789124
-0.012668277281699
-0.017202959088079
0.011466201798890
0.025191229084675
0.017105586039098
-0.005803599467141
-0.030826584529494
-0.041671496499095
-0.031331717789527
-0.001162140255945
0.035649507189328
0.061086971662298
0.057501415491472
0.014510958994506
-0.060413895421581
-0.140217345458580
-0.119888875306044
0.132814364978922
0.898513022132612
0.001834336505025
-0.009956215261665
0.015182849410091
0.030425555742017
0.020880224255260
-0.003437921918375
-0.026972247857115
-0.037130924654505
-0.026774671832683
0.001813794445775
0.038850733262835
0.066895430999992
0.064638459682410
0.021245555320054
-0.058093283649703
-0.124461892101889
-0.090789303748551
0.199177390229583
1.001834336505028
