6
-1.000000000000000
-0.765055323929465
-0.285231516480645
0.285231516480645
0.765055323929466
1.000000000000000
17
-1.000000000000000
-0.973132176630162
-0.910879995918609
-0.815696251218936
-0.691028980629032
-0.541385399329780
-0.372174433565508
-0.189511973518317
-0.000000000000000
0.189511973518318
0.372174433565472
0.541385399330124
0.691028980627669
0.815696251221731
0.910879995915640
0.973132176631392
1.000000000000000
0.999521171892266
0.802222451763484
0.436919039283429
0.081667245932663
-0.121671143547946
-0.139124964234936
-0.046371415893276
0.038909241774874
0.062496108232545
0.026445034291511
-0.025387623859305
-0.043267514375373
-0.019194393765813
0.011189033447754
0.021391662299731
0.010980540195704
-0.000130874867289
1.000903827385284
0.811317479645153
0.458694992097505
0.112194452177732
-0.094419012919081
-0.124341245551804
-0.043121710002078
0.049840218780980
0.071856016741543
0.029541252209024
-0.020192855665868
-0.036355887842324
-0.016430560666901
0.014064968075501
0.025882820035821
0.013332951236219
0.001032445046401
-0.001644186533118
0.248504245824910
0.667929760423172
0.964655974857025
0.941713476233662
0.609954461068190
0.150097605881780
-0.168789007188265
-0.220521764868936
-0.085094848231709
0.059019268411847
0.103097768882990
0.046317589838139
-0.037759989479570
-0.069508751481827
-0.035200349158717
-0.001995537271081
0.001105883144314
0.265411261806663
0.707851148482118
1.016111123819491
0.981481239972718
0.620164295010173
0.175117830777474
-0.130583230771571
-0.194591853754443
-0.078452837903033
0.073904994762714
0.121161148532607
0.053027331836801
-0.030567648138942
-0.058058972335720
-0.029638668262471
0.000412966209474
-0.001136613974598
-0.104705379920869
-0.214526220745519
-0.141917410211430
0.199546019928399
0.645798332860455
0.958134842147471
0.951554829432897
0.631537238559743
0.175005826816590
-0.161798539507467
-0.227307513107520
-0.095325169478335
0.053058810648366
0.098405769991172
0.049449108361960
-0.000802606597984
0.001136309063572
-0.090737271106750
-0.188496050637292
-0.110655177926234
0.209198723859147
0.672790957200080
1.005339764909486
0.996721865102233
0.650426995841139
0.193043374168274
-0.126066019112510
-0.199292533131979
-0.085449429444272
0.064660466118556
0.116038378258493
0.057067921880809
0.001703445198764
-0.000802606597984
0.049449108361960
0.098405769991172
0.053058810648366
-0.095325169478335
-0.227307513107520
-0.161798539507467
0.175005826816590
0.631537238559743
0.951554829432897
0.958134842147471
0.645798332860455
0.199546019928399
-0.141917410211430
-0.214526220745519
-0.104705379920869
-0.001136613974598
0.001703445198764
0.057067921880809
0.116038378258493
0.064660466118556
-0.085449429444272
-0.199292533131979
-0.126066019112510
0.193043374168274
0.650426995841139
0.996721865102233
1.005339764909486
0.672790957200080
0.209198723859147
-0.110655177926234
-0.188496050637292
-0.090737271106750
0.001136309063572
-0.001995537271081
-0.035200349158717
-0.069508751481827
-0.037759989479570
0.046317589838139
0.103097768882990
0.059019268411847
-0.085094848231709
-0.220521764868936
-0.168789007188265
0.150097605881780
0.609954461068190
0.941713476233662
0.964655974857025
0.667929760423172
0.248504245824910
-0.001644186533118
0.000412966209474
-0.029638668262471
-0.058058972335720
-0.030567648138942
0.053027331836801
0.121161148532607
0.073904994762714
-0.078452837903033
-0.194591853754443
-0.130583230771571
0.175117830777474
0.620164295010173
0.981481239972718
1.016111123819491
0.707851148482118
0.265411261806663
0.001105883144314
-0.000130874867289
0.010980540195704
0.021391662299731
0.011189033447754
-0.019194393765813
-0.043267514375373
-0.025387623859305
0.026445034291511
0.062496108232545
0.038909241774874
-0.046371415893276
-0.139124964234936
-0.121671143547946
0.081667245932663
0.436919039283429
0.802222451763484
0.999521171892266
0.001032445046401
0.013332951236219
0.025882820035821
0.014064968075501
-0.016430560666901
-0.036355887842324
-0.020192855665868
0.029541252209024
0.071856016741543
0.049840218780980
-0.043121710002078
-0.124341245551804
-0.094419012919081
0.112194452177732
0.458694992097505
0.811317479645153
1.000903827385284
