7
-1.000000000000000
-0.830223896278567
-0.468848793470714
0.000000000000000
0.468848793470714
0.830223896278567
1.000000000000000
15
-1.000000000000000
-0.857142857142857
-0.714285714285714
-0.571428571428571
-0.428571428571429
-0.285714285714286
-0.142857142857143
0.000000000000000
0.142857142857143
0.285714285714286
0.428571428571428
0.571428571428571
0.714285714285714
0.857142857142857
1.000000000000000
0.838457985544254
-0.019136029396119
-0.153910525609700
-0.079319986852044
0.023076119227531
0.063524190808748
0.044781095306014
-0.002080225279270
-0.038598485978025
-0.039457273465588
-0.010205816035608
0.019397046110939
0.021789158355526
-0.012148863735650
-0.018894629551086
1.002276065992703
0.076783420590060
-0.129365483241034
-0.069432458074856
0.033999743855410
0.074175988567916
0.050690446706270
0.002249765858812
-0.031443737975537
-0.033117422874085
-0.006957174392367
0.026187665475806
0.028928838233062
-0.003655020005163
0.002276065992700
-0.003542011936185
0.982467401654317
0.777008114200562
0.261294060955813
-0.119145892876118
-0.227911034875975
-0.148939934783868
-0.003431979865011
0.091943943730840
0.094777291493454
0.021717019010182
-0.068366102050663
-0.074688149669126
0.012202061451568
-0.003542011936187
0.291894910452655
1.149117219723566
0.796411325101306
0.286930606465575
-0.079159080798979
-0.200719260364255
-0.134421837337348
0.007080235728090
0.109850975593239
0.109456092894360
0.027927165942172
-0.052171735970589
-0.058044745744926
0.032604127475758
0.049992439024082
-0.209036945388495
-0.179844163464431
0.459726347355609
0.900935406130587
0.985837995669692
0.746199464425061
0.347886509072695
-0.025007481745258
-0.217196296901400
-0.201012777019002
-0.046317492253074
0.087910262531979
0.094713930131173
-0.051753996495967
-0.078018450988516
0.001477768136667
-0.085059220798825
0.484857258669605
0.957052529394990
1.028471127610848
0.770671877087713
0.357040913523562
0.000996222976309
-0.188211937144901
-0.180106387936119
-0.041819427202109
0.111811199379212
0.116199177398669
-0.023562788198568
0.001477768136661
-0.000964120674379
0.040313569409402
-0.199347920248487
-0.216511267434198
0.081388440411742
0.508115513022445
0.861546921703477
0.999999000000002
0.861546921703505
0.508115513008613
0.081388441654041
-0.216511269204173
-0.199347918702742
0.040313569395353
-0.000964120674376
0.120908227545764
0.084227109807623
-0.168092226461760
-0.171644141688688
0.098646708772152
0.518227374481349
0.893400795939120
1.036984725609435
0.893400795939120
0.518227374480503
0.098646708772222
-0.171644141688688
-0.168092226461758
0.084227109881359
0.120908227451712
-0.078018450988516
-0.051753996495967
0.094713930131173
0.087910262531979
-0.046317492253074
-0.201012777019002
-0.217196296901400
-0.025007481745258
0.347886509072695
0.746199464425061
0.985837995669692
0.900935406130587
0.459726347355609
-0.179844163464431
-0.209036945388495
0.001477768136661
-0.023562788198568
0.116199177398669
0.111811199379212
-0.041819427202109
-0.180106387936119
-0.188211937144901
0.000996222976309
0.357040913523562
0.770671877087713
1.028471127610848
0.957052529394990
0.484857258669605
-0.085059220798825
0.001477768136667
-0.003542011936187
0.012202061451568
-0.074688149669126
-0.068366102050663
0.021717019010182
0.094777291493454
0.091943943730840
-0.003431979865011
-0.148939934783868
-0.227911034875975
-0.119145892876118
0.261294060955813
0.777008114200562
0.982467401654317
-0.003542011936185
0.049992439024082
0.032604127475758
-0.058044745744926
-0.052171735970589
0.027927165942172
0.109456092894360
0.109850975593239
0.007080235728090
-0.134421837337348
-0.200719260364255
-0.079159080798979
0.286930606465575
0.796411325101306
1.149117219723566
0.291894910452655
-0.018894629551086
-0.012148863735650
0.021789158355526
0.019397046110939
-0.010205816035608
-0.039457273465588
-0.038598485978025
-0.002080225279270
0.044781095306014
0.063524190808748
0.023076119227531
-0.079319986852044
-0.153910525609700
-0.019136029396119
0.838457985544254
0.002276065992700
-0.003655020005163
0.028928838233062
0.026187665475806
-0.006957174392367
-0.033117422874085
-0.031443737975537
0.002249765858812
0.050690446706270
0.074175988567916
0.033999743855410
-0.069432458074856
-0.129365483241034
0.076783420590060
1.002276065992703
