7
-1.000000000000000
-0.830223896278567
-0.468848793470714
0.000000000000000
0.468848793470714
0.830223896278567
1.000000000000000
13
-1.000000000000000
-0.833333333333333
-0.666666666666667
-0.500000000000000
-0.333333333333333
-0.166666666666667
0.000000000000000
0.166666666666667
0.333333333333333
0.500000000000000
0.666666666666667
0.833333333333333
1.000000000000000
0.788611971022218
-0.111422371380742
-0.139511469025991
-0.021066860914438
0.057476555255979
0.050907212606309
-0.002567185829184
-0.043812425970655
-0.032876240438016
0.006712552031124
0.025204761316873
-0.006792093737764
-0.023382710923393
1.001714332738865
0.007737143261317
-0.124659281915087
-0.012221592430951
0.074143266281141
0.057291633361578
0.001693534278014
-0.034745078213640
-0.027092251623277
0.010368250667551
0.036069945711250
0.001903458799787
0.001714332738862
-0.002935366719569
0.999779373078643
0.615408764602433
0.024943557670270
-0.228277534039219
-0.174573862636221
-0.002813315027598
0.099940102671529
0.076654151779669
-0.026952204624780
-0.094795641623363
-0.003301722491866
-0.002935366719571
0.384833451162694
1.198019335978020
0.620289825002192
0.074868609829246
-0.185861651149931
-0.154036503011285
0.008786117025635
0.123835723918991
0.090471881660712
-0.018113951072637
-0.067522145513522
0.018235319518750
0.061900844681464
-0.269859475782578
-0.116651076007036
0.639448921241346
0.990809347778655
0.852387279388662
0.416421922568974
-0.033463049409166
-0.239018651392074
-0.163108281660959
0.030926701057950
0.110981758698424
-0.029360092391756
-0.097377253032701
0.001191932044301
-0.010650668425428
0.689847044319699
1.068620445523817
0.889073324124035
0.427478819070643
0.000641607670167
-0.200317607249432
-0.142980099812852
0.044681217515440
0.151100252287142
0.000848226711769
0.001191932044295
-0.001109105274265
0.002233396990366
-0.262198487516991
-0.106732390076189
0.361693614060132
0.814331639439584
0.999999000000002
0.814331639439847
0.361693613973157
-0.106732389922808
-0.262198487692984
0.002233397060656
-0.001109105274262
0.153562277018088
0.049047384950451
-0.201645090534316
-0.064853129390044
0.372481021068347
0.854064929524025
1.052360876465893
0.854064929519412
0.372481021070327
-0.064853129389813
-0.201645090534975
0.049047385059753
0.153562276873958
-0.097377253032701
-0.029360092391756
0.110981758698424
0.030926701057950
-0.163108281660959
-0.239018651392074
-0.033463049409166
0.416421922568974
0.852387279388662
0.990809347778655
0.639448921241346
-0.116651076007036
-0.269859475782578
0.001191932044295
0.000848226711769
0.151100252287142
0.044681217515440
-0.142980099812852
-0.200317607249432
0.000641607670167
0.427478819070643
0.889073324124035
1.068620445523817
0.689847044319699
-0.010650668425428
0.001191932044301
-0.002935366719571
-0.003301722491866
-0.094795641623363
-0.026952204624780
0.076654151779669
0.099940102671529
-0.002813315027598
-0.174573862636221
-0.228277534039219
0.024943557670270
0.615408764602433
0.999779373078643
-0.002935366719569
0.061900844681464
0.018235319518750
-0.067522145513522
-0.018113951072637
0.090471881660712
0.123835723918991
0.008786117025635
-0.154036503011285
-0.185861651149931
0.074868609829246
0.620289825002192
1.198019335978020
0.384833451162694
-0.023382710923393
-0.006792093737764
0.025204761316873
0.006712552031124
-0.032876240438016
-0.043812425970655
-0.002567185829184
0.050907212606309
0.057476555255979
-0.021066860914438
-0.139511469025991
-0.111422371380742
0.788611971022218
0.001714332738862
0.001903458799787
0.036069945711250
0.010368250667551
-0.027092251623277
-0.034745078213640
0.001693534278014
0.057291633361578
0.074143266281141
-0.012221592430951
-0.124659281915087
0.007737143261317
1.001714332738865
