7
-1.000000000000000
-0.830223896278567
-0.468848793470714
0.000000000000000
0.468848793470714
0.830223896278567
1.000000000000000
9
-1.000000000000000
-0.750000000000000
-0.500000000000000
-0.250000000000000
0.000000000000000
0.250000000000000
0.500000000000000
0.750000000000000
1.000000000000000
0.576374609867990
-0.299442532504994
-0.020510192252189
0.063551856445311
-0.008728443358841
-0.053874238784561
0.006673516691218
0.015304003138859
-0.034665793376435
1.000277585793726
-0.117598487304689
-0.003950613776067
0.098164363996067
0.000198453953944
-0.038005879169629
0.021569142916898
0.028595701295956
0.000277585793723
-0.000434395765770
0.883420359625630
-0.017434852195833
-0.289483095410796
-0.000185590586677
0.106387743916368
-0.058164907423898
-0.076235861003773
-0.000434395765773
0.750049317919509
1.159385944694118
0.074868609829246
-0.197813100918028
0.027455818836569
0.150666667652354
-0.017888250347984
-0.040506212390522
0.092456308906092
-0.482740804768350
0.211477132500158
0.991145764856405
0.655053506555854
-0.079380631174758
-0.276547656448319
0.031039044203075
0.065348451372533
-0.147570925315226
0.000883729893715
0.358471139280233
1.205340082548452
0.679545978429548
0.000176795445965
-0.199654964060209
0.099119353692954
0.124349369213171
0.000883729893708
-0.001558743881251
-0.207333108150755
-0.209698144825667
0.609200717048884
0.999999000000002
0.609200717047589
-0.209698144568290
-0.207333108354164
-0.001558743881248
0.244833367973482
-0.111121591172213
-0.065623999999997
0.658475307496198
1.135560671312311
0.658475307490900
-0.065623999998349
-0.111121593177417
0.244833370702980
-0.147570925315226
0.065348451372533
0.031039044203075
-0.276547656448319
-0.079380631174758
0.655053506555854
0.991145764856405
0.211477132500158
-0.482740804768350
0.000883729893708
0.124349369213171
0.099119353692954
-0.199654964060209
0.000176795445965
0.679545978429548
1.205340082548452
0.358471139280233
0.000883729893715
-0.000434395765773
-0.076235861003773
-0.058164907423898
0.106387743916368
-0.000185590586677
-0.289483095410796
-0.017434852195833
0.883420359625630
-0.000434395765770
0.092456308906092
-0.040506212390522
-0.017888250347984
0.150666667652354
0.027455818836569
-0.197813100918028
0.074868609829246
1.159385944694118
0.750049317919509
-0.034665793376435
0.015304003138859
0.006673516691218
-0.053874238784561
-0.008728443358841
0.063551856445311
-0.020510192252189
-0.299442532504994
0.576374609867990
0.000277585793723
0.028595701295956
0.021569142916898
-0.038005879169629
0.000198453953944
0.098164363996067
-0.003950613776067
-0.117598487304689
1.000277585793726
