5
-1.000000000000000
-0.654653670707977
0.000000000000000
0.654653670707977
1.000000000000000
18
-1.000000000000000
-0.982973099683902
-0.932472229404356
-0.850217135729614
-0.739008917220659
-0.602634636379256
-0.445738355776538
-0.273662990072083
-0.092268359463302
0.092268359463302
0.273662990072083
0.445738355776538
0.602634636379256
0.739008917220659
0.850217135729614
0.932472229404356
0.982973099683902
1.000000000000000
0.999903430597026
0.914811785264877
0.687467733135782
0.391390854066677
0.114376617199873
-0.072548490374454
-0.142703359649141
-0.113829582304954
-0.037136008706902
0.030783178149340
0.061465580737086
0.049629197443152
0.013541464564112
-0.022274853374309
-0.035848408898166
-0.026438405589392
-0.008603409949555
-0.000096569402975
1.000627163015210
0.917311711501482
0.695385825013341
0.405306127875885
0.132240441066827
-0.055269555438984
-0.129267458238200
-0.107467989769412
-0.035409081147566
0.036598094669628
0.067625824470212
0.053880716100293
0.014538955045580
-0.019469322038164
-0.032400354548177
-0.023930353559865
-0.007485716180830
0.000538932034427
-0.001177701379603
0.110551101185487
0.394128649024410
0.723625925319531
0.954375280441704
0.985083944791949
0.801833864118852
0.477608403819310
0.124487388977143
-0.125964229400817
-0.216029377856962
-0.162891957909569
-0.042173586726923
0.057261004002177
0.093505494070072
0.068527403100544
0.021685626026247
-0.001032337937270
0.000351238374627
0.115360213277573
0.408869693484290
0.749094136398021
0.985159162795043
1.012438296680991
0.818382458997547
0.481109419854628
0.139687796476171
-0.105039899783640
-0.196740063705468
-0.152084777096282
-0.039731987760682
0.065412574846419
0.102684974257211
0.075238652172752
0.024265103275158
0.000351238374630
-0.000445970676965
-0.045533095429090
-0.145541503499355
-0.206642801549759
-0.143325178438590
0.087215340270313
0.429446454256844
0.763190899142537
0.971789950084887
0.971789950084887
0.763190899142537
0.429446454256845
0.087215340270719
-0.143325178439063
-0.206642801549339
-0.145541503499910
-0.045533095428776
-0.000445970676967
0.000814265473476
-0.042147021701163
-0.134204453912006
-0.190130123050886
-0.124500333806121
0.097420270808075
0.434829466074770
0.782717691669624
1.000411673477589
1.000411673477586
0.782717691669628
0.434829466074769
0.097420270808075
-0.124500333806122
-0.190130123050887
-0.134204453912008
-0.042147021634107
0.000814264408092
-0.001032337937270
0.021685626026247
0.068527403100544
0.093505494070072
0.057261004002177
-0.042173586726923
-0.162891957909569
-0.216029377856962
-0.125964229400817
0.124487388977143
0.477608403819310
0.801833864118852
0.985083944791949
0.954375280441704
0.723625925319531
0.394128649024410
0.110551101185487
-0.001177701379603
0.000351238374630
0.024265103275158
0.075238652172752
0.102684974257211
0.065412574846419
-0.039731987760682
-0.152084777096282
-0.196740063705468
-0.105039899783640
0.139687796476171
0.481109419854628
0.818382458997547
1.012438296680991
0.985159162795043
0.749094136398021
0.408869693484290
0.115360213277573
0.000351238374627
-0.000096569402975
-0.008603409949555
-0.026438405589392
-0.035848408898166
-0.022274853374309
0.013541464564112
0.049629197443152
0.061465580737086
0.030783178149340
-0.037136008706902
-0.113829582304954
-0.142703359649141
-0.072548490374454
0.114376617199873
0.391390854066677
0.687467733135782
0.914811785264877
0.999903430597026
0.000538932034427
-0.007485716180830
-0.023930353559865
-0.032400354548177
-0.019469322038164
0.014538955045580
0.053880716100293
0.067625824470212
0.036598094669628
-0.035409081147566
-0.107467989769412
-0.129267458238200
-0.055269555438984
0.132240441066827
0.405306127875885
0.695385825013341
0.917311711501482
1.000627163015210
