5
-1.000000000000000
-0.654653670707977
0.000000000000000
0.654653670707977
1.000000000000000
14
-1.000000000000000
-0.970941817426052
-0.885456025653210
-0.748510748171101
-0.568064746731156
-0.354604887042536
-0.120536680255323
0.120536680255323
0.354604887042535
0.568064746731156
0.748510748171101
0.885456025653210
0.970941817426052
1.000000000000000
0.999907091120558
0.854602548722273
0.499228937523001
0.120340980663585
-0.111445680270259
-0.143519077659242
-0.049979775968025
0.038404176168052
0.060633392785489
0.022652937160176
-0.025496675320021
-0.037205075694738
-0.014257215464651
-0.000110238150057
1.000540606065188
0.861258710485249
0.519564215206149
0.150817893358538
-0.082216232692089
-0.126970325392357
-0.047164210842231
0.049114334867520
0.069954055940962
0.025498726961034
-0.021204160869564
-0.031064027515346
-0.012215348917116
0.000540606065186
-0.000900052738487
0.184067427553345
0.600835159776129
0.942928401786802
0.959906069316898
0.638034209235232
0.165619212856359
-0.167966602520711
-0.216030066299819
-0.074206692067294
0.062335198726165
0.089377273089854
0.035182967899618
-0.000900052738484
0.000317434001475
0.196339443437276
0.638976549063465
0.995320422773104
1.005170173388812
0.652035299925038
0.188185430106578
-0.129533145981670
-0.189837337238786
-0.067715560530991
0.074837889270211
0.105879898547863
0.040392927521154
0.000357502639485
-0.000375110756334
-0.078660369464002
-0.203831159554707
-0.168432169317385
0.154331386492569
0.617535939392035
0.952061249528538
0.952061249528545
0.617535939389378
0.154331387245691
-0.168432170313458
-0.203831158786476
-0.078660369945327
-0.000375110756337
0.000457915848939
-0.068554734331700
-0.178973598055782
-0.135125370210259
0.167709773845608
0.640332604456097
1.000454575841259
1.000454575841264
0.640332604456095
0.167709773845608
-0.135125370210260
-0.178973598054734
-0.068554734539528
0.000457915848937
-0.000900052738484
0.035182967899618
0.089377273089854
0.062335198726165
-0.074206692067294
-0.216030066299819
-0.167966602520711
0.165619212856359
0.638034209235232
0.959906069316898
0.942928401786802
0.600835159776129
0.184067427553345
-0.000900052738487
0.000357502639485
0.040392927521154
0.105879898547863
0.074837889270211
-0.067715560530991
-0.189837337238786
-0.129533145981670
0.188185430106578
0.652035299925038
1.005170173388812
0.995320422773104
0.638976549063465
0.196339443437276
0.000317434001475
-0.000110238150057
-0.014257215464651
-0.037205075694738
-0.025496675320021
0.022652937160176
0.060633392785489
0.038404176168052
-0.049979775968025
-0.143519077659242
-0.111445680270259
0.120340980663585
0.499228937523001
0.854602548722273
0.999907091120558
0.000540606065186
-0.012215348917116
-0.031064027515346
-0.021204160869564
0.025498726961034
0.069954055940962
0.049114334867520
-0.047164210842231
-0.126970325392357
-0.082216232692089
0.150817893358538
0.519564215206149
0.861258710485249
1.000540606065188
