7
-1.000000000000000
-0.830223896278567
-0.468848793470714
0.000000000000000
0.468848793470714
0.830223896278567
1.000000000000000
12
-1.000000000000000
-0.818181818181818
-0.636363636363636
-0.454545454545455
-0.272727272727273
-0.090909090909091
0.090909090909091
0.272727272727273
0.454545454545455
0.636363636363636
0.818181818181818
1.000000000000000
0.754963176597644
-0.161344780794951
-0.119886038197035
0.008638122032794
0.064022197620628
0.029331653328877
-0.031122775698525
-0.044423854894216
-0.003608716561540
0.025054051886815
-0.002893753191869
-0.026235400816470
1.000596323200521
-0.027381630346909
-0.112610335754210
0.020717926030526
0.080421794378006
0.031545157038309
-0.023988238205350
-0.036042459397380
-0.002348334731016
0.036839496519875
0.005729806741568
0.000596323200518
-0.000810891648994
0.996836019502396
0.496980593898824
-0.095476383643537
-0.235953680356769
-0.097302883620661
0.069390401296849
0.101121436551496
0.006805713648008
-0.098026437175558
-0.014256313839795
-0.000810891648997
0.451351703147868
1.211055524328847
0.511796796409540
-0.030430266299618
-0.201057399530860
-0.086533615824736
0.090994914186043
0.122454542668948
0.010221109302817
-0.066981520528564
0.008103612482914
0.069885195041377
-0.309537316222700
-0.068426275673197
0.738708018896646
0.998179871297465
0.713957882095090
0.190748003083752
-0.195171158933749
-0.219780079870868
-0.016859589611981
0.111013707415250
-0.013451781428685
-0.109677067189357
0.000236135122489
0.042957946064791
0.805563588037075
1.086659434715620
0.737596069298198
0.213629356688108
-0.144036187521010
-0.189060219777011
-0.010426841432826
0.160248201515242
0.020467334817324
0.000236135122483
-0.000173166557149
-0.028633307096685
-0.287843260865030
0.001521641800368
0.546234193441627
0.943004631756402
0.943004631756402
0.546234193441618
0.001521641803186
-0.287843260869043
-0.028633307094171
-0.000173166557146
0.172680196639768
0.023007112056346
-0.206721094243435
0.033722076584109
0.567213050495728
1.000913826361116
1.000913826361105
0.567213050495736
0.033722076584109
-0.206721094243434
0.023007112056312
0.172680196639819
-0.109677067189357
-0.013451781428685
0.111013707415250
-0.016859589611981
-0.219780079870868
-0.195171158933749
0.190748003083752
0.713957882095090
0.998179871297465
0.738708018896646
-0.068426275673197
-0.309537316222700
0.000236135122483
0.020467334817324
0.160248201515242
-0.010426841432826
-0.189060219777011
-0.144036187521010
0.213629356688108
0.737596069298198
1.086659434715620
0.805563588037075
0.042957946064791
0.000236135122489
-0.000810891648997
-0.014256313839795
-0.098026437175558
0.006805713648008
0.101121436551496
0.069390401296849
-0.097302883620661
-0.235953680356769
-0.095476383643537
0.496980593898824
0.996836019502396
-0.000810891648994
0.069885195041377
0.008103612482914
-0.066981520528564
0.010221109302817
0.122454542668948
0.090994914186043
-0.086533615824736
-0.201057399530860
-0.030430266299618
0.511796796409540
1.211055524328847
0.451351703147868
-0.026235400816470
-0.002893753191869
0.025054051886815
-0.003608716561540
-0.044423854894216
-0.031122775698525
0.029331653328877
0.064022197620628
0.008638122032794
-0.119886038197035
-0.161344780794951
0.754963176597644
0.000596323200518
0.005729806741568
0.036839496519875
-0.002348334731016
-0.036042459397380
-0.023988238205350
0.031545157038309
0.080421794378006
0.020717926030526
-0.112610335754210
-0.027381630346909
1.000596323200521
