3
-1.000000000000000
0.000000000000000
1.000000000000000
5
-1.000000000000000
-0.500500503394199
0.000000000000000
0.500500503394199
1.000000000000000
0.968936406055371
0.344187035313259
-0.031313595153970
-0.156313468080484
-0.031063593949102
1.000250999752402
0.375501629373074
0.000001000000000
-0.124998874021401
0.000250999752400
-0.000500999465161
0.749498246102153
0.999998999478355
0.749498246102154
-0.000500999465161
0.062126185862680
0.812125434834929
1.062626188216148
0.812125434873559
0.062126185843787
-0.031063593949102
-0.156313468080484
-0.031313595153970
0.344187035313259
0.968936406055371
0.000250999752400
-0.124998874021401
0.000001000000000
0.375501629373074
1.000250999752402
