4
-1.000000000000000
-0.447213595499958
0.447213595499958
1.000000000000000
13
-1.000000000000000
-0.978228658146057
-0.887062599768095
-0.730152005574049
-0.519096129206812
-0.269543155952345
0.000000000000000
0.269543155952345
0.519096129206812
0.730152005574049
0.887062599768095
0.978228658146057
1.000000000000000
0.999916797097173
0.933830927084144
0.682757800712017
0.342334366495853
0.043434605820268
-0.121178295523042
-0.137109946397472
-0.060578220578953
0.020837100001341
0.056153924158221
0.041424442351331
0.010242530098391
-0.000083202902827
1.000176992129756
0.935987085351991
0.692175627532834
0.360231122859854
0.065971203139967
-0.100938797080272
-0.124945956288377
-0.057977832752489
0.025754972654780
0.063859520419946
0.045476203973399
0.011684478459396
0.000176992129756
-0.000336565435618
0.085565439245599
0.397405394563272
0.768174828392349
0.986502739018319
0.928686194911163
0.624764947080726
0.220564037814527
-0.096950278260233
-0.206278243561753
-0.144688974534070
-0.034829108257253
-0.000336565435619
0.000242776208689
0.089950200100126
0.415094893834420
0.801959528733511
1.025809759132602
0.961108758887156
0.637504078954283
0.230482830249904
-0.073311042159627
-0.184559875410424
-0.131005464447438
-0.031795054695982
0.000242776208688
-0.000336565435619
-0.034829108257253
-0.144688974534070
-0.206278243561753
-0.096950278260233
0.220564037814527
0.624764947080726
0.928686194911163
0.986502739018319
0.768174828392349
0.397405394563272
0.085565439245599
-0.000336565435618
0.000242776208688
-0.031795054695982
-0.131005464447438
-0.184559875410424
-0.073311042159627
0.230482830249904
0.637504078954283
0.961108758887156
1.025809759132602
0.801959528733511
0.415094893834420
0.089950200100126
0.000242776208689
-0.000083202902827
0.010242530098391
0.041424442351331
0.056153924158221
0.020837100001341
-0.060578220578953
-0.137109946397472
-0.121178295523042
0.043434605820268
0.342334366495853
0.682757800712017
0.933830927084144
0.999916797097173
0.000176992129756
0.011684478459396
0.045476203973399
0.063859520419946
0.025754972654780
-0.057977832752489
-0.124945956288377
-0.100938797080272
0.065971203139967
0.360231122859854
0.692175627532834
0.935987085351991
1.000176992129756
