5
-1.000000000000000
-0.654653670707977
0.000000000000000
0.654653670707977
1.000000000000000
7
-1.000000000000000
-0.906179845938664
-0.538469310105683
0.000000000000000
0.538469310105683
0.906179845938664
1.000000000000000
0.999964977988217
0.423173609274067
-0.220430137182030
-0.000001000000000
0.030125996387062
-0.065331638046591
-0.000035022011784
1.000728418512774
0.593601632181261
-0.100481568805083
0.036478538392270
0.089131067547738
-0.028603765351936
0.000728418512772
-0.000877954635342
0.516434198649616
0.931345944528629
-0.157266648906636
-0.237923718816982
0.082698638672849
-0.000877954635339
0.000688982357100
0.857137584443049
1.090897461491976
0.000001000000000
-0.089899225685312
0.197253845298022
0.000688982357102
-0.001509219470890
-0.413048366936581
0.186884545959188
0.999998999999999
0.186884528212444
-0.413048336440607
-0.001509219470893
0.000586605547637
-0.163822639396605
0.290676910216220
1.259673960899799
0.290676910216220
-0.163822639395863
0.000586605547634
-0.000877954635339
0.082698638672849
-0.237923718816982
-0.157266648906636
0.931345944528629
0.516434198649616
-0.000877954635342
0.000688982357102
0.197253845298022
-0.089899225685312
0.000001000000000
1.090897461491976
0.857137584443049
0.000688982357100
-0.000035022011784
-0.065331638046591
0.030125996387062
-0.000001000000000
-0.220430137182030
0.423173609274067
0.999964977988217
0.000728418512772
-0.028603765351936
0.089131067547738
0.036478538392270
-0.100481568805083
0.593601632181261
1.000728418512774
