8
-1.000000000000000
-0.871740148509605
-0.591700181433143
-0.209299217902479
0.209299217902479
0.591700181433142
0.871740148509605
1.000000000000000
6
-1.000000000000000
-0.592624755383600
-0.220232125999015
0.220232125999015
0.592624755383600
1.000000000000000
-0.040088651002763
-0.214023328797575
-0.025951320915686
-0.057833868543344
-0.013093035338218
-0.029125917445545
1.000003492305188
0.029603956808585
0.125888930667607
0.016525889297232
0.040659101767193
0.007633432632034
-0.000008698443520
-0.164526257911061
-0.260609661032896
-0.047765073910221
-0.103330131245200
-0.020094406611590
1.543474263924930
0.125818882213441
0.098160332285532
0.125362502779818
0.035882184663072
0.073138296389459
-0.480425227854812
0.999986713052553
-0.250512760994618
-0.166786883799643
-0.060307268041918
-0.113208185143924
0.000688765230907
1.223161571408071
0.026735446520584
0.103103230344412
0.135167674924806
0.033218289145061
-0.164242975862910
-0.234057562792838
0.998829858033067
-0.238985460800242
-0.182225252440687
-0.052612476417901
0.119127970387913
-0.002105546277660
1.295556383879923
-0.025422350658583
0.107487276235370
0.131880561593419
-0.052612476417901
-0.182225252440687
-0.238985460800242
0.998829858033067
-0.234057562792838
-0.164242975862910
0.131880561593419
0.107487276235370
-0.025422350658583
1.295556383879923
-0.002105546277660
0.119127970387913
-0.113208185143924
-0.060307268041918
-0.166786883799643
-0.250512760994618
0.999986713052553
-0.480425227854812
0.033218289145061
0.135167674924806
0.103103230344412
0.026735446520584
1.223161571408071
0.000688765230907
-0.020094406611590
-0.103330131245200
-0.047765073910221
-0.260609661032896
-0.164526257911061
-0.000008698443520
0.073138296389459
0.035882184663072
0.125362502779818
0.098160332285532
0.125818882213441
1.543474263924930
-0.029125917445545
-0.013093035338218
-0.057833868543344
-0.025951320915686
-0.214023328797575
-0.040088651002763
0.007633432632034
0.040659101767193
0.016525889297232
0.125888930667607
0.029603956808585
1.000003492305188
