5
-1.000000000000000
-0.654653670707977
0.000000000000000
0.654653670707977
1.000000000000000
7
-1.000000000000000
-0.866025403784439
-0.500000000000000
-0.000000000000000
0.500000000000000
0.866025403784439
1.000000000000000
0.999934808781512
0.295679521746977
-0.219751761917744
-0.000001000000000
0.039048212488833
-0.053634162151600
-0.001465748816027
1.000322087784576
0.454565267250035
-0.117186500000000
0.032267930115484
0.089424008088253
-0.032367902883377
0.000322087784575
-0.000457073221115
0.672190549647688
0.883921047847765
-0.140383225818641
-0.247906017031460
0.093140473835405
-0.000457073221112
0.000716740683841
0.967638259708883
1.026826946551114
0.000001000000000
-0.117807459551329
0.162715365038684
0.002621759737177
-0.001438292657787
-0.388137882412882
0.280402982563604
0.999998999999999
0.280402982254951
-0.388137881929460
-0.001438292657790
0.000292130860744
-0.187498999999991
0.375194063845636
1.235416012366693
0.375194063859130
-0.187499000000000
0.000292130860742
-0.000457073221112
0.093140473835405
-0.247906017031460
-0.140383225818641
0.883921047847765
0.672190549647688
-0.000457073221115
0.002621759737177
0.162715365038684
-0.117807459551329
0.000001000000000
1.026826946551114
0.967638259708883
0.000716740683841
-0.001465748816027
-0.053634162151600
0.039048212488833
-0.000001000000000
-0.219751761917744
0.295679521746977
0.999934808781512
0.000322087784575
-0.032367902883377
0.089424008088253
0.032267930115484
-0.117186500000000
0.454565267250035
1.000322087784576
