7
-1.000000000000000
-0.830223896278567
-0.468848793470714
0.000000000000000
0.468848793470714
0.830223896278567
1.000000000000000
6
-1.000000000000000
-0.809016994374947
-0.309016994374947
0.309016994374947
0.809016994374947
1.000000000000000
0.748379465977550
-0.201016948229152
0.053665621439008
-0.067441964523255
0.004755430264157
-0.038242333707759
1.002542027824797
-0.045612480402832
0.076851166166670
-0.016119388003346
0.056751637608397
0.002542027824795
-0.000004252232306
0.902808960379928
-0.437454051514392
0.087267805950957
-0.190064653596419
-0.000004252232309
0.643518129080445
1.111581237044284
-0.196871709774683
0.217613858175656
-0.012085232246043
0.102844269903118
-0.543209943469450
0.065899985365906
0.614845963207291
-0.614897006602665
0.020490397766818
-0.164284213128233
0.000074121430235
0.720523509873068
1.162680173265339
-0.164739879638544
0.351562858710031
0.000074121430229
-0.000006684502278
-0.669639362272941
0.307654066049798
0.307654066194247
-0.669639362507657
-0.000006684502275
0.274487449774857
-0.034227880968792
1.000001000000004
1.000000999999999
-0.034227880980784
0.274487449908416
-0.164284213128233
0.020490397766818
-0.614897006602665
0.614845963207291
0.065899985365906
-0.543209943469450
0.000074121430229
0.351562858710031
-0.164739879638544
1.162680173265339
0.720523509873068
0.000074121430235
-0.000004252232309
-0.190064653596419
0.087267805950957
-0.437454051514392
0.902808960379928
-0.000004252232306
0.102844269903118
-0.012085232246043
0.217613858175656
-0.196871709774683
1.111581237044284
0.643518129080445
-0.038242333707759
0.004755430264157
-0.067441964523255
0.053665621439008
-0.201016948229152
0.748379465977550
0.002542027824795
0.056751637608397
-0.016119388003346
0.076851166166670
-0.045612480402832
1.002542027824797
