8
-1.000000000000000
-0.871740148509605
-0.591700181433143
-0.209299217902479
0.209299217902479
0.591700181433143
0.871740148509605
1.000000000000000
8
-1.000000000000000
-0.932469514203152
-0.661209386466264
-0.238619186083197
0.238619186083197
0.661209386466264
0.932469514203152
1.000000000000000
0.999989145123846
-0.116828804871572
-0.143545220743328
-0.028168184560932
-0.053941790528240
-0.017195236968905
-0.021860992520659
-0.000010854876150
1.003276594408040
0.304340466352431
0.032263513617708
0.102566448682831
0.026783283487898
0.035661719794467
0.013958671840482
0.018277621555442
-0.005396916223341
0.822005106054796
-0.152218516615890
-0.261253715809772
-0.068475212424178
-0.091813470675488
-0.033187562461298
-0.044351385157707
0.000004817131205
1.441450945425123
0.246169543193649
0.087511147019422
0.139178863354862
0.045127896914123
0.057208119781089
0.000004817131204
-0.065974861085750
-0.269161065766432
0.927310653148460
-0.218139152974662
-0.200848413106867
-0.071182578021711
-0.087561840875152
-0.001033301841319
0.002560152443848
-0.186393016118408
1.396614829241095
0.130527642193985
0.121238209061519
0.115503278217729
0.044417858137260
0.060931005701180
-0.001495869879888
-0.058737311545782
-0.272943061381064
0.991572730216398
-0.267740394206618
-0.116431207922696
-0.063146290511556
-0.083875784967255
0.113702220114846
0.100365490791560
-0.156836858622689
1.318871195773035
-0.043918892537811
0.125416594275650
0.092367790783176
0.001128804744290
-0.083875784967255
-0.063146290511556
-0.116431207922696
-0.267740394206618
0.991572730216398
-0.272943061381064
-0.058737311545782
-0.001495869879888
0.001128804744290
0.092367790783176
0.125416594275650
-0.043918892537811
1.318871195773035
-0.156836858622689
0.100365490791560
0.113702220114846
-0.001033301841319
-0.087561840875152
-0.071182578021711
-0.200848413106867
-0.218139152974662
0.927310653148460
-0.269161065766432
-0.065974861085750
0.060931005701180
0.044417858137260
0.115503278217729
0.121238209061519
0.130527642193985
1.396614829241095
-0.186393016118408
0.002560152443848
-0.044351385157707
-0.033187562461298
-0.091813470675488
-0.068475212424178
-0.261253715809772
-0.152218516615890
0.822005106054796
-0.005396916223341
0.000004817131204
0.057208119781089
0.045127896914123
0.139178863354862
0.087511147019422
0.246169543193649
1.441450945425123
0.000004817131205
-0.000010854876150
-0.021860992520659
-0.017195236968905
-0.053941790528240
-0.028168184560932
-0.143545220743328
-0.116828804871572
0.999989145123846
0.018277621555442
0.013958671840482
0.035661719794467
0.026783283487898
0.102566448682831
0.032263513617708
0.304340466352431
1.003276594408040
