4
-1.000000000000000
-0.447213595499958
0.447213595499958
1.000000000000000
13
-1.000000000000000
-0.833333333333333
-0.666666666666667
-0.500000000000000
-0.333333333333333
-0.166666666666667
0.000000000000000
0.166666666666667
0.333333333333333
0.500000000000000
0.666666666666667
0.833333333333333
1.000000000000000
0.982648450357659
0.551165996261330
0.241603314437947
0.035837883236408
-0.082777197702262
-0.132268451827231
-0.129393979322887
-0.092057650985076
-0.037280286852272
0.015554901719226
0.050924687781492
0.051503629629630
-0.000087918541832
1.000295595063710
0.566655331510199
0.254630629629629
0.047048971730332
-0.073778479010365
-0.125370027181826
-0.124791086082405
-0.089421175358651
-0.036627249739214
0.018294121415559
0.055403595195404
0.058546168541109
0.008756839568150
-0.000531238004920
0.546659779492329
0.864829550347173
0.992504709279195
0.969110980050596
0.833691207223197
0.624539653323243
0.379708461698753
0.135672638190656
-0.066392409947233
-0.185741373066157
-0.185687988257776
-0.024991972935892
0.033474123377974
0.576077839332763
0.888646018382833
1.012345737648357
0.983819174742989
0.843883146424615
0.629624011525770
0.381584607126397
0.141792219221183
-0.055108350180923
-0.170385105902729
-0.164818975949614
0.000323326165587
-0.024991972935892
-0.185687988257776
-0.185741373066157
-0.066392409947233
0.135672638190656
0.379708461698753
0.624539653323243
0.833691207223197
0.969110980050596
0.992504709279195
0.864829550347173
0.546659779492329
-0.000531238004920
0.000323326165587
-0.164818975949614
-0.170385105902729
-0.055108350180923
0.141792219221183
0.381584607126397
0.629624011525770
0.843883146424615
0.983819174742989
1.012345737648357
0.888646018382833
0.576077839332763
0.033474123377974
-0.000087918541832
0.051503629629630
0.050924687781492
0.015554901719226
-0.037280286852272
-0.092057650985076
-0.129393979322887
-0.132268451827231
-0.082777197702262
0.035837883236408
0.241603314437947
0.551165996261330
0.982648450357659
0.008756839568150
0.058546168541109
0.055403595195404
0.018294121415559
-0.036627249739214
-0.089421175358651
-0.124791086082405
-0.125370027181826
-0.073778479010365
0.047048971730332
0.254630629629629
0.566655331510199
1.000295595063710
