4
-1.000000000000000
-0.447213595499958
0.447213595499958
1.000000000000000
4
-1.000000000000000
-0.462641654666050
0.462641654666050
1.000000000000000
0.894852124082707
-0.181145233462720
-0.068871637777444
-0.000003096909532
1.000808615648189
0.012833212889774
0.011865883776614
0.125338030503222
-0.001465724234592
0.999398805331054
-0.079458531930697
-0.325294401724009
0.266757977112872
1.267740837616698
-0.016945431121231
0.000364982503697
-0.325294401724009
-0.079458531930697
0.999398805331054
-0.001465724234592
0.000364982503697
-0.016945431121231
1.267740837616698
0.266757977112872
-0.000003096909532
-0.068871637777444
-0.181145233462720
0.894852124082707
0.125338030503222
0.011865883776614
0.012833212889774
1.000808615648189
