6
-1.000000000000000
-0.765055323929465
-0.285231516480645
0.285231516480645
0.765055323929466
1.000000000000000
15
-1.000000000000000
-0.965245926503512
-0.885082044223669
-0.763519689951306
-0.606253205470007
-0.420638054713653
-0.215353955363795
0.000000000000000
0.215353955363794
0.420638054713676
0.606253205469837
0.763519689951802
0.885082044223012
0.965245926503824
1.000000000000000
0.999245992037268
0.745773590895849
0.310738843866545
-0.041748865297824
-0.157908750076675
-0.077127710886401
0.029961462838816
0.062499000000000
0.018917286376444
-0.037106955923411
-0.038112618114518
-0.000518569964950
0.020952953561428
0.013371687057737
-0.000140136616948
1.000851044603444
0.760201111495438
0.344012443733105
-0.002138497633309
-0.130800387426349
-0.071944900152553
0.042301456327049
0.075796846721880
0.021257158399519
-0.028935047190760
-0.031445594220706
0.001400063890303
0.026499390132201
0.016700093677605
0.001021530091659
-0.001531093514425
0.313498408141159
0.784777408421521
0.998878715660269
0.774912177044315
0.267736454729888
-0.151791438890442
-0.228043932927007
-0.061728629512206
0.083501577720266
0.088604924837700
-0.003353837971645
-0.071262907056901
-0.044407653675091
-0.001972469245342
0.001235473928281
0.342004821210344
0.841943742789639
1.065389962002699
0.803412160891491
0.291905330175076
-0.101986013698602
-0.194647642353841
-0.054652503808112
0.107062484079454
0.105269874644659
0.001390145065924
-0.057017782350140
-0.036169383731753
0.000394452777340
-0.002123098078979
-0.129261235286699
-0.233429262315242
-0.021670715593073
0.464433046291795
0.898360639627899
0.973610516581999
0.631695190182341
0.110258469051677
-0.220310082775950
-0.191899098145180
-0.002347909587363
0.097350725640976
0.060592270655567
-0.000656983656324
0.001027805547067
-0.111549004478335
-0.190130659866535
0.004686850026269
0.482911701705953
0.954815197561930
1.035541040650201
0.655780074828075
0.136970175801271
-0.171904063298807
-0.166841426889879
0.005326362381677
0.120703720518128
0.072083123819193
0.001871646392325
-0.000656983656324
0.060592270655567
0.097350725640976
-0.002347909587363
-0.191899098145180
-0.220310082775950
0.110258469051677
0.631695190182341
0.973610516581999
0.898360639627899
0.464433046291795
-0.021670715593073
-0.233429262315242
-0.129261235286699
-0.002123098078979
0.001871646392325
0.072083123819193
0.120703720518128
0.005326362381677
-0.166841426889879
-0.171904063298807
0.136970175801271
0.655780074828075
1.035541040650201
0.954815197561930
0.482911701705953
0.004686850026269
-0.190130659866535
-0.111549004478335
0.001027805547067
-0.001972469245342
-0.044407653675091
-0.071262907056901
-0.003353837971645
0.088604924837700
0.083501577720266
-0.061728629512206
-0.228043932927007
-0.151791438890442
0.267736454729888
0.774912177044315
0.998878715660269
0.784777408421521
0.313498408141159
-0.001531093514425
0.000394452777340
-0.036169383731753
-0.057017782350140
0.001390145065924
0.105269874644659
0.107062484079454
-0.054652503808112
-0.194647642353841
-0.101986013698602
0.291905330175076
0.803412160891491
1.065389962002699
0.841943742789639
0.342004821210344
0.001235473928281
-0.000140136616948
0.013371687057737
0.020952953561428
-0.000518569964950
-0.038112618114518
-0.037106955923411
0.018917286376444
0.062499000000000
0.029961462838816
-0.077127710886401
-0.157908750076675
-0.041748865297824
0.310738843866545
0.745773590895849
0.999245992037268
0.001021530091659
0.016700093677605
0.026499390132201
0.001400063890303
-0.031445594220706
-0.028935047190760
0.021257158399519
0.075796846721880
0.042301456327049
-0.071944900152553
-0.130800387426349
-0.002138497633309
0.344012443733105
0.760201111495438
1.000851044603444
