3
-1.000000000000000
0.000000000000000
1.000000000000000
11
-1.000000000000000
-0.800299075721681
-0.600617843541853
-0.400426467192214
-0.200517627977579
0.000000000000000
0.200517627977579
0.400426467192214
0.600617843541853
0.800299075721681
1.000000000000000
0.994987735307425
0.715427925008362
0.475670529612376
0.275371985081345
0.115381455971015
-0.005073884945739
-0.085136172006563
-0.125054482110870
-0.124947313929474
-0.084871150713323
-0.005012264692698
1.000101018043519
0.720440258772565
0.480682863377467
0.280387822209731
0.120395498622588
0.000001000000000
-0.080122129354991
-0.120038644982483
-0.119934980164387
-0.079858816949116
0.000101018043519
-0.000201037437173
0.359419556744346
0.639253115522283
0.839651821472319
0.959727630637837
0.999999000000000
0.959727630637838
0.839651821472302
0.639253115525781
0.359419556037923
-0.000201037437174
0.010023529519253
0.369442225576040
0.649275784446647
0.849681496898340
0.969753716173713
1.010146769753332
0.969753716173713
0.849681496893533
0.649275784451361
0.369442225573605
0.010023529521700
-0.005012264692698
-0.084871150713323
-0.124947313929474
-0.125054482110870
-0.085136172006563
-0.005073884945739
0.115381455971015
0.275371985081345
0.475670529612376
0.715427925008362
0.994987735307425
0.000101018043519
-0.079858816949116
-0.119934980164387
-0.120038644982483
-0.080122129354991
0.000001000000000
0.120395498622588
0.280387822209731
0.480682863377467
0.720440258772565
1.000101018043519
