4
-1.000000000000000
-0.447213595499958
0.447213595499958
1.000000000000000
3
-1.000000000000000
-0.000000000000000
1.000000000000000
0.407682371149995
-0.331352982912614
-0.000001349257648
1.000157093464680
-0.124999000000000
0.156563343206255
-0.000001037912629
0.592056920963959
-0.759721542419810
1.122445519365172
0.909362053407002
0.000001466874785
-0.759721542419810
0.592056920963959
-0.000001037912629
0.000001466874785
0.909362053407002
1.122445519365172
-0.000001349257648
-0.331352982912614
0.407682371149995
0.156563343206255
-0.124999000000000
1.000157093464680
