4
-1.000000000000000
-0.447213595499958
0.447213595499958
1.000000000000000
16
-1.000000000000000
-0.986283808696812
-0.928434883663574
-0.827201315069765
-0.687292904811685
-0.515248636358154
-0.319112368927890
-0.108054948707344
0.108054948707344
0.319112368927890
0.515248636358154
0.687292904811685
0.827201315069765
0.928434883663574
0.986283808696812
1.000000000000000
0.999936565691810
0.958485135231518
0.793931750085336
0.544787774980517
0.275103299235707
0.048010948883249
-0.094126820479125
-0.140234482185057
-0.110064164016634
-0.042340339102226
0.019795907671003
0.053210709518686
0.052298899666581
0.029599932001354
0.006581295634603
-0.000063434308190
1.000142448474727
0.959421201672259
0.797904494514421
0.553028750931352
0.287263907313999
0.062077266213850
-0.080845665122792
-0.130419926286073
-0.104907047259057
-0.041477973843483
0.023192731566842
0.057600288177709
0.056032620610285
0.031569706677282
0.007171650131139
0.000142448474728
-0.000268242950876
0.054391619317342
0.265280376499207
0.562343815673340
0.836501537160397
0.987858353302992
0.961735431755609
0.766841166710869
0.468196972890234
0.152853994171489
-0.084222212037379
-0.191274145665586
-0.179062714455365
-0.098250875839485
-0.022005331049433
-0.000268242950877
0.000189359815836
0.056283538017952
0.272890146099731
0.578032020282710
0.858825263229201
1.012763638093676
0.983181759387893
0.780097928004154
0.471154934400954
0.160945482693267
-0.069731396156349
-0.176976022961586
-0.167671335239777
-0.092784671983487
-0.020393985592707
0.000189359815835
-0.000268242950877
-0.022005331049433
-0.098250875839485
-0.179062714455365
-0.191274145665586
-0.084222212037379
0.152853994171489
0.468196972890234
0.766841166710869
0.961735431755609
0.987858353302992
0.836501537160397
0.562343815673340
0.265280376499207
0.054391619317342
-0.000268242950876
0.000189359815835
-0.020393985592707
-0.092784671983487
-0.167671335239777
-0.176976022961586
-0.069731396156349
0.160945482693267
0.471154934400954
0.780097928004154
0.983181759387893
1.012763638093676
0.858825263229201
0.578032020282710
0.272890146099731
0.056283538017952
0.000189359815836
-0.000063434308190
0.006581295634603
0.029599932001354
0.052298899666581
0.053210709518686
0.019795907671003
-0.042340339102226
-0.110064164016634
-0.140234482185057
-0.094126820479125
0.048010948883249
0.275103299235707
0.544787774980517
0.793931750085336
0.958485135231518
0.999936565691810
0.000142448474728
0.007171650131139
0.031569706677282
0.056032620610285
0.057600288177709
0.023192731566842
-0.041477973843483
-0.104907047259057
-0.130419926286073
-0.080845665122792
0.062077266213850
0.287263907313999
0.553028750931352
0.797904494514421
0.959421201672259
1.000142448474727
