7
-1.000000000000000
-0.830223896278567
-0.468848793470714
0.000000000000000
0.468848793470714
0.830223896278567
1.000000000000000
9
-1.000000000000000
-0.923879532511287
-0.707106781186548
-0.382683432365090
-0.000000000000000
0.382683432365090
0.707106781186547
0.923879532511287
1.000000000000000
0.999659484783726
0.166201413309916
-0.234207363160464
0.043465043013030
-0.023908135062431
-0.053514208826107
0.022366265182001
-0.019126621186527
-0.006750094802416
1.001038555771852
0.382611029698180
-0.132026304192280
0.092642356737549
0.021883756896412
-0.016338705304101
0.050658366002144
-0.014072711158237
0.001038555771849
-0.000169943022318
0.747934400829276
0.737004510756721
-0.341466911116387
-0.012360483583029
0.044696560641306
-0.131351944176294
0.039790998064400
-0.000169943022319
0.001394995143784
1.128371186557262
0.872977538874614
-0.144555909138840
0.069074191949484
0.149758294206038
-0.059396063910405
0.051413702838016
0.017839600040334
-0.003169817056817
-0.397092600745498
0.486854556547409
0.937666413332620
-0.175595449223178
-0.243177818179943
0.097291468128734
-0.082311752732973
-0.025419446567932
0.001051668196155
-0.191314709623438
0.723559726675818
1.171343994712923
0.000000999999999
-0.075345429479059
0.224802023711922
-0.061802201202789
0.001051668196149
-0.002302489425748
0.098391265864937
-0.407142115597884
0.117456408219257
0.999999000000002
0.117456408219261
-0.407142115597888
0.098391265854876
-0.002302489425745
0.028278152384178
0.137498864513836
-0.174998999999997
0.260696531381300
1.272293231724050
0.260696531364915
-0.174998999999995
0.137498864513838
0.028278152384182
-0.025419446567932
-0.082311752732973
0.097291468128734
-0.243177818179943
-0.175595449223178
0.937666413332620
0.486854556547409
-0.397092600745498
-0.003169817056817
0.001051668196149
-0.061802201202789
0.224802023711922
-0.075345429479059
0.000000999999999
1.171343994712923
0.723559726675818
-0.191314709623438
0.001051668196155
-0.000169943022319
0.039790998064400
-0.131351944176294
0.044696560641306
-0.012360483583029
-0.341466911116387
0.737004510756721
0.747934400829276
-0.000169943022318
0.017839600040334
0.051413702838016
-0.059396063910405
0.149758294206038
0.069074191949484
-0.144555909138840
0.872977538874614
1.128371186557262
0.001394995143784
-0.006750094802416
-0.019126621186527
0.022366265182001
-0.053514208826107
-0.023908135062431
0.043465043013030
-0.234207363160464
0.166201413309916
0.999659484783726
0.001038555771849
-0.014072711158237
0.050658366002144
-0.016338705304101
0.021883756896412
0.092642356737549
-0.132026304192280
0.382611029698180
1.001038555771852
