3
-1.000000000000000
0.000000000000000
1.000000000000000
8
-1.000000000000000
-0.714285714285714
-0.428571428571429
-0.142857142857143
0.142857142857143
0.428571428571428
0.714285714285714
1.000000000000000
0.989794590210538
0.602039654539075
0.295916546921126
0.071427571429007
-0.071429571429007
-0.132654881649429
-0.112246059747509
-0.010205409788642
1.000123326162651
0.612286755142897
0.306123448979592
0.081715244611468
-0.061141898245674
-0.122447979591835
-0.101998959142817
0.000123326162686
-0.000245656789444
0.489713197388675
0.816325525682815
0.979427649092189
0.979427649087250
0.816325530612245
0.489713197378786
-0.000245656789444
0.020409819635547
0.510205405134519
0.836737334794013
1.000000999999985
1.000001000000015
0.836737334809219
0.510205405119344
0.020409819660388
-0.010205409788642
-0.112246059747509
-0.132654881649429
-0.071429571429007
0.071427571429007
0.295916546921126
0.602039654539075
0.989794590210538
0.000123326162686
-0.101998959142817
-0.122447979591835
-0.061141898245674
0.081715244611468
0.306123448979592
0.612286755142897
1.000123326162651
