5
-1.000000000000000
-0.654653670707977
0.000000000000000
0.654653670707977
1.000000000000000
5
-1.000000000000000
-0.654653670707977
0.000000000000000
0.654653670707977
1.000000000000000
0.871917659187562
-0.205128265827697
-0.039901670457337
-0.001945844847978
-0.075526408782511
1.001305722037324
0.000001000000000
0.044059123399831
0.089444965480918
0.001305722037324
-0.001817906535973
0.999999000000000
-0.193239723205391
-0.207529462874007
-0.001817906535971
0.395552414672915
1.191519303589675
0.000001000000000
0.008954035546611
0.210822564468428
-0.368045113045655
-0.052347199138222
0.999998999999999
-0.052347199109698
-0.368045113105789
0.000002360909810
0.035517494629217
1.305857037018762
0.035517494692812
0.000002360909807
-0.001817906535971
-0.207529462874007
-0.193239723205391
0.999999000000000
-0.001817906535973
0.210822564468428
0.008954035546611
0.000001000000000
1.191519303589675
0.395552414672915
-0.075526408782511
-0.001945844847978
-0.039901670457337
-0.205128265827697
0.871917659187562
0.001305722037324
0.089444965480918
0.044059123399831
0.000001000000000
1.001305722037324
