6
-1.000000000000000
-0.765055323929465
-0.285231516480645
0.285231516480645
0.765055323929466
1.000000000000000
12
-1.000000000000000
-0.894911204366538
-0.750901957941243
-0.540560315254331
-0.342287647812355
-0.126155501661347
0.126155501661347
0.342287647812355
0.540560315254331
0.750901957941243
0.894911204366538
1.000000000000000
0.958436711008233
0.344642916925059
-0.085292718245278
-0.159362842787057
-0.029611034291321
0.055075480585002
0.042588306106367
-0.018837531651441
-0.046833930070521
-0.006387008708114
0.021360466469118
-0.000198197721903
1.001459197945225
0.385732748770011
-0.023399723393304
-0.123744619242296
-0.024199643696194
0.074176642225948
0.053923313587955
-0.013082175430748
-0.035941168242111
-0.001333565421000
0.030393083149113
0.007840580431341
-0.002653849899978
0.743778806545871
0.996737091076292
0.606708841091180
0.073737079814026
-0.236692785245013
-0.158514509235494
0.039369826936744
0.102485055189881
0.004692173573615
-0.081318627813516
-0.019696920294553
0.072186863488068
0.824569141715564
1.088552436256477
0.640668547913949
0.109620715353938
-0.179485493478304
-0.128027149552316
0.055767266160851
0.131328609896787
0.017091463106750
-0.057878114839307
0.000760282980920
-0.043895845166685
-0.259104632010328
0.006974598821293
0.648051406938884
0.982037533266257
0.872437661472281
0.324455161122382
-0.134849103709527
-0.239329789887446
-0.031060700395428
0.098832243576534
-0.001074470677767
0.001576457836724
-0.191811443524129
0.037819655173565
0.684494294660300
1.050308536652364
0.925202385917244
0.344587625199510
-0.088314006873040
-0.199616953323060
-0.010255386439764
0.137006679896491
0.027627205488765
-0.001074470677767
0.098832243576534
-0.031060700395428
-0.239329789887446
-0.134849103709527
0.324455161122382
0.872437661472281
0.982037533266257
0.648051406938884
0.006974598821293
-0.259104632010328
-0.043895845166685
0.027627205488765
0.137006679896491
-0.010255386439764
-0.199616953323060
-0.088314006873040
0.344587625199510
0.925202385917244
1.050308536652364
0.684494294660300
0.037819655173565
-0.191811443524129
0.001576457836724
-0.019696920294553
-0.081318627813516
0.004692173573615
0.102485055189881
0.039369826936744
-0.158514509235494
-0.236692785245013
0.073737079814026
0.606708841091180
0.996737091076292
0.743778806545871
-0.002653849899978
0.000760282980920
-0.057878114839307
0.017091463106750
0.131328609896787
0.055767266160851
-0.128027149552316
-0.179485493478304
0.109620715353938
0.640668547913949
1.088552436256477
0.824569141715564
0.072186863488068
-0.000198197721903
0.021360466469118
-0.006387008708114
-0.046833930070521
-0.018837531651441
0.042588306106367
0.055075480585002
-0.029611034291321
-0.159362842787057
-0.085292718245278
0.344642916925059
0.958436711008233
0.007840580431341
0.030393083149113
-0.001333565421000
-0.035941168242111
-0.013082175430748
0.053923313587955
0.074176642225948
-0.024199643696194
-0.123744619242296
-0.023399723393304
0.385732748770011
1.001459197945225
