7
-1.000000000000000
-0.830223896278567
-0.468848793470714
0.000000000000000
0.468848793470714
0.830223896278567
1.000000000000000
6
-1.000000000000000
-0.861136311594053
-0.339981043584856
0.339981043584856
0.861136311594053
1.000000000000000
0.969630966279291
-0.208585162142404
0.010922991013274
-0.052604458911096
-0.006908005005368
-0.032094545594222
1.002275359288585
0.090171475072178
0.076977974780219
-0.001529371389146
0.051944521690193
0.002275359288582
-0.003968378973504
0.976636144773467
-0.330811903168619
0.045733689539828
-0.187294715925962
-0.003968378973507
0.239626522214992
1.173540528981432
-0.182380247921891
0.217362474424477
0.018832575729402
0.088086187522655
-0.405794139052858
-0.100239001881712
0.639713276010254
-0.641474878412210
-0.028564755068834
-0.139615761384383
0.000009005184280
0.547287225598779
1.206063440207172
-0.122062518567462
0.379326667070985
0.000009005184274
-0.000001987567526
-0.681946302938034
0.204004093384731
0.204004079054970
-0.681946275885753
-0.000001987567523
0.225410865808041
0.046891856413768
1.000000999999991
1.000001000000011
0.046891868021849
0.225410681473940
-0.139615761384383
-0.028564755068834
-0.641474878412210
0.639713276010254
-0.100239001881712
-0.405794139052858
0.000009005184274
0.379326667070985
-0.122062518567462
1.206063440207172
0.547287225598779
0.000009005184280
-0.003968378973507
-0.187294715925962
0.045733689539828
-0.330811903168619
0.976636144773467
-0.003968378973504
0.088086187522655
0.018832575729402
0.217362474424477
-0.182380247921891
1.173540528981432
0.239626522214992
-0.032094545594222
-0.006908005005368
-0.052604458911096
0.010922991013274
-0.208585162142404
0.969630966279291
0.002275359288582
0.051944521690193
-0.001529371389146
0.076977974780219
0.090171475072178
1.002275359288585
