3
-1.000000000000000
0.000000000000000
1.000000000000000
18
-1.000000000000000
-0.976105557422073
-0.920649185323714
-0.835593535240203
-0.723679329272682
-0.588504834321388
-0.434415036911771
-0.266362652878298
-0.089749093484652
0.089749093484652
0.266362652878281
0.434415036912113
0.588504834318751
0.723679329282940
0.835593535218656
0.920649185346972
0.976105557412419
1.000000000000000
0.999991152488959
0.964241166646408
0.883494005248706
0.765671151996624
0.621755451545882
0.464762212243722
0.308268867457394
0.164881251214991
0.044873546742434
-0.044875546742434
-0.101481401663086
-0.126146169454633
-0.123742622077490
-0.101923877725758
-0.069922383248112
-0.037155180068649
-0.011864390777652
-0.000008847511615
1.000079148522261
0.964519436221429
0.884170276681947
0.766973978043356
0.623772218836200
0.467430334489691
0.311566730603387
0.168659418028030
0.048922128161949
-0.040826965322703
-0.097703234850265
-0.122848306308380
-0.121074499831727
-0.099907110433614
-0.068619557204990
-0.036478908632979
-0.011586121204974
0.000079148522261
-0.000157297044576
0.047067684978790
0.152309631959767
0.301646579153439
0.476135891600229
0.653645165341953
0.811282575704944
0.929044816822184
0.991905837160701
0.991905837160701
0.929044816822197
0.811282575704594
0.653645165344651
0.476135891584235
0.301646579191271
0.152309631918932
0.047067685001698
-0.000157297044576
0.000016695035713
0.047622224061608
0.153660174881716
0.304250231253958
0.480167426310191
0.658979409935338
0.817876301990480
0.936599150448107
1.000001000000006
1.000000999999994
0.936599150448124
0.817876301990238
0.658979409826261
0.480167426392705
0.304250231082739
0.153660174960502
0.047622224008122
0.000016695050280
-0.000008847511615
-0.011864390777652
-0.037155180068649
-0.069922383248112
-0.101923877725758
-0.123742622077490
-0.126146169454633
-0.101481401663086
-0.044875546742434
0.044873546742434
0.164881251214991
0.308268867457394
0.464762212243722
0.621755451545882
0.765671151996624
0.883494005248706
0.964241166646408
0.999991152488959
0.000079148522261
-0.011586121204974
-0.036478908632979
-0.068619557204990
-0.099907110433614
-0.121074499831727
-0.122848306308380
-0.097703234850265
-0.040826965322703
0.048922128161949
0.168659418028030
0.311566730603387
0.467430334489691
0.623772218836200
0.766973978043356
0.884170276681947
0.964519436221429
1.000079148522261
