4
-1.000000000000000
-0.447213595499958
0.447213595499958
1.000000000000000
13
-1.000000000000000
-0.965925826289068
-0.866025403784439
-0.707106781186548
-0.500000000000000
-0.258819045102521
-0.000000000000000
0.258819045102521
0.500000000000000
0.707106781186547
0.866025403784439
0.965925826289068
1.000000000000000
0.999922637397198
0.897736850497491
0.631388655963793
0.302906593773100
0.026056684506885
-0.122853658088851
-0.136172287907742
-0.064133547926827
0.015572199384341
0.054916478527523
0.045999130423870
0.015534790169607
-0.000077362602801
1.000196615783375
0.900848630718337
0.641588550662072
0.320083521472477
0.046901515915777
-0.104586313375326
-0.124923212947391
-0.061426126853426
0.019863755468054
0.061985351902952
0.050372006945478
0.017452442739329
0.000196615783375
-0.000364707670238
0.131936465582325
0.458564016910706
0.806604884401309
0.992750995113720
0.920465719184405
0.624734021918467
0.237334305144977
-0.076387614153595
-0.202218267755219
-0.160632422426337
-0.052729788134195
-0.000367156654096
0.000245454489665
0.138238458513915
0.477587602879645
0.839003230035974
1.028751873069452
0.949638734287889
0.636440999198351
0.245813343679391
-0.055219634717754
-0.181604884401309
-0.146151697996649
-0.048319886470270
0.000245454489664
-0.000367156654096
-0.052729788134195
-0.160632422426337
-0.202218267755219
-0.076387614153595
0.237334305144977
0.624734021918467
0.920465719184405
0.992750995113720
0.806604884401309
0.458564016910706
0.131936465582325
-0.000364707670238
0.000245454489664
-0.048319886470270
-0.146151697996649
-0.181604884401309
-0.055219634717754
0.245813343679391
0.636440999198351
0.949638734287889
1.028751873069452
0.839003230035974
0.477587602879645
0.138238458513915
0.000245454489665
-0.000077362602801
0.015534790169607
0.045999130423870
0.054916478527523
0.015572199384341
-0.064133547926827
-0.136172287907742
-0.122853658088851
0.026056684506885
0.302906593773100
0.631388655963793
0.897736850497491
0.999922637397198
0.000196615783375
0.017452442739329
0.050372006945478
0.061985351902952
0.019863755468054
-0.061426126853426
-0.124923212947391
-0.104586313375326
0.046901515915777
0.320083521472477
0.641588550662072
0.900848630718337
1.000196615783375
