3
-1.000000000000000
0.000000000000000
1.000000000000000
18
-1.000000000000000
-0.882352941176471
-0.764705882352941
-0.647058823529412
-0.529411764705882
-0.411764705882353
-0.294117647058824
-0.176470588235294
-0.058823529411765
0.058823529411765
0.176470588235294
0.294117647058824
0.411764705882353
0.529411764705882
0.647058823529412
0.764705882352941
0.882352941176471
1.000000000000000
0.998269327096557
0.828717859375898
0.673009333191628
0.531139947766966
0.403113511405119
0.288925775911815
0.188580044521629
0.102074396846655
0.029410764705868
-0.029412764705869
-0.074396191388665
-0.105537602537151
-0.122838929970581
-0.126298253300691
-0.115918875762542
-0.091696549161057
-0.053635081800709
-0.001730672903303
1.000056141369466
0.830478480662662
0.674741484429066
0.532893754346042
0.404893539112536
0.290692943969330
0.190319359896242
0.103821096927391
0.031184237990455
-0.027639291421309
-0.072649491307903
-0.103798287162581
-0.121071761913023
-0.124518225593346
-0.114165069183370
-0.089964397923876
-0.051874460513808
0.000056141369466
-0.000111283234335
0.221396979514532
0.415223913494810
0.581272314403467
0.719625685942639
0.830379819128562
0.913479928559515
0.968829393985748
0.996456052918217
0.996456052925746
0.968829390232813
0.913479926809713
0.830379815756240
0.719625684816934
0.581272315214318
0.415223912921845
0.221396979516836
-0.000111283234334
0.003460345804663
0.224916222426752
0.418686215966960
0.584777927998865
0.723183741892934
0.833912154058850
0.916956558015455
0.972320794542017
1.000001000000000
1.000001000000000
0.972320794542017
0.916956558015456
0.833912154058850
0.723183741892934
0.584777927998865
0.418686215966960
0.224916222426667
0.003460345804746
-0.001730672903303
-0.053635081800709
-0.091696549161057
-0.115918875762542
-0.126298253300691
-0.122838929970581
-0.105537602537151
-0.074396191388665
-0.029412764705869
0.029410764705868
0.102074396846655
0.188580044521629
0.288925775911815
0.403113511405119
0.531139947766966
0.673009333191628
0.828717859375898
0.998269327096557
0.000056141369466
-0.051874460513808
-0.089964397923876
-0.114165069183370
-0.124518225593346
-0.121071761913023
-0.103798287162581
-0.072649491307903
-0.027639291421309
0.031184237990455
0.103821096927391
0.190319359896242
0.290692943969330
0.404893539112536
0.532893754346042
0.674741484429066
0.830478480662662
1.000056141369466
