7
-1.000000000000000
-0.830223896278567
-0.468848793470714
0.000000000000000
0.468848793470714
0.830223896278567
1.000000000000000
5
-1.000000000000000
-0.707106781186548
-0.000000000000000
0.707106781186547
1.000000000000000
0.322605596123666
-0.242197470614215
-0.033719004637013
-0.050854329086965
-0.006942633755741
1.000015101680008
-0.037040436662502
0.142774845725606
0.022653304192279
0.000015101680005
-0.000041110565225
0.110944328909199
-0.456377864688975
-0.060649337739132
-0.000041110565227
1.285722033636121
0.841630181067956
0.088392159518127
0.158563997381786
0.014483116014809
-0.705641512107036
0.488706608578431
-0.215668801225550
-0.190810271400468
-0.032243900819137
0.000005297713889
1.433483657437667
0.354320291354903
0.099732095957273
0.000005297713883
-0.000004799313827
-0.507937682670036
0.996648064901498
-0.507937682654725
-0.000004799313824
0.247233521392709
-0.174998999147822
1.125374302371521
-0.174998999999995
0.247233520545789
-0.032243900819137
-0.190810271400468
-0.215668801225550
0.488706608578431
-0.705641512107036
0.000005297713883
0.099732095957273
0.354320291354903
1.433483657437667
0.000005297713889
-0.000041110565227
-0.060649337739132
-0.456377864688975
0.110944328909199
-0.000041110565225
0.014483116014809
0.158563997381786
0.088392159518127
0.841630181067956
1.285722033636121
-0.006942633755741
-0.050854329086965
-0.033719004637013
-0.242197470614215
0.322605596123666
0.000015101680005
0.022653304192279
0.142774845725606
-0.037040436662502
1.000015101680008
