4
-1.000000000000000
-0.447213595499958
0.447213595499958
1.000000000000000
6
-1.000000000000000
-0.600000000000000
-0.200000000000000
0.200000000000000
0.600000000000000
1.000000000000000
0.901876398093491
0.087652956794891
-0.159007889024742
-0.092508748873185
0.039999000000000
-0.000053480189092
1.000240959737062
0.160001000000000
-0.119998982475067
-0.079827687516981
0.063151607483432
0.048145859930810
-0.000414066927197
0.936655314599949
0.868219908270486
0.323060474632728
-0.223257562605975
-0.133227807930297
0.186522777572075
1.069656066976372
0.924088141266346
0.332790476288785
-0.136655314599950
0.000215078523705
-0.133227807930297
-0.223257562605975
0.323060474632728
0.868219908270486
0.936655314599949
-0.000414066927197
0.000215078523705
-0.136655314599950
0.332790476288785
0.924088141266346
1.069656066976372
0.186522777572075
-0.000053480189092
0.039999000000000
-0.092508748873185
-0.159007889024742
0.087652956794891
0.901876398093491
0.048145859930810
0.063151607483432
-0.079827687516981
-0.119998982475067
0.160001000000000
1.000240959737062
