7
-1.000000000000000
-0.830223896278567
-0.468848793470714
0.000000000000000
0.468848793470714
0.830223896278567
1.000000000000000
15
-1.000000000000000
-0.984183054718588
-0.917598399222978
-0.801578090733310
-0.642349339440340
-0.448492751036447
-0.230458315955135
0.000000000000000
0.230458315955135
0.448492751036447
0.642349339440340
0.801578090733310
0.917598399222978
0.984183054718588
1.000000000000000
0.999760782104866
0.827491056429318
0.290235663852755
-0.121822415120898
-0.139651933279769
0.012173194793054
0.062025448965445
-0.006757543940103
-0.052710631810020
-0.005399376512628
0.025131087929944
0.006177705404363
-0.019845116624329
-0.009344029661916
-0.000239217895136
1.000560974107472
0.842646005976666
0.344821969711594
-0.058690725777800
-0.115686839557001
0.031377892730119
0.082366236741810
0.000518591030245
-0.038345157592476
-0.002203559173610
0.034884266338303
0.008992607111666
-0.014313705140940
-0.006200615831314
0.000560974107469
-0.001004991102060
0.208385238488642
0.784074209100479
0.982521145050628
0.521447256445806
-0.124628276827273
-0.243461788337007
-0.000860791274621
0.107807597905194
0.006023526769960
-0.093409423294856
-0.023128778399668
0.038342511902819
0.016823056273065
-0.001004991102062
0.000997643948625
0.236400058980608
0.883703193039019
1.076823030384851
0.541151362910369
-0.042542066310153
-0.191540505974123
0.021764127935545
0.147812383021499
0.014314151461284
-0.067226168170947
-0.016042082383322
0.053065634387732
0.024834057490698
0.000997643948623
-0.001509918226743
-0.095973896339172
-0.264600701395018
0.076606930783847
0.719989125860780
0.996329466338969
0.601570597720300
-0.066500352026704
-0.274107323061568
-0.023570485056513
0.111417638263730
0.025443504678149
-0.084052333858778
-0.038189578958251
-0.001509918226750
0.000736664037826
-0.077620087107913
-0.190592878375186
0.106118228271886
0.789965268202073
1.104569744839566
0.632880465844061
0.000000999999999
-0.205312106526162
-0.009030253356231
0.154787715379126
0.034355163492919
-0.061208838786719
-0.027064196342875
0.000736664037820
-0.001463705510992
0.042152187119203
0.097998320163429
-0.052814504397306
-0.282723727914355
-0.002782084868887
0.661628623724962
0.999999000000002
0.661628623723755
-0.002782084091512
-0.282723728792056
-0.052814504084392
0.097998320163433
0.042152187119207
-0.001463705510989
0.000953331348405
0.056290228613328
0.136333416407108
-0.043036551257250
-0.206777665404374
0.048396830803979
0.711928032798955
1.111812747861678
0.711928032798955
0.048396830803979
-0.206777665404373
-0.043036551253654
0.136333416399729
0.056290228618245
0.000953331348408
-0.001509918226750
-0.038189578958251
-0.084052333858778
0.025443504678149
0.111417638263730
-0.023570485056513
-0.274107323061568
-0.066500352026704
0.601570597720300
0.996329466338969
0.719989125860780
0.076606930783847
-0.264600701395018
-0.095973896339172
-0.001509918226743
0.000736664037820
-0.027064196342875
-0.061208838786719
0.034355163492919
0.154787715379126
-0.009030253356231
-0.205312106526162
0.000000999999999
0.632880465844061
1.104569744839566
0.789965268202073
0.106118228271886
-0.190592878375186
-0.077620087107913
0.000736664037826
-0.001004991102062
0.016823056273065
0.038342511902819
-0.023128778399668
-0.093409423294856
0.006023526769960
0.107807597905194
-0.000860791274621
-0.243461788337007
-0.124628276827273
0.521447256445806
0.982521145050628
0.784074209100479
0.208385238488642
-0.001004991102060
0.000997643948623
0.024834057490698
0.053065634387732
-0.016042082383322
-0.067226168170947
0.014314151461284
0.147812383021499
0.021764127935545
-0.191540505974123
-0.042542066310153
0.541151362910369
1.076823030384851
0.883703193039019
0.236400058980608
0.000997643948625
-0.000239217895136
-0.009344029661916
-0.019845116624329
0.006177705404363
0.025131087929944
-0.005399376512628
-0.052710631810020
-0.006757543940103
0.062025448965445
0.012173194793054
-0.139651933279769
-0.121822415120898
0.290235663852755
0.827491056429318
0.999760782104866
0.000560974107469
-0.006200615831314
-0.014313705140940
0.008992607111666
0.034884266338303
-0.002203559173610
-0.038345157592476
0.000518591030245
0.082366236741810
0.031377892730119
-0.115686839557001
-0.058690725777800
0.344821969711594
0.842646005976666
1.000560974107472
