4
-1.000000000000000
-0.447213595499958
0.447213595499958
1.000000000000000
7
-1.000000000000000
-0.906179845938664
-0.538469310105683
0.000000000000000
0.538469310105683
0.906179845938664
1.000000000000000
0.999869078022509
0.699907901496972
-0.016702279510553
-0.186332626468842
0.025945447108803
0.036377449074216
-0.000130921977491
1.000651684769401
0.740470180155590
0.086491050298310
-0.124529035439834
0.040331145085262
0.073865170347289
0.000651684769401
-0.001068946685502
0.337582912731483
0.978117935726048
0.624000687591238
-0.166327601847446
-0.203585826622388
-0.001068946685503
0.000574977957565
0.419499659920356
1.158544874428799
0.702345211563560
-0.090554433133161
-0.114403727921172
0.000574977957563
-0.001068946685503
-0.203585826622388
-0.166327601847446
0.624000687591238
0.978117935726048
0.337582912731483
-0.001068946685502
0.000574977957563
-0.114403727921172
-0.090554433133161
0.702345211563560
1.158544874428799
0.419499659920356
0.000574977957565
-0.000130921977491
0.036377449074216
0.025945447108803
-0.186332626468842
-0.016702279510553
0.699907901496972
0.999869078022509
0.000651684769401
0.073865170347289
0.040331145085262
-0.124529035439834
0.086491050298310
0.740470180155590
1.000651684769401
