4
-1.000000000000000
-0.447213595499958
0.447213595499958
1.000000000000000
14
-1.000000000000000
-0.970941817426052
-0.885456025653210
-0.748510748171101
-0.568064746731156
-0.354604887042536
-0.120536680255323
0.120536680255323
0.354604887042535
0.568064746731156
0.748510748171101
0.885456025653210
0.970941817426052
1.000000000000000
0.999907552978030
0.912743135141144
0.680735991592280
0.380300897026550
0.103016043789784
-0.079775459998872
-0.142535340596154
-0.107929054190835
-0.030061329607919
0.033063483597451
0.056626259572716
0.041758252265597
0.013432856849724
-0.000092447021970
1.000263986586419
0.915111280724365
0.688408009433113
0.393709165586861
0.120347911103427
-0.062830195345472
-0.129763771149114
-0.101719548553707
-0.028798598166909
0.038263556756677
0.061948168497868
0.045626602609022
0.014715862376996
0.000264324748519
-0.000483038873169
0.113167995177524
0.401911629842151
0.734823834937692
0.960824212877106
0.979571256824321
0.781642440915998
0.449375583842532
0.100912429095471
-0.133023135003208
-0.202338810170917
-0.142846904293915
-0.045366876434920
-0.000483038873170
0.000311499589926
0.117817152450976
0.416661027797088
0.759864440660508
0.991996168724250
1.007622279470139
0.799220074954164
0.452763519458370
0.113291902517564
-0.114235541074076
-0.185159260097269
-0.132077891259662
-0.041712132470456
0.000311499589925
-0.000483038873170
-0.045366876434920
-0.142846904293915
-0.202338810170917
-0.133023135003208
0.100912429095471
0.449375583842532
0.781642440915998
0.979571256824321
0.960824212877106
0.734823834937692
0.401911629842151
0.113167995177524
-0.000483038873169
0.000311499589925
-0.041712132470456
-0.132077891259662
-0.185159260097269
-0.114235541074076
0.113291902517564
0.452763519458370
0.799220074954164
1.007622279470139
0.991996168724250
0.759864440660508
0.416661027797088
0.117817152450976
0.000311499589926
-0.000092447021970
0.013432856849724
0.041758252265597
0.056626259572716
0.033063483597451
-0.030061329607919
-0.107929054190835
-0.142535340596154
-0.079775459998872
0.103016043789784
0.380300897026550
0.680735991592280
0.912743135141144
0.999907552978030
0.000264324748519
0.014715862376996
0.045626602609022
0.061948168497868
0.038263556756677
-0.028798598166909
-0.101719548553707
-0.129763771149114
-0.062830195345472
0.120347911103427
0.393709165586861
0.688408009433113
0.915111280724365
1.000263986586419
