6
-1.000000000000000
-0.765055323929465
-0.285231516480645
0.285231516480645
0.765055323929466
1.000000000000000
9
-1.000000000000000
-0.923879532511287
-0.707106781186548
-0.382683432365090
-0.000000000000000
0.382683432365090
0.707106781186547
0.923879532511287
1.000000000000000
0.999793526504962
0.411282568410332
-0.190953265685677
-0.066644135276149
0.062499000000000
-0.040306232782190
-0.034546580728078
0.020496705097387
-0.000206473495038
1.001066933229863
0.524055909985345
-0.080019630368121
-0.029944279721402
0.109763825433670
-0.022234183610856
-0.012551735809525
0.038431800388399
0.001071366313039
-0.001729844322417
0.595650678309968
0.963679273996093
0.071280276650442
-0.332769217625303
0.065150680472117
0.035648085979110
-0.104294166519280
-0.001729844322415
0.000555010061096
0.834946848426462
1.099867274202842
0.199662636869502
-0.194647642353841
0.115504533863496
0.094743654955153
-0.055635737939616
0.000555010061099
-0.001025415230192
-0.351726182012071
0.119856233458362
0.947362999370167
0.631243032234892
-0.263340043444029
-0.138490501082124
0.094008690530640
-0.001025415230196
0.000894948136966
-0.179021087603443
0.160991236916625
1.159836994860190
0.751073418273724
-0.138223839761594
-0.064716673170659
0.181006395563569
0.000894948136962
-0.001025415230196
0.094008690530640
-0.138490501082124
-0.263340043444029
0.631243032234892
0.947362999370167
0.119856233458362
-0.351726182012071
-0.001025415230192
0.000894948136962
0.181006395563569
-0.064716673170659
-0.138223839761594
0.751073418273724
1.159836994860190
0.160991236916625
-0.179021087603443
0.000894948136966
-0.001729844322415
-0.104294166519280
0.035648085979110
0.065150680472117
-0.332769217625303
0.071280276650442
0.963679273996093
0.595650678309968
-0.001729844322417
0.000555010061099
-0.055635737939616
0.094743654955153
0.115504533863496
-0.194647642353841
0.199662636869502
1.099867274202842
0.834946848426462
0.000555010061096
-0.000206473495038
0.020496705097387
-0.034546580728078
-0.040306232782190
0.062499000000000
-0.066644135276149
-0.190953265685677
0.411282568410332
0.999793526504962
0.001071366313039
0.038431800388399
-0.012551735809525
-0.022234183610856
0.109763825433670
-0.029944279721402
-0.080019630368121
0.524055909985345
1.001066933229863
