5
-1.000000000000000
-0.654653670707977
0.000000000000000
0.654653670707977
1.000000000000000
13
-1.000000000000000
-0.953309846642136
-0.846347564651927
-0.686188469081722
-0.482909821091345
-0.249286930106240
-0.000000000000000
0.249286930106240
0.482909821091337
0.686188469081757
0.846347564651867
0.953309846642168
1.000000000000000
0.999446088655789
0.771646511722182
0.366276164778033
0.008778857395654
-0.149722117921955
-0.109110010614290
-0.000001000000000
0.059945233879347
0.042656346706649
-0.010640589341373
-0.039312697230427
-0.021496819074554
-0.000301420128064
1.000402794817728
0.782647143809905
0.393423857954683
0.042877722062975
-0.122326444753386
-0.099452531960032
0.006953902655688
0.072957894308258
0.048051061087582
-0.007578517016791
-0.032406071568301
-0.018360885130081
0.000402794817727
-0.000710815168074
0.285115360905047
0.735812146362879
0.993801694935159
0.859761962418384
0.423340063308312
-0.036662880199204
-0.230325302996261
-0.145846704258345
0.022723754771282
0.093460788384975
0.052470491538541
-0.000710815168071
0.001150612160414
0.306921492532161
0.784112204829247
1.052913565427376
0.895351952482115
0.431907630234250
0.000001000000000
-0.193120971169563
-0.129528700202258
0.032164183599437
0.113064726308596
0.060878571756185
0.001075506194784
-0.001364533737129
-0.118598524904647
-0.223430967095073
-0.083847158255397
0.346374463598810
0.801095215354642
0.999998999999999
0.801095215354642
0.346374463627418
-0.083847158315792
-0.223430967039620
-0.118598524942231
-0.001364533729315
0.000441129539332
-0.102047022284792
-0.190465683810360
-0.051983172848427
0.353573782579849
0.842122938999959
1.056676065221669
0.842122939002513
0.353573782561388
-0.051983172850054
-0.190465683810305
-0.102047022284724
0.000441129539329
-0.000710815168071
0.052470491538541
0.093460788384975
0.022723754771282
-0.145846704258345
-0.230325302996261
-0.036662880199204
0.423340063308312
0.859761962418384
0.993801694935159
0.735812146362879
0.285115360905047
-0.000710815168074
0.001075506194784
0.060878571756185
0.113064726308596
0.032164183599437
-0.129528700202258
-0.193120971169563
0.000001000000000
0.431907630234250
0.895351952482115
1.052913565427376
0.784112204829247
0.306921492532161
0.001150612160414
-0.000301420128064
-0.021496819074554
-0.039312697230427
-0.010640589341373
0.042656346706649
0.059945233879347
-0.000001000000000
-0.109110010614290
-0.149722117921955
0.008778857395654
0.366276164778033
0.771646511722182
0.999446088655789
0.000402794817727
-0.018360885130081
-0.032406071568301
-0.007578517016791
0.048051061087582
0.072957894308258
0.006953902655688
-0.099452531960032
-0.122326444753386
0.042877722062975
0.393423857954683
0.782647143809905
1.000402794817728
