4
-1.000000000000000
-0.447213595499958
0.447213595499958
1.000000000000000
15
-1.000000000000000
-0.984183054718588
-0.917598399222978
-0.801578090733310
-0.642349339440340
-0.448492751036447
-0.230458315955135
0.000000000000000
0.230458315955135
0.448492751036447
0.642349339440340
0.801578090733310
0.917598399222978
0.984183054718588
1.000000000000000
0.999936305284119
0.952069505927109
0.764280258602130
0.487706912017570
0.203359706098679
-0.015220480401486
-0.126822009568314
-0.133720113991103
-0.073322457993200
0.000361815951362
0.047524664535212
0.054840393493494
0.033023390312121
0.007550081483945
-0.000063694715881
1.000294298501526
0.953434389483888
0.769664226999981
0.498517112161545
0.218301254347555
0.001038254552916
-0.112868818105438
-0.124816431454808
-0.070371985033950
0.003102450981279
0.052964926512720
0.059335210607509
0.035958378073441
0.008328805133568
0.000294298501527
-0.000500690651596
0.062341924900080
0.300987756605573
0.623482005587690
0.894336239832667
0.999994906477721
0.896592359953798
0.624589842284570
0.281527492659029
-0.016631111329599
-0.177210471354610
-0.191582304983755
-0.111133777725664
-0.025664102921046
-0.000500690651598
0.000246635027945
0.064962671788619
0.311495177866660
0.643638853990200
0.921893289957371
1.027765000330200
0.918220563078236
0.634046481428234
0.287030580987334
-0.001397536941088
-0.160185687101312
-0.176862963080735
-0.103698825755683
-0.023349847705920
0.000246635027944
-0.000500690651598
-0.025664102921046
-0.111133777725664
-0.191582304983755
-0.177210471354610
-0.016631111329599
0.281527492659029
0.624589842284570
0.896592359953798
0.999994906477721
0.894336239832667
0.623482005587690
0.300987756605573
0.062341924900080
-0.000500690651596
0.000246635027944
-0.023349847705920
-0.103698825755683
-0.176862963080735
-0.160185687101312
-0.001397536941088
0.287030580987334
0.634046481428234
0.918220563078236
1.027765000330200
0.921893289957371
0.643638853990200
0.311495177866660
0.064962671788619
0.000246635027945
-0.000063694715881
0.007550081483945
0.033023390312121
0.054840393493494
0.047524664535212
0.000361815951362
-0.073322457993200
-0.133720113991103
-0.126822009568314
-0.015220480401486
0.203359706098679
0.487706912017570
0.764280258602130
0.952069505927109
0.999936305284119
0.000294298501527
0.008328805133568
0.035958378073441
0.059335210607509
0.052964926512720
0.003102450981279
-0.070371985033950
-0.124816431454808
-0.112868818105438
0.001038254552916
0.218301254347555
0.498517112161545
0.769664226999981
0.953434389483888
1.000294298501526
