8
-1.000000000000000
-0.871740148509605
-0.591700181433143
-0.209299217902479
0.209299217902479
0.591700181433143
0.871740148509605
1.000000000000000
15
-1.000000000000000
-0.857142857142857
-0.714285714285714
-0.571428571428571
-0.428571428571429
-0.285714285714286
-0.142857142857143
0.000000000000000
0.142857142857143
0.285714285714286
0.428571428571428
0.571428571428571
0.714285714285714
0.857142857142857
1.000000000000000
0.732096592878995
-0.180478669065754
-0.110947844459598
0.014978512424659
0.064227583085522
0.029425998050751
-0.027135541525436
-0.045815245973478
-0.017959141920901
0.016254675140470
0.025508045314817
0.003888100642784
-0.026403312351397
-0.005993298592644
-0.000262819615539
1.002645381996561
-0.041736849829938
-0.104606131058938
0.029691652768721
0.081525651090134
0.033301740439102
-0.019232963561499
-0.036536643311816
-0.013747648220466
0.022558458032424
0.033582558120237
0.007474547086675
-0.015272884721947
0.003310923567814
0.022786599633505
-0.003494683056862
0.992144564815294
0.448694187812855
-0.121124948909858
-0.233908126907029
-0.099317399590793
0.059017697268286
0.105668104202893
0.041354004269910
-0.057477764566497
-0.085879691384368
-0.016134653741756
0.043548301379983
-0.005262741906687
-0.055872887781624
0.481251209376152
1.217455348140879
0.472424705674237
-0.052179740741349
-0.201156779741807
-0.086884673255718
0.079540395405665
0.125960511832329
0.049578123747697
-0.043823545947646
-0.068019517377172
-0.010230582805429
0.069222251779011
0.015659643488990
0.000747028980510
-0.326955698482784
-0.043359476446998
0.771714204193048
0.993284341361198
0.694492277927293
0.191138947379641
-0.170242925790005
-0.231885760759642
-0.085417092048627
0.073594740099916
0.110264305999548
0.016095691938758
-0.106716805004166
-0.023482811945558
-0.001231878405070
0.000599519594601
0.069422757917794
0.844202778633408
1.079248951544030
0.712821178041485
0.214423165331396
-0.128629732373518
-0.203961231211009
-0.078131052675311
0.093019605316486
0.132728867849670
0.020225773834816
-0.072098262700574
0.003243545352001
0.079619927552663
-0.000590879305728
-0.045837958201434
-0.293327109530137
0.036429942661529
0.568436463186432
0.942923646700943
0.957800782724946
0.633935173123280
0.161424393709156
-0.187171619928727
-0.227695879284654
-0.030482965657908
0.112463361830017
-0.004604559896431
-0.116751361834328
0.182846679318093
0.009362040799886
-0.205991538515713
0.061924122910116
0.591594617011830
0.996077075495045
1.005301938625220
0.654579810268458
0.181453763925213
-0.145036855464750
-0.195115036015864
-0.025923806997573
0.164595024315885
0.032224997958753
0.000908416098290
-0.116751361834328
-0.004604559896431
0.112463361830017
-0.030482965657908
-0.227695879284654
-0.187171619928727
0.161424393709156
0.633935173123280
0.957800782724946
0.942923646700943
0.568436463186432
0.036429942661529
-0.293327109530137
-0.045837958201434
-0.000590879305728
0.000908416098290
0.032224997958753
0.164595024315885
-0.025923806997573
-0.195115036015864
-0.145036855464750
0.181453763925213
0.654579810268458
1.005301938625220
0.996077075495045
0.591594617011830
0.061924122910116
-0.205991538515713
0.009362040799886
0.182846679318093
-0.001231878405070
-0.023482811945558
-0.106716805004166
0.016095691938758
0.110264305999548
0.073594740099916
-0.085417092048627
-0.231885760759642
-0.170242925790005
0.191138947379641
0.694492277927293
0.993284341361198
0.771714204193048
-0.043359476446998
-0.326955698482784
0.079619927552663
0.003243545352001
-0.072098262700574
0.020225773834816
0.132728867849670
0.093019605316486
-0.078131052675311
-0.203961231211009
-0.128629732373518
0.214423165331396
0.712821178041485
1.079248951544030
0.844202778633408
0.069422757917794
0.000599519594601
-0.055872887781624
-0.005262741906687
0.043548301379983
-0.016134653741756
-0.085879691384368
-0.057477764566497
0.041354004269910
0.105668104202893
0.059017697268286
-0.099317399590793
-0.233908126907029
-0.121124948909858
0.448694187812855
0.992144564815294
-0.003494683056862
0.000747028980510
0.015659643488990
0.069222251779011
-0.010230582805429
-0.068019517377172
-0.043823545947646
0.049578123747697
0.125960511832329
0.079540395405665
-0.086884673255718
-0.201156779741807
-0.052179740741349
0.472424705674237
1.217455348140879
0.481251209376152
-0.000262819615539
-0.005993298592644
-0.026403312351397
0.003888100642784
0.025508045314817
0.016254675140470
-0.017959141920901
-0.045815245973478
-0.027135541525436
0.029425998050751
0.064227583085522
0.014978512424659
-0.110947844459598
-0.180478669065754
0.732096592878995
0.022786599633505
0.003310923567814
-0.015272884721947
0.007474547086675
0.033582558120237
0.022558458032424
-0.013747648220466
-0.036536643311816
-0.019232963561499
0.033301740439102
0.081525651090134
0.029691652768721
-0.104606131058938
-0.041736849829938
1.002645381996561
