4
-1.000000000000000
-0.447213595499958
0.447213595499958
1.000000000000000
15
-1.000000000000000
-0.974927912181824
-0.900968867902419
-0.781831482468030
-0.623489801858734
-0.433883739117558
-0.222520933956314
-0.000000000000000
0.222520933956314
0.433883739117558
0.623489801858733
0.781831482468029
0.900968867902419
0.974927912181824
1.000000000000000
0.999922741168200
0.924680933811840
0.721190556565394
0.447403426311263
0.177427023496485
-0.025687902883891
-0.127686344042885
-0.133183111883369
-0.075769204876328
-0.004222044304557
0.044350337400639
0.056006129724616
0.037862618808724
0.011715412240528
-0.000088689782197
1.000206176055388
0.926454128814206
0.726830388063705
0.458157333093925
0.191645308131301
-0.010474492351499
-0.114980481712450
-0.124933049645885
-0.072966989275672
-0.001962521884819
0.049251327939766
0.060313636945616
0.040825132574838
0.012622202856861
0.000177234058931
-0.000339245864410
0.098227986272564
0.354698389965673
0.667434168932391
0.914424627153476
0.999452555079505
0.889600921900671
0.624778056617677
0.293991319309067
0.001713237929052
-0.166404793253656
-0.195776179528190
-0.127169654377162
-0.039160927088089
-0.000310407243257
0.000224585109309
0.101573327513478
0.365736399620608
0.687300367052663
0.940628139043633
1.025133682645342
0.909248058420617
0.633374941695784
0.298646887971988
0.015261234309654
-0.150408386924576
-0.181585745990093
-0.119379516127383
-0.036385246307417
0.000224585109307
-0.000310407243257
-0.039160927088089
-0.127169654377162
-0.195776179528190
-0.166404793253656
0.001713237929052
0.293991319309067
0.624778056617677
0.889600921900671
0.999452555079505
0.914424627153476
0.667434168932391
0.354698389965673
0.098227986272564
-0.000339245864410
0.000224585109307
-0.036385246307417
-0.119379516127383
-0.181585745990093
-0.150408386924576
0.015261234309654
0.298646887971988
0.633374941695784
0.909248058420617
1.025133682645342
0.940628139043633
0.687300367052663
0.365736399620608
0.101573327513478
0.000224585109309
-0.000088689782197
0.011715412240528
0.037862618808724
0.056006129724616
0.044350337400639
-0.004222044304557
-0.075769204876328
-0.133183111883369
-0.127686344042885
-0.025687902883891
0.177427023496485
0.447403426311263
0.721190556565394
0.924680933811840
0.999922741168200
0.000177234058931
0.012622202856861
0.040825132574838
0.060313636945616
0.049251327939766
-0.001962521884819
-0.072966989275672
-0.124933049645885
-0.114980481712450
-0.010474492351499
0.191645308131301
0.458157333093925
0.726830388063705
0.926454128814206
1.000206176055388
