6
-1.000000000000000
-0.765055323929465
-0.285231516480645
0.285231516480645
0.765055323929466
1.000000000000000
9
-1.000000000000000
-0.899757995411457
-0.677186279510741
-0.363117463826178
-0.000000000000000
0.363117463826178
0.677186279510739
0.899757995411461
1.000000000000000
0.996658675034861
0.291514416895255
-0.199767961334687
-0.046065574993027
0.062499000000000
-0.034760239679639
-0.040809655681462
0.021311858376821
-0.000205674794227
1.000796268953539
0.407781422700488
-0.105232527126808
-0.019230468704296
0.104420960355853
-0.018396468749832
-0.019470471109919
0.032010358198113
0.004809585443327
-0.001247735049557
0.721112652518822
0.921157601909927
0.036592223101077
-0.316255053567381
0.054005279036877
0.054904561931771
-0.087548920131728
-0.011097274728705
0.004683251043335
0.947767762632225
1.040795059308330
0.155079563125390
-0.194647642353841
0.100101678099917
0.112804187052673
-0.057947640192806
0.000556263555106
-0.005254805543691
-0.341029281262532
0.221849659264762
0.966432566635629
0.631918027229135
-0.224308289326823
-0.184987560178722
0.099145340895982
-0.000370769511835
0.000309084421827
-0.191566196724453
0.262645926869187
1.163892493849906
0.727552567572803
-0.116096342897523
-0.101558762396033
0.156497918215357
0.011393843327610
-0.000370769511835
0.099145340895982
-0.184987560178722
-0.224308289326823
0.631918027229135
0.966432566635629
0.221849659264762
-0.341029281262532
-0.005254805543691
0.011393843327610
0.156497918215357
-0.101558762396033
-0.116096342897523
0.727552567572803
1.163892493849906
0.262645926869187
-0.191566196724453
0.000309084421827
-0.011097274728705
-0.087548920131728
0.054904561931771
0.054005279036877
-0.316255053567381
0.036592223101077
0.921157601909927
0.721112652518822
-0.001247735049557
0.000556263555106
-0.057947640192806
0.112804187052673
0.100101678099917
-0.194647642353841
0.155079563125390
1.040795059308330
0.947767762632225
0.004683251043335
-0.000205674794227
0.021311858376821
-0.040809655681462
-0.034760239679639
0.062499000000000
-0.046065574993027
-0.199767961334687
0.291514416895255
0.996658675034861
0.004809585443327
0.032010358198113
-0.019470471109919
-0.018396468749832
0.104420960355853
-0.019230468704296
-0.105232527126808
0.407781422700488
1.000796268953539
