7
-1.000000000000000
-0.830223896278567
-0.468848793470714
0.000000000000000
0.468848793470714
0.830223896278567
1.000000000000000
14
-1.000000000000000
-0.981560634246719
-0.904117256370475
-0.769902674194305
-0.587317954286617
-0.367831498998180
-0.125233408511469
0.125233408511469
0.367831498998180
0.587317954286617
0.769902674194305
0.904117256370475
0.981560634246719
1.000000000000000
0.999834124129031
0.798328333623114
0.201274107511881
-0.167458675718820
-0.095070387017122
0.048585803849370
0.039803242656472
-0.044549273848245
-0.032392239554614
0.021414476060121
0.013006061674190
-0.017008720248796
-0.013041415129394
-0.000165875870972
1.001849678803829
0.818169644943125
0.271938655637438
-0.100816300990221
-0.082393528014744
0.075294345419854
0.052776412599877
-0.030590606618816
-0.022013191062855
0.029694148072376
0.020833478161935
-0.013228532198343
-0.007150002614190
0.000496268521790
-0.002821860220348
0.240004720065319
0.850779465660934
0.929802563499102
0.292003930023660
-0.256662579886053
-0.144376459569099
0.087454326411837
0.061126777312333
-0.079790381196194
-0.054721208207655
0.035514816441025
0.019346937185575
-0.000847505439416
0.000524497458064
0.271994527699498
0.986900205801633
1.012351375576327
0.339785554567074
-0.160158838462770
-0.119045721223690
0.126519784281058
0.088400541645032
-0.057738876505081
-0.034603621946108
0.045122758808577
0.034436988691647
0.000524497458062
-0.000498806821081
-0.113991176108357
-0.265710760800145
0.215207640142362
0.868780993687715
0.915542425633357
0.269232276054494
-0.273248027674017
-0.135632926023547
0.097156462205836
0.056167576831835
-0.070812203779551
-0.053331000315617
-0.000498806821087
0.001272808652790
-0.088523685270313
-0.180373897589454
0.233243945470167
0.986020869852259
1.013512211051828
0.306681084898971
-0.176888795315843
-0.110223997447445
0.133051544819491
0.086025166413242
-0.056892894972807
-0.031045535639483
0.001193852697334
-0.000656598834159
0.049170352886578
0.092257103149438
-0.120999966094734
-0.278992305054753
0.236801965330453
0.893244265752924
0.893244265752924
0.236801965330430
-0.278992305054723
-0.120999966094750
0.092257103149441
0.049170352887082
-0.000656598846772
0.000343066910586
0.077613749006748
0.119046699612087
-0.096543745389699
-0.186265720979554
0.267500743199785
1.000336052902209
1.000336052902207
0.267500743199785
-0.186265720979554
-0.096543745389697
0.119046699612091
0.077613749006763
0.000343066910588
-0.000498806821087
-0.053331000315617
-0.070812203779551
0.056167576831835
0.097156462205836
-0.135632926023547
-0.273248027674017
0.269232276054494
0.915542425633357
0.868780993687715
0.215207640142362
-0.265710760800145
-0.113991176108357
-0.000498806821081
0.001193852697334
-0.031045535639483
-0.056892894972807
0.086025166413242
0.133051544819491
-0.110223997447445
-0.176888795315843
0.306681084898971
1.013512211051828
0.986020869852259
0.233243945470167
-0.180373897589454
-0.088523685270313
0.001272808652790
-0.000847505439416
0.019346937185575
0.035514816441025
-0.054721208207655
-0.079790381196194
0.061126777312333
0.087454326411837
-0.144376459569099
-0.256662579886053
0.292003930023660
0.929802563499102
0.850779465660934
0.240004720065319
-0.002821860220348
0.000524497458062
0.034436988691647
0.045122758808577
-0.034603621946108
-0.057738876505081
0.088400541645032
0.126519784281058
-0.119045721223690
-0.160158838462770
0.339785554567074
1.012351375576327
0.986900205801633
0.271994527699498
0.000524497458064
-0.000165875870972
-0.013041415129394
-0.017008720248796
0.013006061674190
0.021414476060121
-0.032392239554614
-0.044549273848245
0.039803242656472
0.048585803849370
-0.095070387017122
-0.167458675718820
0.201274107511881
0.798328333623114
0.999834124129031
0.000496268521790
-0.007150002614190
-0.013228532198343
0.020833478161935
0.029694148072376
-0.022013191062855
-0.030590606618816
0.052776412599877
0.075294345419854
-0.082393528014744
-0.100816300990221
0.271938655637438
0.818169644943125
1.001849678803829
