3
-1.000000000000000
0.000000000000000
1.000000000000000
17
-1.000000000000000
-0.973132176630162
-0.910879995918609
-0.815696251218936
-0.691028980629032
-0.541385399329780
-0.372174433565508
-0.189511973518317
-0.000000000000000
0.189511973518318
0.372174433565472
0.541385399330124
0.691028980627669
0.815696251221731
0.910879995915640
0.973132176631392
1.000000000000000
0.999989213536971
0.959805067128399
0.869499961508796
0.738991125812577
0.581876712977311
0.414008084337716
0.251399759441721
0.108307412977256
-0.004575779355652
-0.081204560540980
-0.120774674123855
-0.127377314991762
-0.109152267652073
-0.076705125405643
-0.041380034410693
-0.013327109501689
-0.000010786462921
1.000095689283878
0.960143585564650
0.870354941831008
0.740618351874396
0.584329426639083
0.417325824529243
0.255366600256964
0.112778645902542
0.000001000000000
-0.076733327615775
-0.116807833308536
-0.124059574801312
-0.106699553990296
-0.075077899343525
-0.040525054088920
-0.012988591065298
0.000095689283878
-0.000190378567757
0.052846005502197
0.170171112255874
0.334460547470156
0.522371127350865
0.706734750271294
0.861442233051580
0.963955681713233
0.999999000000000
0.963955681713233
0.861442233051600
0.706734750270870
0.522371127352925
0.334460547465226
0.170171112261655
0.052846005498323
-0.000190378567757
0.000020731875700
0.053520302186416
0.171880387381593
0.337711167502187
0.527276861435800
0.713365617797724
0.869376886467450
0.972893063906861
1.009153714607561
0.972893063906860
0.869376886467470
0.713365617797419
0.527276861437528
0.337711167498219
0.171880387386140
0.053520302184728
0.000020731875565
-0.000010786462921
-0.013327109501689
-0.041380034410693
-0.076705125405643
-0.109152267652073
-0.127377314991762
-0.120774674123855
-0.081204560540980
-0.004575779355652
0.108307412977256
0.251399759441721
0.414008084337716
0.581876712977311
0.738991125812577
0.869499961508796
0.959805067128399
0.999989213536971
0.000095689283878
-0.012988591065298
-0.040525054088920
-0.075077899343525
-0.106699553990296
-0.124059574801312
-0.116807833308536
-0.076733327615775
0.000001000000000
0.112778645902542
0.255366600256964
0.417325824529243
0.584329426639083
0.740618351874396
0.870354941831008
0.960143585564650
1.000095689283878
