6
-1.000000000000000
-0.765055323929465
-0.285231516480645
0.285231516480645
0.765055323929466
1.000000000000000
5
-1.000000000000000
-0.500000000000000
0.000000000000000
0.500000000000000
1.000000000000000
0.277178363905529
-0.336224180424041
0.062499000000000
-0.050226632192015
-0.000163238505083
1.000169822402751
-0.111217366859350
0.149314900675304
-0.037108375000001
0.040927921907775
-0.000602405873345
0.402050004206665
-0.539677667548349
0.104839620736597
-0.113572760956762
1.231409288187829
0.778889929796388
-0.194647642353841
0.151540574086059
0.000436801592556
-0.675106303126174
0.747722536837086
0.562591742099867
-0.433816906143575
-0.000848504887840
0.001122264095876
1.041080514158891
0.951500439692867
-0.204508685013632
0.207777105849282
-0.000848504887840
-0.433816906143575
0.562591742099867
0.747722536837086
-0.675106303126174
0.207777105849282
-0.204508685013632
0.951500439692867
1.041080514158891
0.001122264095876
-0.113572760956762
0.104839620736597
-0.539677667548349
0.402050004206665
-0.000602405873345
0.000436801592556
0.151540574086059
-0.194647642353841
0.778889929796388
1.231409288187829
-0.000163238505083
-0.050226632192015
0.062499000000000
-0.336224180424041
0.277178363905529
0.040927921907775
-0.037108375000001
0.149314900675304
-0.111217366859350
1.000169822402751
