6
-1.000000000000000
-0.765055323929465
-0.285231516480645
0.285231516480645
0.765055323929466
1.000000000000000
4
-1.000000000000000
-0.577350269189626
0.577350269189626
1.000000000000000
0.266017807392679
-0.235201466550388
-0.035221810900865
-0.000001038231432
1.000002463694424
-0.001419027626515
0.145409566292402
0.001934422875843
-0.000002455150854
-0.016718439350878
-0.438591578382032
-0.002814788411303
1.389714542473383
0.777997502420990
0.098613024865519
0.000008573281022
-0.717431842286380
0.548660846070514
-0.285616979908146
-0.000038841749140
0.000006756920793
1.416504459528852
0.041617167024304
0.118454973234615
-0.000038841749140
-0.285616979908146
0.548660846070514
-0.717431842286380
0.118454973234615
0.041617167024304
1.416504459528852
0.000006756920793
-0.002814788411303
-0.438591578382032
-0.016718439350878
-0.000002455150854
0.000008573281022
0.098613024865519
0.777997502420990
1.389714542473383
-0.000001038231432
-0.035221810900865
-0.235201466550388
0.266017807392679
0.001934422875843
0.145409566292402
-0.001419027626515
1.000002463694424
