7
-1.000000000000000
-0.830223896278567
-0.468848793470714
0.000000000000000
0.468848793470714
0.830223896278567
1.000000000000000
16
-1.000000000000000
-0.986283808696812
-0.928434883663574
-0.827201315069765
-0.687292904811685
-0.515248636358154
-0.319112368927890
-0.108054948707344
0.108054948707344
0.319112368927890
0.515248636358154
0.687292904811685
0.827201315069765
0.928434883663574
0.986283808696812
1.000000000000000
0.999935071889286
0.850804445026516
0.367625862310997
-0.064889157546404
-0.160584510203924
-0.031213593381363
0.060173770815827
0.034791222696576
-0.037858114422088
-0.039958936933175
0.009934701660476
0.024260632890930
-0.000180442059234
-0.019969092241450
-0.007465451096983
-0.000064928110716
1.001098805184963
0.863016666254370
0.409613236176442
-0.007252301809717
-0.130327386517334
-0.021908516454628
0.082467216860909
0.040935945257789
-0.027054245049645
-0.029978336436742
0.015271196081263
0.032938243583447
0.001895261958783
-0.014175199632522
-0.004919152212236
0.001098805184960
-0.001839905402804
0.181858617284760
0.719610237569004
0.999765405659440
0.689660255645290
0.060697541350537
-0.260440828359959
-0.116939560812083
0.078341680060487
0.084155725952683
-0.040603779434812
-0.087141334187553
-0.003841145763380
0.038542743942623
0.014025689048201
-0.002002573047372
0.000242114538371
0.204228863675435
0.795857221851332
1.090547414058078
0.716371692603045
0.115672840368369
-0.193279186985093
-0.103511697102120
0.108452074327962
0.109831234568578
-0.026910853570840
-0.064969243352441
0.000639268132655
0.052889738062096
0.019711779338526
0.000242114538368
-0.000415601955154
-0.080836669051281
-0.253062324012490
-0.021990858107964
0.564514912275651
0.980225916461692
0.823785105848932
0.229941732196325
-0.232934778971347
-0.186386610865689
0.045950177362041
0.106470914629035
-0.001255044874846
-0.083627708814802
-0.030416450875339
-0.000415601955161
0.001097539379773
-0.068406368183323
-0.192043340188782
0.010686791244651
0.602304292895134
1.077018283249508
0.880041370652826
0.260119601712690
-0.161975899288197
-0.155536244606233
0.069052188255069
0.140243881657982
0.003998640033793
-0.062380885437687
-0.023635180678036
0.001097539379767
-0.001036554291670
0.037736046202637
0.100510752066385
-0.005818820123890
-0.238026753650278
-0.156116393213249
0.405296177767809
0.919975098453718
0.919975098453356
0.405296177839685
-0.156116393367239
-0.238026753516911
-0.005818820125068
0.100510752066393
0.037736046202641
-0.001036554291667
0.000319246217306
0.046284805083086
0.134522129116535
0.003038782203928
-0.190721205001138
-0.093809783596103
0.420595974218364
1.000312232208929
1.000312232208926
0.420595974218364
-0.093809783596104
-0.190721205000536
0.003038781992245
0.134522129432115
0.046284804937046
0.000319246217308
-0.000415601955161
-0.030416450875339
-0.083627708814802
-0.001255044874846
0.106470914629035
0.045950177362041
-0.186386610865689
-0.232934778971347
0.229941732196325
0.823785105848932
0.980225916461692
0.564514912275651
-0.021990858107964
-0.253062324012490
-0.080836669051281
-0.000415601955154
0.001097539379767
-0.023635180678036
-0.062380885437687
0.003998640033793
0.140243881657982
0.069052188255069
-0.155536244606233
-0.161975899288197
0.260119601712690
0.880041370652826
1.077018283249508
0.602304292895134
0.010686791244651
-0.192043340188782
-0.068406368183323
0.001097539379773
-0.002002573047372
0.014025689048201
0.038542743942623
-0.003841145763380
-0.087141334187553
-0.040603779434812
0.084155725952683
0.078341680060487
-0.116939560812083
-0.260440828359959
0.060697541350537
0.689660255645290
0.999765405659440
0.719610237569004
0.181858617284760
-0.001839905402804
0.000242114538368
0.019711779338526
0.052889738062096
0.000639268132655
-0.064969243352441
-0.026910853570840
0.109831234568578
0.108452074327962
-0.103511697102120
-0.193279186985093
0.115672840368369
0.716371692603045
1.090547414058078
0.795857221851332
0.204228863675435
0.000242114538371
-0.000064928110716
-0.007465451096983
-0.019969092241450
-0.000180442059234
0.024260632890930
0.009934701660476
-0.039958936933175
-0.037858114422088
0.034791222696576
0.060173770815827
-0.031213593381363
-0.160584510203924
-0.064889157546404
0.367625862310997
0.850804445026516
0.999935071889286
0.001098805184960
-0.004919152212236
-0.014175199632522
0.001895261958783
0.032938243583447
0.015271196081263
-0.029978336436742
-0.027054245049645
0.040935945257789
0.082467216860909
-0.021908516454628
-0.130327386517334
-0.007252301809717
0.409613236176442
0.863016666254370
1.001098805184963
