6
-1.000000000000000
-0.765055323929465
-0.285231516480645
0.285231516480645
0.765055323929466
1.000000000000000
11
-1.000000000000000
-0.870968594727903
-0.708863686752998
-0.479594730408061
-0.258206776713289
0.000000000000000
0.258206776713289
0.479594730408061
0.708863686752998
0.870968594727903
1.000000000000000
0.934872462725424
0.233550353782738
-0.135923972442604
-0.128897382627798
0.012577480632161
0.062451736154154
0.005782438362796
-0.048263134455050
-0.019569258334176
0.019827838552531
-0.000204517644399
1.001560353236746
0.288166219552225
-0.077702713462369
-0.101023695951876
0.030178784164774
0.081987900296263
0.008971857661139
-0.034530079769652
-0.011779802554173
0.027758044913625
0.014489444333913
-0.002813338529208
0.836469852713992
0.964240954052587
0.435602878581162
-0.115630437000254
-0.246123449412197
-0.024502709299184
0.099412277596483
0.034030790105628
-0.074266592323894
-0.037436910681258
0.113732419224063
0.942075802663635
1.043858210333143
0.455020360668513
-0.043861869945570
-0.194320955398115
-0.015190432181858
0.137055913252752
0.053074454873240
-0.053821572080816
0.000764861830588
-0.075906268244347
-0.261365070606941
0.136715473649113
0.791348146609167
0.996060672931405
0.631254020180499
0.015272523755689
-0.264633642524280
-0.090677903236325
0.092485467512650
-0.001062430261832
0.001566884247760
-0.183133840992252
0.160032196357918
0.845027642168943
1.082399775936283
0.676187676025153
0.050615421928008
-0.199874655524715
-0.064542335747995
0.126783219518473
0.054765630626789
-0.001062430261832
0.092485467512650
-0.090677903236325
-0.264633642524280
0.015272523755689
0.631254020180499
0.996060672931405
0.791348146609167
0.136715473649113
-0.261365070606941
-0.075906268244347
0.054765630626789
0.126783219518473
-0.064542335747995
-0.199874655524715
0.050615421928008
0.676187676025153
1.082399775936283
0.845027642168943
0.160032196357918
-0.183133840992252
0.001566884247760
-0.037436910681258
-0.074266592323894
0.034030790105628
0.099412277596483
-0.024502709299184
-0.246123449412197
-0.115630437000254
0.435602878581162
0.964240954052587
0.836469852713992
-0.002813338529208
0.000764861830588
-0.053821572080816
0.053074454873240
0.137055913252752
-0.015190432181858
-0.194320955398115
-0.043861869945570
0.455020360668513
1.043858210333143
0.942075802663635
0.113732419224063
-0.000204517644399
0.019827838552531
-0.019569258334176
-0.048263134455050
0.005782438362796
0.062451736154154
0.012577480632161
-0.128897382627798
-0.135923972442604
0.233550353782738
0.934872462725424
0.014489444333913
0.027758044913625
-0.011779802554173
-0.034530079769652
0.008971857661139
0.081987900296263
0.030178784164774
-0.101023695951876
-0.077702713462369
0.288166219552225
1.001560353236746
