4
-1.000000000000000
-0.447213595499958
0.447213595499958
1.000000000000000
6
-1.000000000000000
-0.765055323929465
-0.285231516480645
0.285231516480645
0.765055323929466
1.000000000000000
0.997198923880765
0.330394946917480
-0.186510978951661
-0.069366398781628
0.056578031621430
-0.000160697673910
1.000369340832781
0.425059029219594
-0.094970590636124
-0.049599776882596
0.098419228793055
0.002005302710936
-0.000695686577284
0.702566281551452
0.939712750188392
0.157351320361356
-0.319504347222097
-0.003535623986323
0.003913851221353
0.894114390284808
1.075412445845717
0.208414560218069
-0.184203342392476
0.000487043418412
-0.003535623986323
-0.319504347222097
0.157351320361356
0.939712750188392
0.702566281551452
-0.000695686577284
0.000487043418412
-0.184203342392476
0.208414560218069
1.075412445845717
0.894114390284808
0.003913851221353
-0.000160697673910
0.056578031621430
-0.069366398781628
-0.186510978951661
0.330394946917480
0.997198923880765
0.002005302710936
0.098419228793055
-0.049599776882596
-0.094970590636124
0.425059029219594
1.000369340832781
