7
-1.000000000000000
-0.830223896278567
-0.468848793470714
0.000000000000000
0.468848793470714
0.830223896278567
1.000000000000000
13
-1.000000000000000
-0.909010617431508
-0.792894994047663
-0.604618833113474
-0.416569124031783
-0.201899066126273
0.000000000000000
0.201899066126273
0.416569124031783
0.604618833113474
0.792894994047663
0.909010617431508
1.000000000000000
0.927826873972498
0.250944830823662
-0.139806358002034
-0.125139071100349
0.029054767142825
0.057924070612593
-0.004104713798590
-0.050309578610699
-0.015680639522653
0.023094358489031
0.008115773767322
-0.018940099762835
-0.009193473020283
1.002162802880927
0.297441230157358
-0.071978474632984
-0.092354588790202
0.050207031592127
0.077246217702184
0.002103374140838
-0.036539598817360
-0.009807967932519
0.033652462854934
0.017525367169901
-0.012194574399674
0.002162802880924
-0.003878031355714
0.828228171221897
0.969617877119147
0.374496065245043
-0.182509200136841
-0.220480955316174
-0.003712853939195
0.104796837803576
0.028908841377825
-0.089413200333456
-0.043868150968336
0.034113752680789
-0.003878031355717
0.118023215007148
0.925311161902126
1.056358454898837
0.406997759897247
-0.098808076301064
-0.177288692732747
0.013697773810820
0.141343249313322
0.042050986350896
-0.062098228010508
-0.021426330504647
0.050346194313474
0.024308597337702
-0.070259414003142
-0.266680043458430
0.123965790580300
0.827573950466553
0.976364487897722
0.521170738252142
-0.050099990947436
-0.262825154928229
-0.071373189863932
0.103866720001830
0.034520981653649
-0.079285169859207
-0.037432232286353
0.002158386046093
-0.185139550732721
0.144605369338499
0.906744191741661
1.065896388876087
0.546557398370516
0.001469140276654
-0.206755499642172
-0.053865124518413
0.147669610679287
0.062269288023139
-0.057713257065481
0.002158386046083
-0.001310165265574
0.095133735235313
-0.093819305070894
-0.275015910406412
0.098803021679430
0.734529369094780
0.999999000000002
0.734529369095143
0.098803021619943
-0.275015910323120
-0.093819305136821
0.095133735236575
-0.001310165265572
0.052543021080231
0.129945565956305
-0.059491076574485
-0.197549366363824
0.131080629007737
0.778383513845919
1.086146406115282
0.778383513845919
0.131080629008304
-0.197549366363823
-0.059491076574482
0.129945565956302
0.052543021080238
-0.037432232286353
-0.079285169859207
0.034520981653649
0.103866720001830
-0.071373189863932
-0.262825154928229
-0.050099990947436
0.521170738252142
0.976364487897722
0.827573950466553
0.123965790580300
-0.266680043458430
-0.070259414003142
0.002158386046083
-0.057713257065481
0.062269288023139
0.147669610679287
-0.053865124518413
-0.206755499642172
0.001469140276654
0.546557398370516
1.065896388876087
0.906744191741661
0.144605369338499
-0.185139550732721
0.002158386046093
-0.003878031355717
0.034113752680789
-0.043868150968336
-0.089413200333456
0.028908841377825
0.104796837803576
-0.003712853939195
-0.220480955316174
-0.182509200136841
0.374496065245043
0.969617877119147
0.828228171221897
-0.003878031355714
0.024308597337702
0.050346194313474
-0.021426330504647
-0.062098228010508
0.042050986350896
0.141343249313322
0.013697773810820
-0.177288692732747
-0.098808076301064
0.406997759897247
1.056358454898837
0.925311161902126
0.118023215007148
-0.009193473020283
-0.018940099762835
0.008115773767322
0.023094358489031
-0.015680639522653
-0.050309578610699
-0.004104713798590
0.057924070612593
0.029054767142825
-0.125139071100349
-0.139806358002034
0.250944830823662
0.927826873972498
0.002162802880924
-0.012194574399674
0.017525367169901
0.033652462854934
-0.009807967932519
-0.036539598817360
0.002103374140838
0.077246217702184
0.050207031592127
-0.092354588790202
-0.071978474632984
0.297441230157358
1.002162802880927
