8
-1.000000000000000
-0.871740148509605
-0.591700181433143
-0.209299217902479
0.209299217902479
0.591700181433143
0.871740148509605
1.000000000000000
9
-1.000000000000000
-0.949107912342758
-0.741531185599394
-0.405845151377397
0.000000000000000
0.405845151377397
0.741531185599394
0.949107912342758
1.000000000000000
0.999815510492921
0.090317855929930
-0.233555294311724
0.062776878576503
-0.069190538021902
0.026496195831340
-0.025122032647033
0.011339298546787
-0.000184489507075
1.002178406148898
0.434321277343168
-0.110053894067557
0.141885952583561
-0.037039593215896
0.042287325397831
-0.016247659668960
0.015985922137682
0.005969744867159
-0.003938350150954
0.693929486576693
0.352437697838884
-0.454936229158915
0.105314746796896
-0.114011309851086
0.044374895661039
-0.039954818059956
-0.013631887644664
0.000477166278138
1.283691552929267
0.690514346520590
-0.194508630208703
0.210047182551829
-0.070863931982251
0.066527532645066
-0.029484079593608
0.000477166278135
-0.000719344604436
-0.403237882560143
0.660243717961423
0.468927033149421
-0.500837481563108
0.115719996531819
-0.105665981367298
0.044327795401345
-0.000719344604411
0.002720758409109
-0.191129832465667
1.139658081394115
0.860632632541617
-0.201951120427138
0.200577526205769
-0.071661636327466
0.057373881563838
0.016601769356701
-0.001571069036706
0.101532706716803
-0.537551732837040
0.631154968799313
0.550918119355073
-0.526686574739533
0.113104305848051
-0.083270217694632
-0.019620677893843
0.021252254521799
0.137355491928658
-0.203570889678552
1.042893680122340
0.959157449525529
-0.206348172495034
0.178095217122537
-0.064622982494498
0.001250592493833
-0.019620677893843
-0.083270217694632
0.113104305848051
-0.526686574739533
0.550918119355073
0.631154968799313
-0.537551732837040
0.101532706716803
-0.001571069036706
0.001250592493833
-0.064622982494498
0.178095217122537
-0.206348172495034
0.959157449525529
1.042893680122340
-0.203570889678552
0.137355491928658
0.021252254521799
-0.000719344604411
0.044327795401345
-0.105665981367298
0.115719996531819
-0.500837481563108
0.468927033149421
0.660243717961423
-0.403237882560143
-0.000719344604436
0.016601769356701
0.057373881563838
-0.071661636327466
0.200577526205769
-0.201951120427138
0.860632632541617
1.139658081394115
-0.191129832465667
0.002720758409109
-0.013631887644664
-0.039954818059956
0.044374895661039
-0.114011309851086
0.105314746796896
-0.454936229158915
0.352437697838884
0.693929486576693
-0.003938350150954
0.000477166278135
-0.029484079593608
0.066527532645066
-0.070863931982251
0.210047182551829
-0.194508630208703
0.690514346520590
1.283691552929267
0.000477166278138
-0.000184489507075
0.011339298546787
-0.025122032647033
0.026496195831340
-0.069190538021902
0.062776878576503
-0.233555294311724
0.090317855929930
0.999815510492921
0.005969744867159
0.015985922137682
-0.016247659668960
0.042287325397831
-0.037039593215896
0.141885952583561
-0.110053894067557
0.434321277343168
1.002178406148898
