4
-1.000000000000000
-0.447213595499958
0.447213595499958
1.000000000000000
16
-1.000000000000000
-0.888933280030331
-0.778826808348532
-0.670664126105056
-0.550535231836626
-0.410468316488669
-0.262337615323039
-0.098149160506818
0.098149160506818
0.262337615323039
0.410468316488669
0.550535231836626
0.670664126105056
0.778826808348532
0.888933280030331
1.000000000000000
0.992417504546281
0.689365626989053
0.445916339132386
0.255090239459766
0.092572698403027
-0.035660353237120
-0.109645651512529
-0.137762066705633
-0.112473841862230
-0.060714651583568
-0.011715345640906
0.028891213253555
0.051369644365635
0.056175955572361
0.040968901286873
-0.000112085706194
1.000251931617515
0.696784069144981
0.452040372934505
0.260863830390986
0.099944144707207
-0.027725002596923
-0.103407860048748
-0.130546315165148
-0.107102188568105
-0.060237632181428
-0.010491570261617
0.031079754420501
0.053553380609658
0.058865697800089
0.044517765446120
0.004025505290405
-0.000480019431712
0.391758723653807
0.674058335994042
0.859489585304603
0.971665477951842
0.996547157057301
0.923166067910267
0.754502476794892
0.482665252825605
0.237531963948318
0.035995921624987
-0.108517557765656
-0.178892329562642
-0.190342931852088
-0.139913428992710
-0.011128547069939
0.015082724535072
0.405634932715605
0.685924122432516
0.869893979107876
0.985271222242693
1.009762446673473
0.933363318464965
0.764138100619500
0.486737743854499
0.240863428244167
0.042899653581912
-0.100498115237178
-0.171722182924932
-0.182274481607727
-0.129511694085661
0.000337486613238
-0.011128547069939
-0.139913428992710
-0.190342931852088
-0.178892329562642
-0.108517557765656
0.035995921624987
0.237531963948318
0.482665252825605
0.754502476794892
0.923166067910267
0.996547157057301
0.971665477951842
0.859489585304603
0.674058335994042
0.391758723653807
-0.000480019431712
0.000337486613238
-0.129511694085661
-0.182274481607727
-0.171722182924932
-0.100498115237178
0.042899653581912
0.240863428244167
0.486737743854499
0.764138100619500
0.933363318464965
1.009762446673473
0.985271222242693
0.869893979107876
0.685924122432516
0.405634932715605
0.015082724535072
-0.000112085706194
0.040968901286873
0.056175955572361
0.051369644365635
0.028891213253555
-0.011715345640906
-0.060714651583568
-0.112473841862230
-0.137762066705633
-0.109645651512529
-0.035660353237120
0.092572698403027
0.255090239459766
0.445916339132386
0.689365626989053
0.992417504546281
0.004025505290405
0.044517765446120
0.058865697800089
0.053553380609658
0.031079754420501
-0.010491570261617
-0.060237632181428
-0.107102188568105
-0.130546315165148
-0.103407860048748
-0.027725002596923
0.099944144707207
0.260863830390986
0.452040372934505
0.696784069144981
1.000251931617515
