5
-1.000000000000000
-0.654653670707977
0.000000000000000
0.654653670707977
1.000000000000000
16
-1.000000000000000
-0.969568046269720
-0.899200533094528
-0.792008291861017
-0.652388702882773
-0.486059421887093
-0.299830468900765
-0.101326273521950
0.101326273521949
0.299830468900764
0.486059421887142
0.652388702882451
0.792008291861938
0.899200533093325
0.969568046270279
1.000000000000000
0.999754875690113
0.849809564253708
0.554987650127724
0.226730197127998
-0.024553670355989
-0.139035648514921
-0.124008743797110
-0.041020041144697
0.033275899740972
0.062210081536432
0.042019965318969
-0.000503699856252
-0.032439285959353
-0.033226671262887
-0.014780398955490
-0.000109541510456
1.000376390712764
0.854951320980999
0.567872604634067
0.247008416899922
-0.002791404997275
-0.121353491839031
-0.115175336174004
-0.039190664395209
0.040386693828798
0.069337975345949
0.045999058798253
0.000955715806640
-0.028282854337998
-0.029842469330968
-0.012854691443801
0.000376390712763
-0.000594594115454
0.192284579443337
0.546109742857992
0.871541260147602
0.999954689717578
0.864175817575803
0.531096724520146
0.137458165241596
-0.138822496511008
-0.219358850346209
-0.137576481339387
-0.002293094542798
0.082242948297708
0.085583097061912
0.036840505120686
-0.000594594115451
0.000566356223002
0.201982994835721
0.569905879747003
0.907585208224872
1.035538371525109
0.888032142119704
0.535498391500867
0.154943775440680
-0.113149893130455
-0.197678909492716
-0.127700874101596
0.002068160952440
0.094060208765068
0.094550328931231
0.041837690366098
0.000327226743591
-0.000555426658839
-0.078313430517824
-0.186898919892613
-0.194930796173000
-0.013242969419285
0.341026045262739
0.719195280758575
0.965903972108403
0.965903972108403
0.719195280758577
0.341026045401785
-0.013242969711956
-0.194930795877078
-0.186898920145106
-0.078313430373428
-0.000555426693987
0.000422723785742
-0.071235397290888
-0.169736658239323
-0.172523480926534
0.004177725257008
0.344851443963435
0.740203960668346
1.000419383778062
1.000419383778073
0.740203960668340
0.344851443963334
0.004177725257667
-0.172523480857316
-0.169736658244559
-0.071235397103751
0.000422723785740
-0.000594594115451
0.036840505120686
0.085583097061912
0.082242948297708
-0.002293094542798
-0.137576481339387
-0.219358850346209
-0.138822496511008
0.137458165241596
0.531096724520146
0.864175817575803
0.999954689717578
0.871541260147602
0.546109742857992
0.192284579443337
-0.000594594115454
0.000327226743591
0.041837690366098
0.094550328931231
0.094060208765068
0.002068160952440
-0.127700874101596
-0.197678909492716
-0.113149893130455
0.154943775440680
0.535498391500867
0.888032142119704
1.035538371525109
0.907585208224872
0.569905879747003
0.201982994835721
0.000566356223002
-0.000109541510456
-0.014780398955490
-0.033226671262887
-0.032439285959353
-0.000503699856252
0.042019965318969
0.062210081536432
0.033275899740972
-0.041020041144697
-0.124008743797110
-0.139035648514921
-0.024553670355989
0.226730197127998
0.554987650127724
0.849809564253708
0.999754875690113
0.000376390712763
-0.012854691443801
-0.029842469330968
-0.028282854337998
0.000955715806640
0.045999058798253
0.069337975345949
0.040386693828798
-0.039190664395209
-0.115175336174004
-0.121353491839031
-0.002791404997275
0.247008416899922
0.567872604634067
0.854951320980999
1.000376390712764
