4
-1.000000000000000
-0.447213595499958
0.447213595499958
1.000000000000000
11
-1.000000000000000
-0.842890200253272
-0.680683775078830
-0.496504425552210
-0.272335917049952
0.000000000000000
0.272335917049952
0.496504425552210
0.680683775078830
0.842890200253272
1.000000000000000
0.983743365438367
0.574829817803546
0.262404986641147
0.028061087869622
-0.118918125694685
-0.139101108399863
-0.058860493212666
0.014536692203065
0.052506865922506
0.050123299678770
-0.000145475803859
1.000346232120631
0.587956562424980
0.276633562206697
0.043549950621214
-0.099984450561255
-0.124777547269294
-0.056889483766923
0.018218997495017
0.057796647551087
0.056142140970797
0.008337384271917
-0.000657214957103
0.522025329652949
0.845879292260157
0.993640633177205
0.930762646867490
0.624438887051735
0.217522016993893
-0.069508176110328
-0.190244542692073
-0.180165160766632
-0.021221133769582
0.031191657122691
0.547233170719531
0.871910376401972
1.021221666580040
0.960837269700144
0.640721631822788
0.226628210009890
-0.051707801862002
-0.175015379249254
-0.160105191756701
0.000454505224135
-0.021221133769582
-0.180165160766632
-0.190244542692073
-0.069508176110328
0.217522016993893
0.624438887051735
0.930762646867490
0.993640633177205
0.845879292260157
0.522025329652949
-0.000657214957103
0.000454505224135
-0.160105191756701
-0.175015379249254
-0.051707801862002
0.226628210009890
0.640721631822788
0.960837269700144
1.021221666580040
0.871910376401972
0.547233170719531
0.031191657122691
-0.000145475803859
0.050123299678770
0.052506865922506
0.014536692203065
-0.058860493212666
-0.139101108399863
-0.118918125694685
0.028061087869622
0.262404986641147
0.574829817803546
0.983743365438367
0.008337384271917
0.056142140970797
0.057796647551087
0.018218997495017
-0.056889483766923
-0.124777547269294
-0.099984450561255
0.043549950621214
0.276633562206697
0.587956562424980
1.000346232120631
