5
-1.000000000000000
-0.654653670707977
0.000000000000000
0.654653670707977
1.000000000000000
12
-1.000000000000000
-0.973906528517172
-0.865063366688985
-0.679409568299024
-0.433395394129247
-0.148874338981631
0.148874338981631
0.433395394129247
0.679409568299024
0.865063366688985
0.973906528517172
1.000000000000000
0.999945886611867
0.866015218815995
0.416570261207907
-0.016033396630711
-0.164467263562664
-0.064717073611084
0.045058221301201
0.051676728160903
-0.009655471788376
-0.042330400623918
-0.013550914155428
-0.000054113388134
1.000547948276880
0.875096987603316
0.451418142296809
0.033297211843872
-0.130334216706448
-0.059524103224196
0.062498294274391
0.063019440710148
-0.005774940117440
-0.032245476331233
-0.011016784498898
0.000547948276879
-0.001008769430358
0.165803225686577
0.675489046240333
0.995698138112456
0.780944753019910
0.208190774920276
-0.211529294833942
-0.187987900039549
0.017566577885784
0.092891307731550
0.031697575106457
-0.001008769430355
0.000175827908536
0.184136937693764
0.737418900469401
1.081253027822515
0.820082241253741
0.238937817553210
-0.150324264434814
-0.158839888750703
0.029347287804165
0.121204325274896
0.038045005331100
0.000175827908539
-0.000191643630467
-0.071607706557018
-0.239326709277024
-0.077155183749908
0.456026194407907
0.927266626134576
0.927266626134575
0.456026194408519
-0.077155183883675
-0.239326709135973
-0.071607706610667
-0.000191643630470
0.000704571721750
-0.061798074516513
-0.187770090522400
-0.041004058309880
0.473991799350792
1.000701231714075
1.000701231714075
0.473991799350792
-0.041004058309879
-0.187770090522700
-0.061798074476474
0.000704571721748
-0.001008769430355
0.031697575106457
0.092891307731550
0.017566577885784
-0.187987900039549
-0.211529294833942
0.208190774920276
0.780944753019910
0.995698138112456
0.675489046240333
0.165803225686577
-0.001008769430358
0.000175827908539
0.038045005331100
0.121204325274896
0.029347287804165
-0.158839888750703
-0.150324264434814
0.238937817553210
0.820082241253741
1.081253027822515
0.737418900469401
0.184136937693764
0.000175827908536
-0.000054113388134
-0.013550914155428
-0.042330400623918
-0.009655471788376
0.051676728160903
0.045058221301201
-0.064717073611084
-0.164467263562664
-0.016033396630711
0.416570261207907
0.866015218815995
0.999945886611867
0.000547948276879
-0.011016784498898
-0.032245476331233
-0.005774940117440
0.063019440710148
0.062498294274391
-0.059524103224196
-0.130334216706448
0.033297211843872
0.451418142296809
0.875096987603316
1.000547948276880
