5
-1.000000000000000
-0.654653670707977
0.000000000000000
0.654653670707977
1.000000000000000
17
-1.000000000000000
-0.973132176630162
-0.910879995918609
-0.815696251218936
-0.691028980629032
-0.541385399329780
-0.372174433565508
-0.189511973518317
-0.000000000000000
0.189511973518318
0.372174433565472
0.541385399330124
0.691028980627669
0.815696251221731
0.910879995915640
0.973132176631392
1.000000000000000
0.999754506029523
0.867198745903057
0.600533239408030
0.290288674725890
0.030645750243066
-0.115997402222313
-0.140401800281565
-0.080433063203897
-0.000050859184862
0.052709767044689
0.059302163980506
0.029335669280897
-0.010794675514247
-0.034647918886853
-0.031044670836858
-0.013156698711471
-0.000123500036521
1.000424298330458
0.871250445201258
0.610927257002363
0.307221447571291
0.050113470859733
-0.098564820126107
-0.129329218616850
-0.077036028150723
0.004139135908109
0.059786913023851
0.064706137348534
0.031810980529939
-0.008759090397513
-0.030737057654523
-0.028179154353608
-0.011483630353130
0.000424298330457
-0.000788349553017
0.170973971291168
0.495810991357058
0.818755375162814
0.991785801187507
0.933854764954778
0.671475650963158
0.305948963128364
-0.020791047654039
-0.195475003277607
-0.201091544995568
-0.093493073919056
0.026150061955635
0.088998914045661
0.080669983642202
0.032888591003792
-0.000788349553015
0.000569261541814
0.178941234818010
0.514903956509616
0.849671113202533
1.024188579658671
0.959976340462602
0.681872984976259
0.315139798660737
0.000001000000000
-0.173325345302797
-0.184888736639903
-0.088185423675228
0.032109937959194
0.099969689793924
0.088303597529209
0.037212117429301
0.000384719716089
-0.000870631944450
-0.069668454720290
-0.173994373887583
-0.204014685022543
-0.077734730820745
0.217342558323402
0.582626763689697
0.882864881889818
0.999998999999999
0.882864881889818
0.582626763687633
0.217342558336005
-0.077734730835013
-0.204014685012160
-0.173994373896149
-0.069668454716705
-0.000870631944514
0.000564331620228
-0.063793147968972
-0.159392848471414
-0.184402449950304
-0.059457336326578
0.223982517607091
0.595035269236586
0.910104705952492
1.031587894207539
0.910104705952787
0.595035269235430
0.223982517606441
-0.059457336325230
-0.184402449949566
-0.159392848475994
-0.063793147966027
0.000564331620225
-0.000788349553015
0.032888591003792
0.080669983642202
0.088998914045661
0.026150061955635
-0.093493073919056
-0.201091544995568
-0.195475003277607
-0.020791047654039
0.305948963128364
0.671475650963158
0.933854764954778
0.991785801187507
0.818755375162814
0.495810991357058
0.170973971291168
-0.000788349553017
0.000384719716089
0.037212117429301
0.088303597529209
0.099969689793924
0.032109937959194
-0.088185423675228
-0.184888736639903
-0.173325345302797
0.000001000000000
0.315139798660737
0.681872984976259
0.959976340462602
1.024188579658671
0.849671113202533
0.514903956509616
0.178941234818010
0.000569261541814
-0.000123500036521
-0.013156698711471
-0.031044670836858
-0.034647918886853
-0.010794675514247
0.029335669280897
0.059302163980506
0.052709767044689
-0.000050859184862
-0.080433063203897
-0.140401800281565
-0.115997402222313
0.030645750243066
0.290288674725890
0.600533239408030
0.867198745903057
0.999754506029523
0.000424298330457
-0.011483630353130
-0.028179154353608
-0.030737057654523
-0.008759090397513
0.031810980529939
0.064706137348534
0.059786913023851
0.004139135908109
-0.077036028150723
-0.129329218616850
-0.098564820126107
0.050113470859733
0.307221447571291
0.610927257002363
0.871250445201258
1.000424298330458
