4
-1.000000000000000
-0.447213595499958
0.447213595499958
1.000000000000000
12
-1.000000000000000
-0.973906528517172
-0.865063366688985
-0.679409568299024
-0.433395394129247
-0.148874338981631
0.148874338981631
0.433395394129247
0.679409568299024
0.865063366688985
0.973906528517172
1.000000000000000
0.999905946215270
0.920446834339786
0.626158023590891
0.250704979222741
-0.037839801449535
-0.148374420061456
-0.102504678432684
-0.004400045948278
0.052360184935081
0.046243017926517
0.012114841820584
-0.000094053784730
1.000203220629455
0.923609533026971
0.639175267557584
0.274683158835638
-0.010713015732195
-0.127576196691863
-0.094414180174285
-0.000426909181721
0.061800694702719
0.051846493782387
0.014101901387948
0.000203220629455
-0.000385710253429
0.101917604057976
0.461543931593154
0.847517912522041
0.999166662900739
0.814337727836583
0.404972043930307
-0.008583465889299
-0.202905070769257
-0.165364535218410
-0.042172892475263
-0.000385710253431
0.000276543408705
0.108044479454970
0.486501319568279
0.891538294569558
1.045933988933568
0.843727079424501
0.410020073529267
0.015946398779734
-0.174561256292761
-0.146962217077256
-0.037641978905543
0.000276543408704
-0.000385710253431
-0.042172892475263
-0.165364535218410
-0.202905070769257
-0.008583465889299
0.404972043930307
0.814337727836583
0.999166662900739
0.847517912522041
0.461543931593154
0.101917604057976
-0.000385710253429
0.000276543408704
-0.037641978905543
-0.146962217077256
-0.174561256292761
0.015946398779734
0.410020073529267
0.843727079424501
1.045933988933568
0.891538294569558
0.486501319568279
0.108044479454970
0.000276543408705
-0.000094053784730
0.012114841820584
0.046243017926517
0.052360184935081
-0.004400045948278
-0.102504678432684
-0.148374420061456
-0.037839801449535
0.250704979222741
0.626158023590891
0.920446834339786
0.999905946215270
0.000203220629455
0.014101901387948
0.051846493782387
0.061800694702719
-0.000426909181721
-0.094414180174285
-0.127576196691863
-0.010713015732195
0.274683158835638
0.639175267557584
0.923609533026971
1.000203220629455
