8
-1.000000000000000
-0.871740148509605
-0.591700181433143
-0.209299217902479
0.209299217902479
0.591700181433143
0.871740148509605
1.000000000000000
14
-1.000000000000000
-0.970941817426052
-0.885456025653210
-0.748510748171101
-0.568064746731156
-0.354604887042536
-0.120536680255323
0.120536680255323
0.354604887042535
0.568064746731156
0.748510748171101
0.885456025653210
0.970941817426052
1.000000000000000
0.999738219508806
0.593157952889782
-0.051646343596982
-0.172627906622387
0.017565824099593
0.052850223357038
-0.044543250635530
-0.034111625456609
0.025089310519475
0.002660978311340
-0.027750715240064
0.002726084235887
0.009379665400146
-0.000261780491190
1.001672908309115
0.643263051686091
0.049303651708211
-0.125758909680490
0.048518904523931
0.079177932876306
-0.025957962652183
-0.019924980525804
0.037366574273575
0.011875186409469
-0.016733924602904
0.006064502041558
0.018050825554488
0.001672908309119
-0.003067186493324
0.457669627517902
0.991429180734888
0.620400729788731
-0.183967421545522
-0.220319374880847
0.075506262965673
0.056167308980594
-0.100081084999054
-0.028481688583674
0.045176997580462
-0.014527634287997
-0.045651525995014
-0.003067186493326
0.000924632496104
0.556023582722356
1.150877032824235
0.665532857820462
-0.060689110625102
-0.159956916480318
0.127154365292764
0.092437789135762
-0.067088553902446
-0.006649535575005
0.073168119430066
-0.006869818456943
-0.024122928070199
0.000924632496102
-0.001024091793459
-0.254006033175066
-0.111071127300498
0.629472804560264
0.992153545518969
0.414927900465584
-0.278997922658423
-0.137154078211654
0.111108367857974
0.010246015856441
-0.113010500240202
0.010806054262683
0.036553723313397
-0.001024091793434
0.002194208699062
-0.152325228530051
-0.058012476313261
0.729844252616409
1.143468822355089
0.461092587822328
-0.157321677844270
-0.101246897175989
0.172055001324032
0.033037402385012
-0.071989811010933
0.019603044033032
0.066230410614781
0.002194208699088
-0.001317050877284
0.083400613548379
0.027413936153025
-0.310841973701674
0.003109007662184
0.798457275508422
0.926015598745817
0.193631597363869
-0.323989032865345
-0.037574499423577
0.112801651240392
-0.027342142667506
-0.094984661147849
-0.001317050877316
0.001531174012522
0.146914016063682
0.045224179894187
-0.201292056533481
0.073009947143004
0.924985572244377
1.062463108606122
0.250411875925108
-0.205289371170825
-0.014563276710385
0.177306470671002
-0.016138701036560
-0.053165711003997
0.001531174012490
-0.001317050877316
-0.094984661147849
-0.027342142667506
0.112801651240392
-0.037574499423577
-0.323989032865345
0.193631597363869
0.926015598745817
0.798457275508422
0.003109007662184
-0.310841973701674
0.027413936153025
0.083400613548379
-0.001317050877284
0.001531174012490
-0.053165711003997
-0.016138701036560
0.177306470671002
-0.014563276710385
-0.205289371170825
0.250411875925108
1.062463108606122
0.924985572244377
0.073009947143004
-0.201292056533481
0.045224179894187
0.146914016063682
0.001531174012522
-0.001024091793434
0.036553723313397
0.010806054262683
-0.113010500240202
0.010246015856441
0.111108367857974
-0.137154078211654
-0.278997922658423
0.414927900465584
0.992153545518969
0.629472804560264
-0.111071127300498
-0.254006033175066
-0.001024091793459
0.002194208699088
0.066230410614781
0.019603044033032
-0.071989811010933
0.033037402385012
0.172055001324032
-0.101246897175989
-0.157321677844270
0.461092587822328
1.143468822355089
0.729844252616409
-0.058012476313261
-0.152325228530051
0.002194208699062
-0.003067186493326
-0.045651525995014
-0.014527634287997
0.045176997580462
-0.028481688583674
-0.100081084999054
0.056167308980594
0.075506262965673
-0.220319374880847
-0.183967421545522
0.620400729788731
0.991429180734888
0.457669627517902
-0.003067186493324
0.000924632496102
-0.024122928070199
-0.006869818456943
0.073168119430066
-0.006649535575005
-0.067088553902446
0.092437789135762
0.127154365292764
-0.159956916480318
-0.060689110625102
0.665532857820462
1.150877032824235
0.556023582722356
0.000924632496104
-0.000261780491190
0.009379665400146
0.002726084235887
-0.027750715240064
0.002660978311340
0.025089310519475
-0.034111625456609
-0.044543250635530
0.052850223357038
0.017565824099593
-0.172627906622387
-0.051646343596982
0.593157952889782
0.999738219508806
0.001672908309119
0.018050825554488
0.006064502041558
-0.016733924602904
0.011875186409469
0.037366574273575
-0.019924980525804
-0.025957962652183
0.079177932876306
0.048518904523931
-0.125758909680490
0.049303651708211
0.643263051686091
1.001672908309115
