3
-1.000000000000000
0.000000000000000
1.000000000000000
6
-1.000000000000000
-0.765055323929465
-0.285231516480645
0.285231516480645
0.765055323929466
1.000000000000000
0.999184332698092
0.656248234553246
0.142614758242516
-0.142616758242516
-0.108807089373711
-0.000815667302193
1.000084457360706
0.675183486398300
0.183365834174896
-0.101865682305749
-0.089871837628323
0.000084457360707
-0.000167913925611
0.414689351327181
0.918500845917403
0.918500848077825
0.414689351327180
-0.000167913925611
0.001630334963686
0.452557854783174
1.000001000000012
1.000000999999988
0.452557854795617
0.001630334867470
-0.000815667302193
-0.108807089373711
-0.142616758242516
0.142614758242516
0.656248234553246
0.999184332698092
0.000084457360707
-0.089871837628323
-0.101865682305749
0.183365834174896
0.675183486398300
1.000084457360706
