8
-1.000000000000000
-0.871740148509605
-0.591700181433143
-0.209299217902479
0.209299217902479
0.591700181433143
0.871740148509605
1.000000000000000
7
-1.000000000000000
-0.666666666666667
-0.333333333333333
0.000000000000000
0.333333333333333
0.666666666666667
1.000000000000000
0.109634695768400
-0.293875494407576
0.046632688348026
-0.078729628764417
0.023313072435818
-0.024766608887452
-0.000268876457201
1.000203270535900
-0.050593467428707
0.180510298717003
-0.039061500000000
0.041666982602997
-0.005690344430800
0.015107322293492
-0.000534141715493
0.105850036448976
-0.484708631500771
0.108839023398811
-0.111283035343736
0.015751646098529
-0.039520766693497
1.418303018441635
0.485370666449579
-0.137942525289265
0.233365814817640
-0.062647694948111
0.064954315131518
0.000504236871086
-0.576087124419179
0.915269683132102
0.248501374237243
-0.436203665361177
0.101710989136916
-0.102128681561900
-0.002170216866694
0.000806530257744
1.205927573897320
0.585196747504954
-0.204028353469557
0.180861659389970
-0.028286014260860
0.060593901739766
-0.000599857039122
-0.269254549651553
0.851299471091544
0.610276020634649
-0.393375242536798
0.086130991263365
-0.099513030688684
0.167416650516843
-0.164961955104443
1.122015538864044
0.847814535418866
-0.192309933460128
0.155381287395709
0.002415907000739
-0.099513030688684
0.086130991263365
-0.393375242536798
0.610276020634649
0.851299471091544
-0.269254549651553
-0.000599857039122
0.002415907000739
0.155381287395709
-0.192309933460128
0.847814535418866
1.122015538864044
-0.164961955104443
0.167416650516843
-0.002170216866694
-0.102128681561900
0.101710989136916
-0.436203665361177
0.248501374237243
0.915269683132102
-0.576087124419179
0.060593901739766
-0.028286014260860
0.180861659389970
-0.204028353469557
0.585196747504954
1.205927573897320
0.000806530257744
-0.039520766693497
0.015751646098529
-0.111283035343736
0.108839023398811
-0.484708631500771
0.105850036448976
-0.000534141715493
0.000504236871086
0.064954315131518
-0.062647694948111
0.233365814817640
-0.137942525289265
0.485370666449579
1.418303018441635
-0.000268876457201
-0.024766608887452
0.023313072435818
-0.078729628764417
0.046632688348026
-0.293875494407576
0.109634695768400
0.015107322293492
-0.005690344430800
0.041666982602997
-0.039061500000000
0.180510298717003
-0.050593467428707
1.000203270535900
