4
-1.000000000000000
-0.447213595499958
0.447213595499958
1.000000000000000
10
-1.000000000000000
-0.777777777777778
-0.555555555555556
-0.333333333333333
-0.111111111111111
0.111111111111111
0.333333333333333
0.555555555555555
0.777777777777778
1.000000000000000
0.969535649741971
0.423778594344867
0.085381537675378
-0.089892751999704
-0.140380241104213
-0.109755887944351
-0.037357844685003
0.030176366376672
0.056239466513846
-0.000001960097951
1.000001473798744
0.449932886693119
0.105625616459923
-0.074072600275331
-0.130314026887127
-0.104250926749953
-0.036472581055899
0.035153163356221
0.066969853093279
0.015060558121494
-0.000002148539505
0.676334637262923
0.968875623836987
0.969640069516011
0.770647232633319
0.463916371522237
0.131156493559070
-0.125294006965864
-0.215853590190594
-0.043371420952662
0.058897149000255
0.724992527520275
1.004900691446867
0.995240361666550
0.783963497649603
0.466792299367887
0.141472281739528
-0.104676852828362
-0.182506236624669
0.000003388683932
-0.043371420952662
-0.215853590190594
-0.125294006965864
0.131156493559070
0.463916371522237
0.770647232633319
0.969640069516011
0.968875623836987
0.676334637262923
-0.000002148539505
0.000003388683932
-0.182506236624669
-0.104676852828362
0.141472281739528
0.466792299367887
0.783963497649603
0.995240361666550
1.004900691446867
0.724992527520275
0.058897149000255
-0.000001960097951
0.056239466513846
0.030176366376672
-0.037357844685003
-0.109755887944351
-0.140380241104213
-0.089892751999704
0.085381537675378
0.423778594344867
0.969535649741971
0.015060558121494
0.066969853093279
0.035153163356221
-0.036472581055899
-0.104250926749953
-0.130314026887127
-0.074072600275331
0.105625616459923
0.449932886693119
1.000001473798744
