8
-1.000000000000000
-0.871740148509605
-0.591700181433143
-0.209299217902479
0.209299217902479
0.591700181433143
0.871740148509605
1.000000000000000
16
-1.000000000000000
-0.978147600733806
-0.913545457642601
-0.809016994374947
-0.669130606358858
-0.500000000000000
-0.309016994374947
-0.104528463267653
0.104528463267653
0.309016994374947
0.500000000000000
0.669130606358858
0.809016994374947
0.913545457642601
0.978147600733806
1.000000000000000
0.999790770426323
0.694256328321433
0.112904410177462
-0.175189980599799
-0.075030687286211
0.052916480468750
0.038226449269332
-0.044247914128000
-0.034326989459051
0.020087041735775
0.017503362828627
-0.018693857274967
-0.018560799537475
0.008135001383287
0.007815885775016
-0.000209229573673
1.001431670957132
0.723725788253814
0.183825501985014
-0.118820816072759
-0.064505203771449
0.080883281492568
0.048370008610775
-0.029597089523438
-0.023667358520582
0.029709508306918
0.026339498091444
-0.012296204261902
-0.011160456114701
0.011761954365001
0.013796460329809
0.001431670957136
-0.001700356373216
0.359782339057994
0.921076139426609
0.878637494884155
0.218670470073223
-0.262771013339624
-0.134410036064899
0.086274425961155
0.067264025145894
-0.077969637528804
-0.067601899149578
0.034419108259941
0.031217147814673
-0.028596675829922
-0.033818836170633
-0.001700356373218
0.000650831655248
0.409362262634215
1.049814921277530
0.944161257069488
0.273493922396640
-0.172879231064537
-0.113867199334709
0.125464113700887
0.093645693850621
-0.054002655487027
-0.046394573630213
0.049363307148653
0.048530929199941
-0.021073298154447
-0.020193608637940
0.000650342288123
-0.001006861953539
-0.166678713635845
-0.224655766672363
0.316078355319223
0.909529272236099
0.891297435360097
0.250304633986736
-0.266966884076443
-0.148172322658401
0.090151245071270
0.074183307297649
-0.077136057443652
-0.073628593891852
0.031776258016556
0.030245722815836
-0.001006861953513
0.001067236880620
-0.125877885247094
-0.152228557384719
0.334583995314719
1.027074129836580
0.974019399685532
0.290796838389968
-0.175358848983309
-0.121923212055395
0.128451584785133
0.105442575118015
-0.055097480809112
-0.049181896147834
0.041664788386356
0.049235778500556
0.001067236880646
-0.001062773315713
0.069103870366631
0.075983709324472
-0.163491328354292
-0.253768647592721
0.289392925783796
0.902692175207091
0.898161790731561
0.270385230391800
-0.263851216331786
-0.156582131293748
0.087577356131791
0.074912534141361
-0.060929190122381
-0.071116011440359
-0.001062773315745
0.000892009233375
0.108168777083575
0.097263186081236
-0.128003527903588
-0.168407949369635
0.310814817660880
1.010678368915411
0.991079229933596
0.300589869252548
-0.173281974271195
-0.126192984482204
0.121332543065610
0.109950110586546
-0.047432716453657
-0.044540074241147
0.000892009233343
-0.001062773315745
-0.071116011440359
-0.060929190122381
0.074912534141361
0.087577356131791
-0.156582131293748
-0.263851216331786
0.270385230391800
0.898161790731561
0.902692175207091
0.289392925783796
-0.253768647592721
-0.163491328354292
0.075983709324472
0.069103870366631
-0.001062773315713
0.000892009233343
-0.044540074241147
-0.047432716453657
0.109950110586546
0.121332543065610
-0.126192984482204
-0.173281974271195
0.300589869252548
0.991079229933596
1.010678368915411
0.310814817660880
-0.168407949369635
-0.128003527903588
0.097263186081236
0.108168777083575
0.000892009233375
-0.001006861953513
0.030245722815836
0.031776258016556
-0.073628593891852
-0.077136057443652
0.074183307297649
0.090151245071270
-0.148172322658401
-0.266966884076443
0.250304633986736
0.891297435360097
0.909529272236099
0.316078355319223
-0.224655766672363
-0.166678713635845
-0.001006861953539
0.001067236880646
0.049235778500556
0.041664788386356
-0.049181896147834
-0.055097480809112
0.105442575118015
0.128451584785133
-0.121923212055395
-0.175358848983309
0.290796838389968
0.974019399685532
1.027074129836580
0.334583995314719
-0.152228557384719
-0.125877885247094
0.001067236880620
-0.001700356373218
-0.033818836170633
-0.028596675829922
0.031217147814673
0.034419108259941
-0.067601899149578
-0.077969637528804
0.067264025145894
0.086274425961155
-0.134410036064899
-0.262771013339624
0.218670470073223
0.878637494884155
0.921076139426609
0.359782339057994
-0.001700356373216
0.000650342288123
-0.020193608637940
-0.021073298154447
0.048530929199941
0.049363307148653
-0.046394573630213
-0.054002655487027
0.093645693850621
0.125464113700887
-0.113867199334709
-0.172879231064537
0.273493922396640
0.944161257069488
1.049814921277530
0.409362262634215
0.000650831655248
-0.000209229573673
0.007815885775016
0.008135001383287
-0.018560799537475
-0.018693857274967
0.017503362828627
0.020087041735775
-0.034326989459051
-0.044247914128000
0.038226449269332
0.052916480468750
-0.075030687286211
-0.175189980599799
0.112904410177462
0.694256328321433
0.999790770426323
0.001431670957136
0.013796460329809
0.011761954365001
-0.011160456114701
-0.012296204261902
0.026339498091444
0.029709508306918
-0.023667358520582
-0.029597089523438
0.048370008610775
0.080883281492568
-0.064505203771449
-0.118820816072759
0.183825501985014
0.723725788253814
1.001431670957132
