6
-1.000000000000000
-0.765055323929465
-0.285231516480645
0.285231516480645
0.765055323929466
1.000000000000000
10
-1.000000000000000
-0.960289856497536
-0.796666477413627
-0.525532409916329
-0.183434642495650
0.183434642495650
0.525532409916329
0.796666477413627
0.960289856497536
1.000000000000000
0.999900343423108
0.679487077813883
-0.056837887675404
-0.174303643347750
0.040868535656856
0.025192471554469
-0.060885236550301
0.007216825923639
0.014760343690675
-0.000099656576893
1.001407700771271
0.729400962412286
0.064416075651981
-0.119182321732099
0.076015549134078
0.051805091758577
-0.036099192046477
0.011959147139753
0.032924465721000
0.001407700771270
-0.002154654610631
0.352248266999629
0.987233594746779
0.538473269313112
-0.279276224796682
-0.120746883076387
0.103480292992594
-0.031281459607540
-0.087539675598205
-0.002154654610629
0.000286036761437
0.453172319015474
1.181294089242335
0.611124136394963
-0.136749688962524
-0.072489486179930
0.175672294143420
-0.019798980711818
-0.039942219768470
0.000286036761440
-0.000451422656934
-0.244489682626259
-0.132903901296216
0.686459688959566
0.945884336304254
0.129384214229531
-0.342536204953388
0.034775976756191
0.067023209967594
-0.000451422656936
0.001070035788625
-0.123432329366749
-0.073881706517751
0.838393786762669
1.110791758667185
0.206496002391048
-0.202528014341801
0.052928478910711
0.144857615812799
0.001070035788621
-0.000451422656936
0.067023209967594
0.034775976756191
-0.342536204953388
0.129384214229531
0.945884336304254
0.686459688959566
-0.132903901296216
-0.244489682626259
-0.000451422656934
0.001070035788621
0.144857615812799
0.052928478910711
-0.202528014341801
0.206496002391048
1.110791758667185
0.838393786762669
-0.073881706517751
-0.123432329366749
0.001070035788625
-0.002154654610629
-0.087539675598205
-0.031281459607540
0.103480292992594
-0.120746883076387
-0.279276224796682
0.538473269313112
0.987233594746779
0.352248266999629
-0.002154654610631
0.000286036761440
-0.039942219768470
-0.019798980711818
0.175672294143420
-0.072489486179930
-0.136749688962524
0.611124136394963
1.181294089242335
0.453172319015474
0.000286036761437
-0.000099656576893
0.014760343690675
0.007216825923639
-0.060885236550301
0.025192471554469
0.040868535656856
-0.174303643347750
-0.056837887675404
0.679487077813883
0.999900343423108
0.001407700771270
0.032924465721000
0.011959147139753
-0.036099192046477
0.051805091758577
0.076015549134078
-0.119182321732099
0.064416075651981
0.729400962412286
1.001407700771271
