5
-1.000000000000000
-0.654653670707977
0.000000000000000
0.654653670707977
1.000000000000000
15
-1.000000000000000
-0.974927912181824
-0.900968867902419
-0.781831482468030
-0.623489801858734
-0.433883739117558
-0.222520933956314
-0.000000000000000
0.222520933956314
0.433883739117558
0.623489801858733
0.781831482468029
0.900968867902419
0.974927912181824
1.000000000000000
0.999898209254883
0.874482265228072
0.558869489563577
0.197629958348703
-0.061504331881689
-0.149568861045989
-0.096121278250469
-0.000045347485928
0.057380361584079
0.051607267971211
0.007467408273386
-0.031788676427872
-0.033734699662828
-0.012734694650105
-0.000101790745118
1.000451113866952
0.879545164045833
0.574234171713711
0.223106813512982
-0.034908704693638
-0.130492341551706
-0.089848335900575
0.005699799278307
0.067367546793773
0.057535475367443
0.008991964643720
-0.026819276909878
-0.029580009026175
-0.010767362797006
0.000451113866951
-0.000881520810259
0.160137702409094
0.538697291340526
0.890591248917102
0.993831655652096
0.782028966596645
0.369490431179197
-0.028790215938773
-0.216698108438662
-0.175877048057931
-0.025073852806227
0.078092168940479
0.084786023588840
0.030884424186062
-0.000855340532492
0.000366436444978
0.169276599401484
0.568461138094230
0.934363659193976
1.038147837814881
0.803817898468010
0.379109460192361
0.000001000000000
-0.186552416398395
-0.158560545947004
-0.021346430175649
0.092539004911271
0.095881146671122
0.036125349993781
0.000366436444980
-0.000716223642450
-0.068420809700458
-0.187664451834523
-0.195542198565345
0.039933130505281
0.454546082717409
0.840263440921837
0.999998999999999
0.840263440921841
0.454546082718139
0.039933130502878
-0.195542198562570
-0.187664451836259
-0.068420809699423
-0.000716223642452
0.000611390729097
-0.059972825471637
-0.168312506666622
-0.165146069008907
0.057341879308944
0.464136248507816
0.875260118559304
1.044263476389498
0.875260118546068
0.464136248515963
0.057341879308944
-0.165146069008907
-0.168312506666624
-0.059972825471656
0.000611390729489
-0.000855340532492
0.030884424186062
0.084786023588840
0.078092168940479
-0.025073852806227
-0.175877048057931
-0.216698108438662
-0.028790215938773
0.369490431179197
0.782028966596645
0.993831655652096
0.890591248917102
0.538697291340526
0.160137702409094
-0.000881520810259
0.000366436444980
0.036125349993781
0.095881146671122
0.092539004911271
-0.021346430175649
-0.158560545947004
-0.186552416398395
0.000001000000000
0.379109460192361
0.803817898468010
1.038147837814881
0.934363659193976
0.568461138094230
0.169276599401484
0.000366436444978
-0.000101790745118
-0.012734694650105
-0.033734699662828
-0.031788676427872
0.007467408273386
0.051607267971211
0.057380361584079
-0.000045347485928
-0.096121278250469
-0.149568861045989
-0.061504331881689
0.197629958348703
0.558869489563577
0.874482265228072
0.999898209254883
0.000451113866951
-0.010767362797006
-0.029580009026175
-0.026819276909878
0.008991964643720
0.057535475367443
0.067367546793773
0.005699799278307
-0.089848335900575
-0.130492341551706
-0.034908704693638
0.223106813512982
0.574234171713711
0.879545164045833
1.000451113866952
