6
-1.000000000000000
-0.765055323929465
-0.285231516480645
0.285231516480645
0.765055323929466
1.000000000000000
17
-1.000000000000000
-0.875000000000000
-0.750000000000000
-0.625000000000000
-0.500000000000000
-0.375000000000000
-0.250000000000000
-0.125000000000000
0.000000000000000
0.125000000000000
0.250000000000000
0.375000000000000
0.500000000000000
0.625000000000000
0.750000000000000
0.875000000000000
1.000000000000000
0.934534366873305
0.255921657007065
-0.050952564458925
-0.144712185804027
-0.115804631618248
-0.048227969597263
0.016142140702954
0.055186924337117
0.062472314820660
0.042888617801487
0.009237138517390
-0.024019046761824
-0.040237999177453
-0.032590244797926
-0.004060604100280
0.020241691040037
-0.000121073145653
1.001410128575327
0.303641365600584
-0.023981506343181
-0.127380292333230
-0.109974369431319
-0.045513443598141
0.021203687626514
0.060848636079522
0.067565135007537
0.046157975213978
0.011116105436807
-0.020239058936928
-0.035743538941883
-0.028261023391511
-0.002193194477183
0.027962073109815
0.013388811910962
-0.002402071834077
0.822543718060355
0.995208508373531
0.817319752728107
0.496004055000228
0.167690188358839
-0.073412113165774
-0.196968927393524
-0.207240613441568
-0.136765572603635
-0.030860811867699
0.059813038969862
0.102565975258264
0.080238896650920
0.007491848144161
-0.074761208761301
-0.034493448623623
0.122190156052167
0.907484203214143
1.036423504365362
0.839421953058173
0.500716165376710
0.181849938847637
-0.056116397326984
-0.179805370083809
-0.194560932686452
-0.129172125660910
-0.026538711581641
0.069306020680324
0.113719904107973
0.090549650381831
0.010988747012682
-0.055117966693583
0.000354075847858
-0.088023662822590
-0.242793110975812
0.025784468879919
0.408324717406427
0.747438644344944
0.955016939080331
0.993187796133073
0.870560421884907
0.631697900352255
0.336919909142182
0.054213902987321
-0.146375420866090
-0.222086640375137
-0.165164216105118
-0.018433014327172
0.094374999339931
-0.000591133397373
0.001373139823077
-0.185661699675212
0.040406336929250
0.416205511961582
0.767371011481895
0.978665950452419
1.015914121063010
0.887269734533211
0.640806378945674
0.341588302190888
0.066574923107874
-0.128716102019222
-0.203399676326188
-0.151407101387598
-0.015374586653903
0.125088696807320
0.053676007557271
-0.000591133397373
0.094374999339931
-0.018433014327172
-0.165164216105118
-0.222086640375137
-0.146375420866090
0.054213902987321
0.336919909142182
0.631697900352255
0.870560421884907
0.993187796133073
0.955016939080331
0.747438644344944
0.408324717406427
0.025784468879919
-0.242793110975812
-0.088023662822590
0.053676007557271
0.125088696807320
-0.015374586653903
-0.151407101387598
-0.203399676326188
-0.128716102019222
0.066574923107874
0.341588302190888
0.640806378945674
0.887269734533211
1.015914121063010
0.978665950452419
0.767371011481895
0.416205511961582
0.040406336929250
-0.185661699675212
0.001373139823077
-0.034493448623623
-0.074761208761301
0.007491848144161
0.080238896650920
0.102565975258264
0.059813038969862
-0.030860811867699
-0.136765572603635
-0.207240613441568
-0.196968927393524
-0.073412113165774
0.167690188358839
0.496004055000228
0.817319752728107
0.995208508373531
0.822543718060355
-0.002402071834077
0.000354075847858
-0.055117966693583
0.010988747012682
0.090549650381831
0.113719904107973
0.069306020680324
-0.026538711581641
-0.129172125660910
-0.194560932686452
-0.179805370083809
-0.056116397326984
0.181849938847637
0.500716165376710
0.839421953058173
1.036423504365362
0.907484203214143
0.122190156052167
-0.000121073145653
0.020241691040037
-0.004060604100280
-0.032590244797926
-0.040237999177453
-0.024019046761824
0.009237138517390
0.042888617801487
0.062472314820660
0.055186924337117
0.016142140702954
-0.048227969597263
-0.115804631618248
-0.144712185804027
-0.050952564458925
0.255921657007065
0.934534366873305
0.013388811910962
0.027962073109815
-0.002193194477183
-0.028261023391511
-0.035743538941883
-0.020239058936928
0.011116105436807
0.046157975213978
0.067565135007537
0.060848636079522
0.021203687626514
-0.045513443598141
-0.109974369431319
-0.127380292333230
-0.023981506343181
0.303641365600584
1.001410128575327
