8
-1.000000000000000
-0.871740148509605
-0.591700181433143
-0.209299217902479
0.209299217902479
0.591700181433143
0.871740148509605
1.000000000000000
6
-1.000000000000000
-0.600000000000000
-0.200000000000000
0.200000000000000
0.600000000000000
1.000000000000000
-0.036273167972620
-0.214480657423597
-0.027327500571637
-0.056546573032581
-0.013600184921852
-0.028653436312878
1.000003604241664
0.028897537668215
0.128199665354349
0.014736696606247
0.041874464764509
0.007431858499479
-0.000001428030018
-0.165058999131893
-0.261505161145020
-0.044200431668085
-0.105216567687754
-0.019708867948682
1.553025971384320
0.141337227474025
0.098813650072890
0.124900029942536
0.036680633125578
0.072815869179289
-0.486912266604393
0.999002409052253
-0.253813482009651
-0.157995203045062
-0.060361454449073
-0.108263510667119
0.001049535292610
1.234980598490911
-0.021571067295140
0.102898928705025
0.134715886310174
0.033457714457612
-0.163006025093518
-0.232297174776355
0.999156823864685
-0.229784520268600
-0.193170291119212
-0.050131766406390
0.114946268509969
0.023551639243675
1.307333076938402
0.022701718488296
0.104465845454131
0.138732418503488
-0.050131766406390
-0.193170291119212
-0.229784520268600
0.999156823864685
-0.232297174776355
-0.163006025093518
0.138732418503488
0.104465845454131
0.022701718488296
1.307333076938402
0.023551639243675
0.114946268509969
-0.108263510667119
-0.060361454449073
-0.157995203045062
-0.253813482009651
0.999002409052253
-0.486912266604393
0.033457714457612
0.134715886310174
0.102898928705025
-0.021571067295140
1.234980598490911
0.001049535292610
-0.019708867948682
-0.105216567687754
-0.044200431668085
-0.261505161145020
-0.165058999131893
-0.000001428030018
0.072815869179289
0.036680633125578
0.124900029942536
0.098813650072890
0.141337227474025
1.553025971384320
-0.028653436312878
-0.013600184921852
-0.056546573032581
-0.027327500571637
-0.214480657423597
-0.036273167972620
0.007431858499479
0.041874464764509
0.014736696606247
0.128199665354349
0.028897537668215
1.000003604241664
