3
-1.000000000000000
0.000000000000000
1.000000000000000
4
-1.000000000000000
-0.500000000000000
0.500000000000000
1.000000000000000
0.999998498999111
0.249998999835504
-0.250000999835504
-0.000001501000889
1.000251124999874
0.375001000000000
-0.124999000000000
0.000251124999875
-0.000501249999750
0.749999000000000
0.749998999999999
-0.000501249999750
0.000002002003004
1.000001000000005
1.000000999999995
0.000002002003004
-0.000001501000889
-0.250000999835504
0.249998999835504
0.999998498999111
0.000251124999875
-0.124999000000000
0.375001000000000
1.000251124999874
