6
-1.000000000000000
-0.765055323929465
-0.285231516480645
0.285231516480645
0.765055323929466
1.000000000000000
15
-1.000000000000000
-0.918963999492895
-0.824863699008049
-0.702777222458827
-0.534401544370404
-0.360331433330900
-0.182327342464465
0.000000000000000
0.182327342464465
0.360331433330900
0.534401544370404
0.702777222458827
0.824863699008049
0.918963999492895
1.000000000000000
0.975573381623337
0.471446762360968
0.111772820844293
-0.117212319329500
-0.142622958661831
-0.039536048205304
0.041195003002203
0.062473196397245
0.028369649103264
-0.022598702921332
-0.044158757945945
-0.017502334977376
0.013006458210630
0.021036322075917
-0.000150598109835
1.001149871396810
0.498172966246970
0.136607521675273
-0.083911753019661
-0.122307028701059
-0.035825017929990
0.051866210736188
0.071191267728004
0.031963418431926
-0.017447598898379
-0.036366107885213
-0.013576748031619
0.015984216065203
0.026338619098011
0.005891900316207
-0.002108360228598
0.624967870121980
0.951511935442740
0.957266840534986
0.590820487980581
0.122430127795900
-0.173339542127284
-0.219073553781128
-0.091782852664392
0.051467183842404
0.103446050676456
0.038590814237686
-0.042798963401805
-0.070442353500815
-0.014805955170199
0.048685558479725
0.671146359441813
0.996534238961759
1.004954831439039
0.606904453467193
0.148606656469052
-0.137807320404577
-0.194435018520609
-0.084223102109977
0.065876055709817
0.124201321299536
0.048027479765875
-0.035423102157968
-0.056964388817441
0.000561433785863
-0.041354304102133
-0.211731804467574
-0.157928353981477
0.161643486837266
0.664096767101030
0.968800935370516
0.944721894586415
0.631394243440980
0.193476608487404
-0.146392210192996
-0.233784952799932
-0.084966122905861
0.061496425365095
0.096474894798522
-0.000938430991977
0.001361033955816
-0.183774671447829
-0.127202478458801
0.174303944603300
0.695754247605285
1.016672908508886
0.984046249476091
0.650469033579743
0.209111096385085
-0.111896721263579
-0.201290487512787
-0.071811721261117
0.072519755760023
0.116835853231028
0.021826203549749
-0.000938430991977
0.096474894798522
0.061496425365095
-0.084966122905861
-0.233784952799932
-0.146392210192996
0.193476608487404
0.631394243440980
0.944721894586415
0.968800935370516
0.664096767101030
0.161643486837266
-0.157928353981477
-0.211731804467574
-0.041354304102133
0.021826203549749
0.116835853231028
0.072519755760023
-0.071811721261117
-0.201290487512787
-0.111896721263579
0.209111096385085
0.650469033579743
0.984046249476091
1.016672908508886
0.695754247605285
0.174303944603300
-0.127202478458801
-0.183774671447829
0.001361033955816
-0.014805955170199
-0.070442353500815
-0.042798963401805
0.038590814237686
0.103446050676456
0.051467183842404
-0.091782852664392
-0.219073553781128
-0.173339542127284
0.122430127795900
0.590820487980581
0.957266840534986
0.951511935442740
0.624967870121980
-0.002108360228598
0.000561433785863
-0.056964388817441
-0.035423102157968
0.048027479765875
0.124201321299536
0.065876055709817
-0.084223102109977
-0.194435018520609
-0.137807320404577
0.148606656469052
0.606904453467193
1.004954831439039
0.996534238961759
0.671146359441813
0.048685558479725
-0.000150598109835
0.021036322075917
0.013006458210630
-0.017502334977376
-0.044158757945945
-0.022598702921332
0.028369649103264
0.062473196397245
0.041195003002203
-0.039536048205304
-0.142622958661831
-0.117212319329500
0.111772820844293
0.471446762360968
0.975573381623337
0.005891900316207
0.026338619098011
0.015984216065203
-0.013576748031619
-0.036366107885213
-0.017447598898379
0.031963418431926
0.071191267728004
0.051866210736188
-0.035825017929990
-0.122307028701059
-0.083911753019661
0.136607521675273
0.498172966246970
1.001149871396810
