5
-1.000000000000000
-0.654653670707977
0.000000000000000
0.654653670707977
1.000000000000000
10
-1.000000000000000
-0.960289856497536
-0.796666477413627
-0.525532409916329
-0.183434642495650
0.183434642495650
0.525532409916329
0.796666477413627
0.960289856497536
1.000000000000000
0.999947001923556
0.793744506693628
0.187673816794834
-0.171671880516630
-0.086791692121034
0.051758844840888
0.033196011257500
-0.036628574451298
-0.027608510005543
-0.000052998076445
1.000972750753031
0.813637998819873
0.258133564491440
-0.105930971033795
-0.073998469449609
0.078712359019158
0.045369883424580
-0.028373483300697
-0.015580521381867
0.000972750753030
-0.001640474778610
0.245456593596802
0.862383724188102
0.914928578846631
0.259532633827741
-0.264969127188496
-0.124962937261753
0.083121690358951
0.045241781131947
-0.001640474778608
0.000199173584309
0.278844687682949
0.998121871307267
1.002104811658513
0.303359334733255
-0.170538209121973
-0.100083466379296
0.110675681535985
0.073179385803510
0.000199173584312
-0.000293841977938
-0.115850951441087
-0.261812196243174
0.235971606269860
0.890479920310842
0.890479920310843
0.235971606367289
-0.261812196382051
-0.115850951371952
-0.000293841977941
0.000874872257661
-0.089216505366216
-0.175687756823129
0.258241817216611
1.000871532249981
1.000871532249990
0.258241817216611
-0.175687756823130
-0.089216505366218
0.000874872257658
-0.001640474778608
0.045241781131947
0.083121690358951
-0.124962937261753
-0.264969127188496
0.259532633827741
0.914928578846631
0.862383724188102
0.245456593596802
-0.001640474778610
0.000199173584312
0.073179385803510
0.110675681535985
-0.100083466379296
-0.170538209121973
0.303359334733255
1.002104811658513
0.998121871307267
0.278844687682949
0.000199173584309
-0.000052998076445
-0.027608510005543
-0.036628574451298
0.033196011257500
0.051758844840888
-0.086791692121034
-0.171671880516630
0.187673816794834
0.793744506693628
0.999947001923556
0.000972750753030
-0.015580521381867
-0.028373483300697
0.045369883424580
0.078712359019158
-0.073998469449609
-0.105930971033795
0.258133564491440
0.813637998819873
1.000972750753031
