4
-1.000000000000000
-0.447213595499958
0.447213595499958
1.000000000000000
7
-1.000000000000000
-0.726758895658275
-0.400503499090865
0.000000000000000
0.400503499090865
0.726758895658275
1.000000000000000
0.956298153537643
0.313757017541657
-0.084739897728037
-0.155788518367577
-0.014987692067895
0.056043908556010
-0.000180608698611
1.000572555055642
0.354179206967035
-0.034548632441033
-0.124588480143969
-0.009844562566762
0.076290390399286
0.018182830522863
-0.001074524845033
0.774105428409126
0.994383727254767
0.624032569656565
0.021213079008792
-0.246089399660601
-0.052762896113706
0.082733820477691
0.851161136069828
1.078548732940416
0.661294591464702
0.055154105146243
-0.184328543932172
0.000662226649700
-0.052762896113706
-0.246089399660601
0.021213079008792
0.624032569656565
0.994383727254767
0.774105428409126
-0.001074524845033
0.000662226649700
-0.184328543932172
0.055154105146243
0.661294591464702
1.078548732940416
0.851161136069828
0.082733820477691
-0.000180608698611
0.056043908556010
-0.014987692067895
-0.155788518367577
-0.084739897728037
0.313757017541657
0.956298153537643
0.018182830522863
0.076290390399286
-0.009844562566762
-0.124588480143969
-0.034548632441033
0.354179206967035
1.000572555055642
