3
-1.000000000000000
0.000000000000000
1.000000000000000
9
-1.000000000000000
-0.949107912342758
-0.741531185599394
-0.405845151377397
0.000000000000000
0.405845151377397
0.741531185599394
0.949107912342758
1.000000000000000
0.999998498998410
0.922808924393757
0.635608446280015
0.266529861583921
-0.022518011518960
-0.139315289793528
-0.105922739319888
-0.026298987948522
-0.000001501001591
1.000212800505061
0.925139200245610
0.645881916644031
0.285392610452738
0.000001000000000
-0.120452540924324
-0.095649268042120
-0.023969608679525
0.000266092479028
-0.000406811216622
0.098830212571670
0.449768352430473
0.835060930471248
0.999999000000000
0.835060930471248
0.449768352720849
0.098830212571669
-0.000406811216622
0.000002002001254
0.103489063451701
0.470313293255800
0.872784427910308
1.045035023365881
0.872784427910308
0.470313293255800
0.103489063453021
0.000002002001255
-0.000001501001591
-0.026298987948522
-0.105922739319888
-0.139315289793528
-0.022518011518960
0.266529861583921
0.635608446280015
0.922808924393757
0.999998498998410
0.000266092479028
-0.023969608679525
-0.095649268042120
-0.120452540924324
0.000001000000000
0.285392610452738
0.645881916644031
0.925139200245610
1.000212800505061
