-34.379300 656009.400000 -8.651547 -59252.940700
-34.367130 653170.383000 -8.741087 -58883.731000
-34.354856 650347.041000 -8.799717 -58556.845500
-34.342507 647538.621000 -8.842889 -58270.837100
-34.330099 644744.012000 -8.879110 -57978.817200
-34.317639 641962.889000 -8.910596 -57715.408300
-34.305133 639193.691000 -8.937983 -57480.715800
-34.292587 636435.260000 -8.961955 -57264.591200
-34.280004 633687.115000 -8.983748 -57052.226400
-34.267387 630949.051000 -9.003862 -56846.161700
-34.254738 628220.688000 -9.022613 -56648.664200
-34.242060 625501.649000 -9.040077 -56457.932200
-34.229352 622791.634000 -9.056298 -56273.184200
-34.216618 620090.386000 -9.071572 -56093.008700
-34.203859 617397.705000 -9.086025 -55916.812000
-34.191075 614713.408000 -9.099753 -55744.079500
-34.178267 612037.343000 -9.112836 -55574.385300
-34.165436 609369.364000 -9.125310 -55407.677000
-34.152584 606709.333000 -9.137282 -55243.792200
-34.139710 604057.113000 -9.148763 -55082.709900
-34.126815 601412.582000 -9.159801 -54923.812700
-34.113900 598775.647000 -9.170428 -54766.729900
-34.100966 596146.221000 -9.180653 -54611.443000
-34.088012 593524.221000 -9.190554 -54457.799900
-34.075040 590909.570000 -9.200150 -54305.767300
-34.062050 588302.190000 -9.209458 -54155.315000
-34.049042 585702.008000 -9.218570 -54006.295000
-34.036015 583108.958000 -9.227495 -53858.687700
-34.022972 580522.971000 -9.236206 -53712.440200
-34.009911 577943.989000 -9.244531 -53567.259300
-33.996834 575371.963000 -9.252446 -53423.100300
-33.983741 572806.844000 -9.259978 -53279.921500
-33.970632 570248.595000 -9.267491 -53137.179200
-33.957508 567697.204000 -9.275095 -52994.705200
-33.944367 565152.656000 -9.282791 -52852.499700
-33.931211 562614.924000 -9.290471 -52711.510300
-33.918039 560083.917000 -9.298026 -52572.710700
-33.904851 557559.532000 -9.305457 -52436.100700
-33.891647 555041.665000 -9.312653 -52301.255300
-33.878429 552530.293000 -9.318983 -52165.720100
-33.865197 550025.462000 -9.324347 -52029.101500
-33.851953 547527.227000 -9.328745 -51891.399500
-33.838698 545035.628000 -9.332981 -51753.288500
-33.825431 542550.655000 -9.338279 -51615.799100
-33.812151 540072.277000 -9.344650 -51478.942500
-33.798855 537600.464000 -9.352094 -51342.735800
-33.785543 535135.162000 -9.360664 -51208.440800
-33.772213 532676.252000 -9.370395 -51076.838100
-33.758862 530223.604000 -9.381283 -50947.927800
-33.745490 527777.091000 -9.393095 -50821.548300
-33.732098 525336.663000 -9.400501 -50693.985600
-33.718696 522902.435000 -9.401285 -50563.689100
-33.705291 520474.537000 -9.395457 -50430.658800
-33.691894 518053.101000 -9.382784 -50294.816300
-33.678518 515638.300000 -9.357349 -50154.250300
-33.665184 513230.391000 -9.316635 -50008.142400
-33.651914 510829.639000 -9.260667 -49856.492500
-33.638729 508436.313000 -9.189509 -49699.344800
-33.625650 506050.601000 -9.107078 -49540.835500
-33.612690 503672.478000 -9.015945 -49383.675500
-33.599861 501301.878000 -8.916120 -49227.865000
-33.587177 498938.737000 -8.807616 -49073.403700
-33.574648 496582.955000 -8.693833 -48922.836300
-33.562278 494234.224000 -8.580076 -48780.144900
-33.550065 491892.162000 -8.466407 -48645.377000
-33.538012 489556.390000 -8.352825 -48518.532500
-33.526116 487226.532000 -8.239781 -48398.919500
-33.514377 484902.327000 -8.129574 -48283.032800
-33.502789 482583.616000 -8.022518 -48170.384400
-33.491349 480270.243000 -7.918608 -48060.974200
-33.480052 477962.053000 -7.817821 -47954.801500
-33.468895 475658.891000 -7.718408 -47851.794800
-33.457876 473360.606000 -7.619217 -47751.907100
-33.446997 471067.050000 -7.520245 -47655.138200
-33.436256 468778.070000 -7.421493 -47561.488300
-33.425653 466493.520000 -7.323052 -47470.859400
-33.415189 464213.263000 -7.225330 -47382.832400
-33.404861 461937.178000 -7.128369 -47297.359300
-33.394669 459665.140000 -7.032168 -47214.440200
-33.384611 457397.028000 -6.936725 -47134.075100
-33.374688 455132.721000 -6.842156 -47056.063100
-33.364897 452872.114000 -6.748583 -46980.189800
-33.355238 450615.103000 -6.656006 -46906.455100
-33.345708 448361.587000 -6.564421 -46834.859100
-33.336307 446111.461000 -6.473824 -46765.363700
-33.327034 443864.637000 -6.384164 -46697.380100
-33.317887 441621.051000 -6.295423 -46630.707300
-33.308864 439380.639000 -6.207600 -46565.345200
-33.299965 437143.338000 -6.120692 -46501.293800
-33.291189 434909.085000 -6.034676 -46438.548200
-33.282534 432677.818000 -5.949451 -46377.084300
-33.274000 430449.475000 -5.865002 -46316.898900
-33.265585 428223.995000 -5.781326 -46257.992000
-33.257288 426001.317000 -5.698422 -46200.363600
-33.249108 423781.380000 -5.616327 -46143.908100
-33.241044 421564.135000 -5.535134 -46088.362600
-33.233096 419349.540000 -5.454846 -46033.714500
-33.225260 417137.550000 -5.375462 -45979.963900
-33.217538 414928.123000 -5.296980 -45927.110800
-33.209926 412721.217000 -5.219369 -45875.059900
-33.202425 410516.798000 -5.142581 -45823.662600
-33.195032 408314.834000 -5.066613 -45772.917200
-33.187747 406115.294000 -4.991465 -45722.823600
-33.180569 403918.147000 -4.917135 -45673.381900
-33.173497 401723.363000 -4.843612 -45624.525800
-33.166529 399530.915000 -4.770881 -45576.180900
-33.159664 397340.780000 -4.698942 -45528.347300
-33.152902 395152.932000 -4.627793 -45481.025000
-33.146241 392967.347000 -4.557434 -45434.213900
-33.139680 390784.002000 -4.487870 -45387.826500
-33.133219 388602.879000 -4.419107 -45341.783100
-33.126855 386423.961000 -4.351144 -45296.083600
-33.120588 384247.232000 -4.283980 -45250.728100
-33.114417 382072.676000 -4.217614 -45205.716400
-33.108340 379900.276000 -4.152017 -45160.982200
-33.102357 377730.022000 -4.087166 -45116.469900
-33.096467 375561.903000 -4.023060 -45072.179400
-33.090668 373395.908000 -3.959698 -45028.110800
-33.084960 371232.027000 -3.897078 -44984.263900
-33.079341 369070.249000 -3.835197 -44940.589600
-33.073811 366910.568000 -3.774051 -44897.046400
-33.068368 364752.977000 -3.713638 -44853.634200
-33.063012 362597.470000 -3.653957 -44810.353200
-33.057741 360444.042000 -3.595009 -44767.203100
-33.052554 358292.685000 -3.536775 -44724.143900
-33.047451 356143.397000 -3.479243 -44681.138900
-33.042430 353996.176000 -3.422410 -44638.188200
-33.037491 351851.018000 -3.366277 -44595.291800
-33.032632 349707.922000 -3.310842 -44552.449600
-33.027853 347566.884000 -3.256093 -44509.634000
-33.023152 345427.905000 -3.202016 -44466.817300
-33.018528 343290.985000 -3.148611 -44423.999300
-33.013982 341156.123000 -3.095878 -44381.180200
-33.009511 339023.320000 -3.043815 -44338.359900
-33.005115 336892.577000 -2.992410 -44295.523100
-33.000792 334763.893000 -2.941650 -44252.652700
-32.996543 332637.272000 -2.891535 -44209.748900
-32.992365 330512.714000 -2.842063 -44166.811500
-32.988259 328390.221000 -2.793235 -44123.840600
-32.984223 326269.796000 -2.745037 -44080.827500
-32.980256 324151.439000 -2.697454 -44037.762300
-32.976358 322035.155000 -2.650487 -43994.644800
-32.972527 319920.945000 -2.604133 -43951.475100
-32.968763 317808.811000 -2.558394 -43908.253200
-32.965065 315698.757000 -2.513257 -43864.981900
-32.961431 313590.785000 -2.468707 -43821.665000
-32.957862 311484.896000 -2.424746 -43778.302400
-32.954357 309381.094000 -2.381371 -43734.894100
-32.950913 307279.379000 -2.338583 -43691.440100
-32.947532 305179.755000 -2.296368 -43647.953000
-32.944211 303082.221000 -2.254713 -43604.446400
-32.940950 300986.781000 -2.213618 -43560.920500
-32.937749 298893.433000 -2.173081 -43517.375200
-32.934606 296802.179000 -2.133102 -43473.810400
-32.931520 294713.020000 -2.093668 -43430.252600
-32.928492 292625.955000 -2.054767 -43386.725200
-32.925520 290540.982000 -2.016399 -43343.228100
-32.922603 288458.099000 -1.978563 -43299.761400
-32.919741 286377.305000 -1.941258 -43256.325700
-32.916932 284298.598000 -1.904469 -43212.971400
-32.914177 282221.973000 -1.868186 -43169.730800
-32.911474 280147.424000 -1.832409 -43126.604100
-32.908823 278074.946000 -1.797138 -43083.591000
-32.906223 276004.533000 -1.762370 -43040.696100
-32.903673 273936.178000 -1.728090 -42998.012300
-32.901172 271869.869000 -1.694289 -42955.576700
-32.898721 269805.595000 -1.660967 -42913.389400
-32.896317 267743.342000 -1.628124 -42871.450300
-32.893961 265683.101000 -1.595757 -42829.780300
-32.891652 263624.853000 -1.563847 -42788.535200
-32.889389 261568.577000 -1.532391 -42747.746900
-32.887172 259514.251000 -1.501388 -42707.415600
-32.884999 257461.853000 -1.470838 -42667.541200
-32.882870 255411.360000 -1.440735 -42628.186200
-32.880786 253362.744000 -1.411061 -42589.533200
-32.878743 251315.968000 -1.381814 -42551.594100
-32.876744 249271.000000 -1.352994 -42514.368800
-32.874786 247227.804000 -1.324602 -42477.857500
-32.872869 245186.344000 -1.296625 -42442.163900
-32.870993 243146.579000 -1.269054 -42407.385500
-32.869157 241108.464000 -1.241887 -42373.522300
-32.867360 239071.955000 -1.215125 -42340.574200
-32.865601 237037.008000 -1.188766 -42308.547700
-32.863881 235003.578000 -1.162796 -42277.499000
-32.862199 232971.616000 -1.137212 -42247.441200
-32.860553 230941.076000 -1.112014 -42218.374400
-32.858945 228911.910000 -1.087201 -42190.298600
-32.857372 226884.069000 -1.062767 -42163.262000
-32.855834 224857.501000 -1.038702 -42137.338000
-32.854332 222832.153000 -1.015007 -42112.527200
-32.852863 220807.971000 -0.991681 -42088.829600
-32.851429 218784.901000 -0.968721 -42066.301300
-32.850028 216762.878000 -0.946110 -42045.344300
-32.848659 214741.822000 -0.923844 -42026.038200
-32.847323 212721.656000 -0.901923 -42008.382900
-32.846018 210702.298000 -0.880348 -41992.387100
-32.844746 208683.657000 -0.859097 -41978.784400
-32.843503 206665.601000 -0.838159 -41968.043500
-32.842291 204647.992000 -0.817535 -41960.164500
-32.841109 202630.693000 -0.797222 -41955.147200
-32.839957 200613.557000 -0.777205 -41953.712900
-32.838833 198596.377000 -0.757455 -41956.962000
-32.837739 196578.929000 -0.737972 -41964.906100
-32.836672 194560.985000 -0.718757 -41977.545300
-32.835634 192542.314000 -0.699796 -41995.461500
-32.834623 190522.623000 -0.681060 -42020.013800
-32.833639 188501.590000 -0.662548 -42051.258000
-32.832682 186478.895000 -0.644261 -42089.194100
-32.831752 184454.209000 -0.626189 -42134.236400
-32.830848 182427.164000 -0.608315 -42187.377600
-32.829970 180397.369000 -0.590636 -42248.660800
-32.829118 178364.431000 -0.573153 -42318.086000
-32.828291 176327.956000 -0.555864 -42395.921500
-32.827490 174287.526000 -0.538764 -42482.600900
-32.826713 172242.716000 -0.521855 -42578.130100
-32.825961 170193.100000 -0.505135 -42682.515100
-32.825233 168138.242000 -0.488604 -42796.321100
-32.824530 166077.677000 -0.472262 -42919.917800
-32.823850 164010.935000 -0.456109 -43053.305000
-32.823193 161937.541000 -0.440142 -43196.768900
-32.822560 159856.970000 -0.424342 -43352.093700
-32.821950 157768.638000 -0.408707 -43519.588500
-32.821363 155671.961000 -0.393236 -43699.253200
-32.820798 153566.318000 -0.377916 -43893.225800
-32.820256 151450.955000 -0.362735 -44103.587400
-32.819735 149325.084000 -0.347694 -44330.338200
-32.819237 147187.902000 -0.332771 -44574.859300
-32.818760 145038.435000 -0.317900 -44841.619000
-32.818305 142875.600000 -0.303077 -45130.958100
-32.817872 140698.302000 -0.288288 -45443.951300
-32.817461 138505.239000 -0.273463 -45787.606400
-32.817071 136294.885000 -0.258586 -46163.190300
-32.816703 134065.699000 -0.243637 -46571.695200
-32.816357 131815.924000 -0.228448 -47020.581200
-32.816034 129543.560000 -0.212986 -47511.381700
-32.815733 127246.514000 -0.196967 -48052.375800
-32.815457 124921.424000 -0.179105 -48681.272800
-32.815209 122563.872000 -0.159239 -49402.712200
-32.814993 120168.196000 -0.134870 -50304.519000
-32.814818 117721.357000 -0.101831 -51532.979700
-32.814699 115207.273000 -0.058906 -53143.865700
-32.814659 112591.727000 0.010026 -55885.131500
-32.814743 109811.425000 0.110153 -59997.333000
-32.815012 106786.800000 0.273743 -66376.114100
-32.815596 103375.041000 0.539787 -76103.417600
-32.816648 99375.341400 0.919490 -92451.133300
-32.818359 94250.044500 1.439329 -123205.997000
-32.820916 87356.894700 2.049843 -163228.763000
-32.824345 78632.593000 2.624449 -198837.085000
-32.828551 68441.473100 3.083954 -220930.282000
-32.833272 57791.664100 3.325912 -218511.189000
-32.838184 47539.230800 3.347541 -207592.727000
-32.842961 37794.886300 3.134702 -199908.861000
-32.847249 28119.604200 2.717283 -202247.681000
-32.850990 18580.041200 2.478017 -190667.500000
-32.854926 10279.635500 3.023546 -150788.504000
-32.860000 4197.455650 3.790684 -104830.730000
