5
-1.000000000000000
-0.654653670707977
0.000000000000000
0.654653670707977
1.000000000000000
8
-1.000000000000000
-0.804963058109524
-0.566651755269391
-0.177844805795147
0.177844805795147
0.566651755269391
0.804963058109524
1.000000000000000
0.922581784099553
0.235131979752467
-0.154202506860413
-0.105477092560766
0.050783456875760
0.022926369522096
-0.040337177641697
-0.019686919517197
1.000970195603803
0.278919459342694
-0.083282797022337
-0.071793977153028
0.077247425135471
0.043285508108793
-0.029386823306358
0.000970195603803
-0.001768127289269
0.844470149389425
0.958482877470003
0.259857373672625
-0.269091563949819
-0.106970075910760
0.085793600206615
-0.001768127289273
0.125622372590228
0.940227186287468
1.049517919798012
0.297561824859822
-0.167652344337028
-0.068609771175259
0.119570224608867
0.051068438684872
-0.070572787657242
-0.266645556720405
0.154837621526636
0.896903968783329
0.896903968783330
0.154837621550977
-0.266645556765948
-0.070572787619726
0.001137772107031
-0.180212332935673
0.173801745947609
1.001134432099356
1.001134432099365
0.173801745947606
-0.180212332935671
0.001137772107035
-0.001768127289272
0.085793600205787
-0.106970075741272
-0.269091564174334
0.259857373816314
0.958482877469601
0.844470149389424
-0.001768127289273
0.051068438685119
0.119570224609117
-0.068609771175011
-0.167652344337027
0.297561824991666
1.049517919620693
0.940227186448567
0.125622372420874
-0.019686919473390
-0.040337177678413
0.022926369522237
0.050783456875759
-0.105477092560766
-0.154202506860413
0.235131979752468
0.922581784099554
0.000970195603803
-0.029386823306358
0.043285508143135
0.077247425101437
-0.071793977152964
-0.083282797022337
0.278919459342694
1.000970195603803
